-2.17152707876419,-2.17138816536132,-2.17124668148049,-2.17110265916946,-2.17095613235144,-2.17080713679982,-2.17065571011086,-2.17050189167418,-2.17034572264105,-2.17018724589055,-2.17002650599367,-2.1698635491753,-2.16969842327417,-2.16953117770093,-2.16936186339414,-2.16919053277448,-2.16901723969684,-2.16884203940062,-2.16866498845837,-2.16848614472268,-2.16830556727127,-2.16812331635061,-2.16793945331791,-2.16775404058185,-2.16756714154198,-2.16737882052697,-2.16718914273148,-2.16699817415197,-2.16680598152144,-2.16661263224331,-2.16641819432441,-2.16622273630752,-2.16602632720323,-2.16582903642113,-2.16563093370021,-2.165432089039,-2.16523257262537,-2.16503245476617,-2.16483180581658,-2.1646306961094,-2.1644291958844,-2.16422737521778,-2.16402530395184,-2.16382305162502,-2.1636206874023,-2.16341828000611,-2.1632158976475,-2.16301360795788,-2.16281147792138,-2.162609573808,-2.16240796110739,-2.16220670446368,-2.16200586761109,-2.16180551331076,-2.16160570328848,-2.16140649817347,-2.16120795743841,-2.16101013934051,-2.16081310086363,-2.16061689766176,-2.16042158400386,-2.16022721272056,-2.16003383515256,-2.15984150110069,-2.15965025877781,-2.1594601547627,-2.15927123395596,-2.15908353953814,-2.15889711292996,-2.15871199375447,-2.15852821980116,-2.15834582699196,-2.15816484934914,-2.15798531896518,-2.15780726597452,-2.1576307185275,-2.15745570276644,-2.15728224280394,-2.15711036070335,-2.15694007646158,-2.15677140799395,-2.15660437112119,-2.15643897955845,-2.15627524490671,-2.15611317664652,-2.15595278213396,-2.15579406659895,-2.15563703314607,-2.15548168275772,-2.15532801429939,-2.15517602452709,-2.15502570809677,-2.15487705757611,-2.15473006345841,-2.15458471417866,-2.15444099613176,-2.15429889369296,-2.15415838924036,-2.15401946317931,-2.15388209396874,-2.15374625814944,-2.15361193037432,-2.15347908344069,-2.15334768832439,-2.15321771421539,-2.1530891285553,-2.15296189707639,-2.15283598384239,-2.15271135129069,-2.15258796027608,-2.15246577011602,-2.15234473863745,-2.152224822225,-2.15210597587041,-2.15198815322312,-2.1518713066423,-2.15175538724974,-2.15164034498414,-2.15152612865638,-2.15141268600582,-2.1512999637576,-2.15118790768078,-2.15107646264743,-2.15096557269258,-2.15085518107481,-2.15074523033741,-2.15063566237013,-2.15052641847132,-2.15041743941032,-2.15030866549012,-2.15020003661011,-2.15009149232924,-2.14998297192928,-2.14987441447827,-2.14976575889402,-2.14965694400755,-2.14954790862648,-2.14943859159834,-2.14932893187342,-2.14921886856749,-2.14910834102418,-2.14899728887723,-2.14888565211222,-2.14877337112795,-2.1486603867972,-2.14854664052684,-2.14843207431731,-2.14831663082144,-2.14820025340246,-2.14808288619116,-2.14796447414234,-2.14784496309026,-2.14772429980311,-2.14760243203647,-2.14747930858586,-2.14735487933814,-2.14722909532172,-2.14710190875562,-2.14697327309715,-2.14684314308843,-2.14671147480161,-2.1465782256828,-2.14644335459453,-2.14630682185696,-2.14616858928784,-2.14602862024095,-2.14588687964304,-2.14574333402908,-2.14559795157593,-2.14545070213439,-2.14530155725981,-2.14515049024111,-2.14499747612804,-2.14484249175677,-2.14468551577364,-2.14452652865734,-2.1443655127394,-2.14420245222319,-2.14403733320131,-2.14387014367129,-2.14370087354945,-2.14352951468305,-2.14335606086044,-2.1431805078196,-2.14300285325473,-2.14282309682094,-2.14264124013717,-2.14245728678739,-2.14227124232036,-2.14208311424754,-2.14189291203931,-2.14170064711946,-2.14150633285806,-2.14130998456282,-2.14111161946889,-2.14091125672704,-2.14070891739017,-2.14050462439795,-2.14029840256003,-2.14009027853769,-2.13988028082388,-2.13966843972165,-2.13945478732105,-2.13923935747459,-2.13902218577129,-2.13880330950929,-2.13858276766688,-2.13836060087215,-2.13813685137147,-2.13791156299682,-2.13768478113188,-2.13745655267695,-2.13722692601256,-2.13699595096201,-2.13676367875277,-2.13653016197681,-2.13629545454999,-2.13605961167049,-2.13582268977612,-2.13558474650062,-2.13534584062893,-2.13510603205161,-2.13486538171828,-2.13462395159037,-2.13438180459305,-2.13413900456638,-2.13389561621564,-2.13365170506106,-2.13340733738676,-2.13316258018921,-2.13291750112514,-2.13267216845913,-2.13242665101078,-2.13218101810154,-2.13193533950112,-2.13168968537358,-2.13144412622299,-2.13119873283878,-2.13095357624087,-2.13070872762476,-2.13046425830653,-2.13022023966808,-2.1299767431024,-2.12973383995919,-2.12949160149085,-2.12925009879859,-2.12900940277902,-2.12876958407099,-2.12853071300273,-2.12829285953924,-2.12805609323008,-2.12782048315763,-2.1275860978858,-2.12735300540906,-2.12712127310209,-2.12689096766998,-2.12666215509923,-2.12643490060951,-2.12620926860627,-2.12598532263408,-2.12576312533091,-2.12554273838326,-2.12532422248221,-2.12510763728053,-2.1248930413511,-2.12468049214631,-2.1244700459587,-2.12426175788274,-2.12405568177778,-2.12385187023202,-2.12365037452751,-2.12345124460616,-2.12325452903683,-2.12306027498348,-2.12286852817461,-2.12267933287411,-2.12249273185329,-2.1223087663643,-2.12212747611501,-2.12194889924536,-2.12177307230518,-2.12160003023355,-2.12142980633952,-2.12126243228438,-2.12109793806545,-2.12093635200141,-2.12077770071926,-2.12062200914272,-2.12046930048221,-2.12031959622594,-2.12017291613249,-2.12002927822463,-2.11988869878457,-2.11975119235057,-2.11961677171492,-2.11948544792334,-2.11935723027583,-2.11923212632882,-2.11911014189874,-2.11899128106695,-2.11887554618618,-2.11876293788846,-2.1186534550944,-2.11854709502398,-2.11844385320885,-2.11834372350625,-2.11824669811426,-2.11815276758835,-2.11806192085912,-2.11797414525139,-2.11788942650449,-2.1178077487937,-2.11772909475298,-2.11765344549879,-2.11758078065533,-2.11751107838064,-2.11744431539396,-2.11738046700425,-2.11731950713962,-2.11726140837774,-2.11720614197704,-2.11715367790881,-2.11710398489014,-2.11705703041773,-2.11701278080239,-2.11697120120442,-2.11693225566965,-2.11689590716609,-2.11686211762128,-2.11683084796023,-2.11680205814385,-2.11677570720804,-2.11675175330314,-2.11673015373386,-2.11671086499963,-2.11669384283531,-2.11667904225218,-2.11666641757887,-2.11665592250238,-2.11664751010906,-2.11664113292589,-2.11663674296188,-2.11663429174955,-2.11663373038641,-2.11663500957636,-2.11663807967099,-2.11664289071099,-2.11664939246736,-2.11665753448249,-2.11666726611112,-2.11667853656121,-2.11669129493443,-2.1167054902662,-2.11672107156542,-2.11673798785369,-2.1167561882042,-2.11677562178016,-2.11679623787268,-2.11681798593821,-2.11684081563526,-2.11686467686068,-2.11688951978522,-2.11691529488865,-2.11694195299411,-2.1169694453018,-2.11699772342195,-2.11702673940712,-2.1170564457837,-2.11708679558241,-2.11711774236799,-2.11714924026791,-2.11718124400036,-2.11721370890121,-2.1172465909503,-2.1172798467969,-2.11731343378432,-2.11734730997344,-2.11738143416521,-2.11741576592208,-2.11745026558843,-2.11748489431007,-2.1175196140528,-2.11755438761979,-2.11758917866791,-2.11762395172275,-2.11765867219278,-2.11769330638232,-2.11772782150347,-2.11776218568691,-2.11779636799156,-2.11783033841312,-2.11786406789182,-2.11789752831916,-2.11793069254384,-2.11796353437676,-2.11799602859511,-2.11802815094541,-2.11805987814572,-2.11809118788695,-2.11812205883327,-2.11815247062182,-2.1181824038614,-2.1182118401303,-2.11824076197319,-2.11826915289712,-2.11829699736666,-2.11832428079823,-2.1183509895537,-2.11837711093304,-2.11840263316618,-2.11842754540428,-2.11845183771012,-2.11847550104774,-2.11849852727151,-2.11852090911456,-2.11854264017664,-2.11856371491136,-2.11858412861289,-2.11860387740213,-2.11862295821234,-2.11864136877436,-2.11865910760137,-2.1186761739733,-2.11869256792061,-2.11870829020779,-2.11872334231639,-2.11873772642776,-2.11875144540581,-2.11876450277948,-2.11877690272507,-2.11878865004816,-2.11879975016518,-2.11881020908453,-2.11882003338751,-2.11882923020901,-2.11883780721807,-2.1188457725986,-2.11885313502996,-2.11885990366728,-2.11886608812145,-2.11887169843897,-2.1188767450815,-2.11888123890532,-2.11888519114078,-2.11888861337165,-2.11889151751438,-2.11889391579738,-2.11889582074052,-2.11889724513474,-2.11889820202207,-2.11889870467602,-2.11889876658233,-2.11889840142017,-2.11889762304354,-2.11889644546291,-2.11889488282722,-2.11889294940594,-2.1188906595715,-2.11888802778177,-2.1188850685629,-2.11888179649226,-2.11887822618161,-2.11887437226035,-2.11887024935932,-2.11886587209523,-2.11886125505537,-2.11885641278296,-2.11885135976293,-2.1188461104082,-2.11884067904648,-2.11883507990734,-2.11882932710976,-2.1188234346501,-2.11881741639019,-2.11881128604593,-2.11880505717625,-2.11879874317246,-2.11879235724817,-2.11878591242962,-2.11877942154652,-2.1187728972235,-2.11876635187192,-2.11875979768193,-2.11875324661516,-2.11874671039789,-2.11874020051462,-2.11873372820207,-2.11872730444346,-2.11872093996317,-2.11871464522188,-2.11870843041212,-2.11870230545422,-2.11869627999265,-2.11869036339293,-2.11868456473909,-2.11867889283151,-2.11867335618503,-2.11866796302741,-2.11866272129817,-2.11865763864798,-2.11865272243841,-2.11864797974199,-2.11864341734233,-2.11863904173432,-2.11863485912451,-2.11863087543217,-2.1186270962908,-2.11862352705019,-2.11862017277878,-2.11861703826622,-2.11861412802607,-2.11861144629865,-2.1186089970541,-2.11860678399578,-2.11860481056385,-2.11860307993931,-2.11860159504833,-2.11860035856662,-2.11859937292401,-2.11859864030911,-2.11859816267431,-2.11859794174084,-2.11859797900393,-2.11859827573799,-2.11859883300188,-2.11859965164412,-2.11860073230814,-2.11860207543765,-2.11860368128205,-2.11860554990189,-2.11860768117427,-2.11861007479833,-2.11861273030089,-2.11861564704207,-2.11861882422099,-2.11862226088125,-2.118625955916,-2.1186299080727,-2.11863411595764,-2.11863857804033,-2.1186432926574,-2.11864825801642,-2.11865347219952,-2.11865893316686,-2.11866463875995,-2.11867058670472,-2.11867677461447,-2.11868319999264,-2.11868986023541,-2.11869675263438,-2.11870387437916,-2.11871122256001,-2.11871879417045,-2.11872658610978,-2.11873459518547,-2.11874281811548,-2.1187512515305,-2.11875989197622,-2.11876873591533,-2.11877777972954,-2.11878701972168,-2.11879645211773,-2.11880607306885,-2.1188158786534,-2.11882586487909,-2.11883602768525,-2.11884636294533,-2.11885686646954,-2.11886753400762,-2.11887836125172,-2.11888934383927,-2.11890047735571,-2.11891175733718,-2.11892317927319,-2.11893473860931,-2.1189464307498,-2.11895825106027,-2.1189701948701,-2.11898225747484,-2.1189944341384,-2.11900672009517,-2.11901911055199,-2.11903160069024,-2.11904418566802,-2.11905686062209,-2.11906962066973,-2.11908246091041,-2.11909537642728,-2.11910836228857,-2.11912141354892,-2.11913452525063,-2.11914769242494,-2.11916091009335,-2.11917417326909,-2.1191874769588,-2.11920081616459,-2.11921418588605,-2.1192275811224,-2.11924099687462,-2.11925442814751,-2.11926786995189,-2.11928131730667,-2.11929476524079,-2.11930820879491,-2.11932164302317,-2.11933506299491,-2.11934846379651,-2.11936184053302,-2.11937518833001,-2.11938850233547,-2.11940177772168,-2.11941500968696,-2.11942819345759,-2.11944132428969,-2.11945439747137,-2.11946740832494,-2.11948035220914,-2.11949322452139,-2.11950602069994,-2.11951873622624,-2.11953136662735,-2.11954390747825,-2.11955635440406,-2.11956870308233,-2.1195809492453,-2.11959308868193,-2.11960511723992,-2.11961703082769,-2.11962882541653,-2.11964049704283,-2.11965204181026,-2.11966345589212,-2.11967473553355,-2.1196858770535,-2.11969687684688,-2.11970773138646,-2.11971843722505,-2.11972899099767,-2.11973938942384,-2.11974962930971,-2.11975970755012,-2.11976962113078,-2.11977936713019,-2.11978894272151,-2.11979834517426,-2.11980757185597,-2.11981662023385,-2.11982548787644,-2.11983417245533,-2.1198426717469,-2.11985098363388,-2.11985910610681,-2.11986703726523,-2.119874775319,-2.11988231858942,-2.11988966551021,-2.11989681462826,-2.11990376460419,-2.11991051421271,-2.11991706234266,-2.11992340799693,-2.11992955029222,-2.11993548845861,-2.11994122183909,-2.11994674988899,-2.11995207217525,-2.11995718837567,-2.119962098278,-2.11996680177921,-2.11997129888483,-2.11997558970861,-2.11997967447238,-2.11998355350603,-2.1199872272474,-2.1199906962422,-2.11999396114387,-2.11999702271351,-2.1199998818199,-2.12000253943948,-2.12000499665643,-2.12000725466268,-2.12000931475784,-2.12001117834911,-2.12001284695102,-2.12001432218523,-2.12001560578034,-2.12001669957184,-2.12001760550185,-2.12001832561874,-2.12001886207658,-2.12001921713436,-2.1200193931552,-2.12001939260554,-2.12001921805418,-2.1200188721715,-2.12001835772864,-2.12001767759684,-2.12001683474696,-2.12001583224935,-2.12001467327383,-2.12001336108974,-2.12001189906601,-2.12001029067118,-2.12000853947352,-2.12000664914108,-2.12000462344157,-2.1200024662423,-2.12000018151,-2.11999777331044,-2.11999524580809,-2.11999260326575,-2.11998985004391,-2.11998699059999,-2.11998402948753,-2.11998097135524,-2.1199778209459,-2.11997458309514,-2.11997126273044,-2.11996786487013,-2.11996439462235,-2.1199608571838,-2.11995725783847,-2.11995360195624,-2.11994989499167,-2.11994614248285,-2.11994235005003,-2.11993852339412,-2.11993466829482,-2.11993079060861,-2.11992689626667,-2.11992299127257,-2.11991908169991,-2.11991517368971,-2.11991127344773,-2.11990738724156,-2.11990352139783,-2.11989968229928,-2.11989587638161,-2.11989211013012,-2.11988839007625,-2.11988472279403,-2.11988111489625,-2.11987757303072,-2.11987410387648,-2.11987071414001,-2.11986741055128,-2.11986419985966,-2.11986108882981,-2.11985808423755,-2.11985519286559,-2.11985242149893,-2.11984977692041,-2.11984726590593,-2.11984489521995,-2.11984267161088,-2.11984060180655,-2.11983869250957,-2.11983695039274,-2.11983538209459,-2.11983399421486,-2.11983279331021,-2.11983178588977,-2.11983097841081,-2.11983037727429,-2.11982998882036,-2.11982981932388,-2.11982987499001,-2.11983016194982,-2.11983068625614,-2.1198314538797,-2.11983247070553,-2.11983374252944,-2.11983527505454,-2.11983707388766,-2.11983914453574,-2.11984149240222,-2.11984412278367,-2.11984704086656,-2.11985025172421,-2.11985376031389,-2.11985757147391,-2.11986168992079,-2.11986612024634,-2.1198708669147,-2.11987593425921,-2.11988132647917,-2.11988704763622,-2.11989310165063,-2.11989949229746,-2.1199062232027,-2.11991329783926,-2.11992071952303,-2.11992849140888,-2.11993661648677,-2.11994509757789,-2.11995393733101,-2.11996313821873,-2.11997270253363,-2.11998263238449,-2.11999292969264,-2.1200035961883,-2.12001463340703,-2.12002604268622,-2.12003782516178,-2.12004998176512,-2.12006251322023,-2.12007542004087,-2.12008870252792,-2.12010236076688,-2.12011639462583,-2.12013080375357,-2.12014558757795,-2.12016074530443,-2.1201762759149,-2.12019217816675,-2.12020845059244,-2.12022509149938,-2.12024209897016,-2.12025947086316,-2.12027720481355,-2.12029529823477,-2.12031374832046,-2.12033255204668,-2.12035170617448,-2.12037120725272,-2.12039105162099,-2.12041123541285,-2.12043175455922,-2.12045260479196,-2.12047378164745,-2.12049528047017,-2.12051709641625,-2.12053922445715,-2.12056165938329,-2.12058439580778,-2.12060742817011,-2.12063075073998,-2.12065435762111,-2.1206782427552,-2.12070239992619,-2.12072682276452,-2.1207515047516,-2.12077643922439,-2.12080161938011,-2.120827038281,-2.12085268885904,-2.12087856392094,-2.12090465615325,-2.12093095812744,-2.12095746230505,-2.12098416104295,-2.12101104659905,-2.12103811113804,-2.12106534673741,-2.12109274539358,-2.12112029902814,-2.12114799949428,-2.12117583858334,-2.12120380803156,-2.12123189952708,-2.12126010471687,-2.12128841521381,-2.12131682260373,-2.12134531845264,-2.12137389431389,-2.12140254173548,-2.12143125226707,-2.12146001746696,-2.1214888289091,-2.1215176781902,-2.12154655693708,-2.12157545681397,-2.12160436952953,-2.12163328684394,-2.12166220057597,-2.12169110261018,-2.12171998490408,-2.12174883949524,-2.12177765850851,-2.12180643416319,-2.12183515878006,-2.12186382478836,-2.12189242473264,-2.12192095127965,-2.12194939722514,-2.12197775550052,-2.12200601917959,-2.122034181485,-2.12206223579474,-2.12209017564846,-2.12211799475389,-2.12214568699293,-2.12217324642766,-2.12220066730615,-2.12222794406818,-2.12225507135061,-2.12228204399248,-2.12230885703983,-2.12233550575021,-2.12236198559703,-2.12238829227369,-2.12241442169728,-2.12244037001199,-2.1224661335921,-2.12249170904459,-2.12251709321156,-2.12254228317218,-2.12256727624436,-2.12259206998574,-2.12261666219451,-2.12264105090974,-2.1226652344115,-2.1226892112206,-2.12271298009819,-2.12273654004527,-2.12275989030222,-2.12278303034816,-2.1228059599003,-2.12282867891303,-2.12285118757698,-2.122873486318,-2.12289557579609,-2.12291745690399,-2.12293913076547,-2.12296059873345,-2.12298186238756,-2.12300292353128,-2.1230237841887,-2.12304444660102,-2.12306491322274,-2.12308518671748,-2.12310526995344,-2.12312516599862,-2.12314487811577,-2.1231644097571,-2.1231837645589,-2.12320294633576,-2.12322195907448,-2.12324080692768,-2.12325949420735,-2.12327802537816,-2.12329640505081,-2.12331463797516,-2.1233327290335,-2.12335068323368,-2.12336850570221,-2.12338620167707,-2.12340377650039,-2.12342123561098,-2.12343858453682,-2.12345582888753,-2.12347297434686,-2.1234900266652,-2.12350699165191,-2.1235238751677,-2.12354068311688,-2.12355742143972,-2.12357409610495,-2.12359071310212,-2.12360727843395,-2.12362379810854,-2.12364027813175,-2.12365672449975,-2.1236731431915,-2.12368954016102,-2.1237059213297,-2.12372229257887,-2.12373865974276,-2.12375502860173,-2.12377140487572,-2.12378779421795,-2.12380420220901,-2.12382063435103,-2.12383709606184,-2.12385359266904,-2.12387012940425,-2.12388671139738,-2.1239033436712,-2.12392003113596,-2.12393677858415,-2.12395359068553,-2.12397047198222,-2.12398742688371,-2.12400445966187,-2.12402157444592,-2.1240387752176,-2.12405606580641,-2.12407344988495,-2.12409093096444,-2.12410851239045,-2.12412619733889,-2.12414398881225,-2.12416188963602,-2.12417990245551,-2.12419802973304,-2.12421627374542,-2.12423463658177,-2.12425312014166,-2.12427172613343,-2.12429045607252,-2.12430931127989,-2.12432829288071,-2.12434740180334,-2.12436663877854,-2.12438600433867,-2.124405498817,-2.12442512234707,-2.12444487486211,-2.12446475609451,-2.12448476557539,-2.12450490263435,-2.12452516639937,-2.12454555579702,-2.12456606955287,-2.12458670619205,-2.12460746404015,-2.12462834122417,-2.12464933567364,-2.1246704451218,-2.12469166710681,-2.12471299897331,-2.12473443787408,-2.12475598077195,-2.12477762444184,-2.12479936547309,-2.12482120027185,-2.12484312506365,-2.12486513589635,-2.12488722864301,-2.12490939900505,-2.12493164251553,-2.12495395454249,-2.12497633029245,-2.12499876481385,-2.12502125300059,-2.12504378959537,-2.12506636919286,-2.12508898624258,-2.12511163505184,-2.12513430978865,-2.12515700448501,-2.12517971304039,-2.12520242922553,-2.1252251466864,-2.12524785894823,-2.1252705594195,-2.12529324139594,-2.1253158980648,-2.12533852250905,-2.12536110771157,-2.12538364655896,-2.12540613184525,-2.12542855627526,-2.12545091246796,-2.12547319295968,-2.12549539020731,-2.12551749659152,-2.12553950441992,-2.12556140593019,-2.12558319329345,-2.12560485861754,-2.12562639395032,-2.12564779128294,-2.12566904255304,-2.12569013964796,-2.12571107440791,-2.12573183862881,-2.12575242406481,-2.12577282243093,-2.12579302540555,-2.12581302463278,-2.1258328117247,-2.12585237826359,-2.12587171580415,-2.12589081587547,-2.12590966998305,-2.12592826961049,-2.12594660622114,-2.12596467125966,-2.12598245615357,-2.12599995231446,-2.12601715113935,-2.12603404401192,-2.12605062230388,-2.12606687737651,-2.12608280058213,-2.12609838326535,-2.1261136167646,-2.1261284924137,-2.12614300154383,-2.1261571354856,-2.12617088557141,-2.12618424313781,-2.12619719952794,-2.12620974609385,-2.12622187419876,-2.12623357521947,-2.12624484054886,-2.12625566159852,-2.12626602980109,-2.12627593661276,-2.12628537351559,-2.12629433201988,-2.12630280366664,-2.1263107800302,-2.12631825272128,-2.12632521339059,-2.12633165373293,-2.12633756549176,-2.1263429404641,-2.12634777050592,-2.12635204753779,-2.12635576355094,-2.12635891061351,-2.12636148087706,-2.12636346658316,-2.12636486007033,-2.12636565378123,-2.12636584027004,-2.12636541220994,-2.12636436240085,-2.12636268377743,-2.12636036941735,-2.1263574125499,-2.12635380656501,-2.12634954502267,-2.12634462166281,-2.12633903041552,-2.12633276541175,-2.12632582099438,-2.1263181917294,-2.12630987241745,-2.1263008581057,-2.12629114409989,-2.12628072597678,-2.12626959959688,-2.12625776111759,-2.12624520700678,-2.12623193405664,-2.12621793939779,-2.12620322051378,-2.12618777525595,-2.12617160185845,-2.12615469895365,-2.12613706558765,-2.12611870123633,-2.12609960582193,-2.12607977973012,-2.1260592238276,-2.12603793947987,-2.12601592856935,-2.12599319351367,-2.12596973728425,-2.12594556342494,-2.1259206760709,-2.12589507996727,-2.12586878048799,-2.12584178365449,-2.12581409615469,-2.12578572536223,-2.12575667935622,-2.1257269669415,-2.125696597669,-2.12566558185649,-2.12563393060952,-2.12560165584257,-2.12556877030024,-2.12553528757849,-2.12550122214588,-2.12546658936477,-2.12543140551243,-2.12539568780182,-2.12535945440213,-2.12532272445916,-2.12528551811596,-2.12524785653349,-2.12520976191124,-2.12517125750807,-2.12513236766303,-2.12509311781641,-2.12505353453077,-2.12501364551153,-2.12497347962762,-2.12493306693189,-2.12489243868134,-2.12485162735725,-2.12481066668506,-2.1247695916539,-2.12472843853606,-2.12468724490617,-2.12464604966026,-2.12460489303467,-2.12456381662469,-2.12452286340312,-2.12448207773841,-2.12444150541242,-2.12440119363779,-2.12436119107497,-2.12432154784892,-2.12428231556556,-2.12424354732756,-2.12420529774981,-2.12416762297427,-2.12413058068444,-2.12409423011918,-2.12405863208629,-2.12402384897556,-2.12398994477154,-2.12395698506581,-2.12392503706882,-2.12389416962103,-2.12386445320348,-2.12383595994771,-2.12380876364502,-2.12378293975507,-2.12375856541393,-2.12373571944127,-2.12371448234668,-2.12369493633521,-2.12367716531223,-2.12366125488765,-2.12364729237916,-2.12363536681462,-2.12362556893354,-2.12361799118769,-2.12361272774079,-2.12360987446717,-2.12360952894959,-2.12361179047597,-2.12361676003515,-2.12362454031162,-2.12363523567939,-2.12364895219475,-2.12366579758822,-2.12368588125549,-2.12370931424743,-2.12373620925887,-2.1237666806163,-2.12380084426429,-2.12383881775075,-2.12388072021136,-2.12392667235304,-2.12397679643652,-2.1240312162578,-2.12409005712848,-2.1241534458551,-2.12422151071737,-2.12429438144531,-2.12437218919545,-2.12445506652583,-2.12454314736986,-2.12463656700893,-2.12473546204408,-2.12483997036666,-2.12495023112791,-2.12506638470752,-2.12518857268098,-2.12531693778592,-2.12545162388742,-2.12559277594237,-2.12574053996268,-2.12589506297731,-2.12605649299326,-2.1262249789555,-2.12640067070601,-2.12658371894196,-2.12677427517311,-2.12697249167807,-2.12717852145954,-2.12739251819858,-2.12761463620799,-2.12784503038491,-2.12808385616244,-2.1283312694603,-2.12858742663423,-2.12885248442456,-2.1291265999041,-2.12940993042534,-2.1297026335671,-2.13000486708055,-2.13031678883482,-2.13063855676201,-2.13097032880153,-2.13131226284351,-2.13166451667141,-2.13202724790382,-2.13240061393585,-2.13278477187987,-2.13317987850591,-2.13358609018159,-2.13400356281145,-2.13443245177581,-2.13487291186934,-2.13532509723947,-2.1357891613248,-2.13626525679337,-2.13675353548061,-2.13725414832719,-2.13776724531657,-2.13829297541234,-2.1388314864953,-2.1393829253004,-2.13994743735362,-2.14052516690895,-2.14111625688534,-2.14172084880396,-2.14233908272576,-2.1429710971894,-2.14361702914943,-2.14427701391471,-2.14495118508691,-2.14563967449939,-2.14634261215626,-2.14706012617192,-2.14779234271079,-2.14853938592726,-2.14930137790588,-2.15007843860201,-2.15087068578307,-2.15167823497044,-2.15250119938191,-2.15333968987481,-2.15419381488991,-2.15506368039618,-2.15594938983647,-2.15685104407424,-2.15776874134132,-2.15870257718675,-2.15965264442679,-2.16061903309621,-2.16160183040082,-2.16260112067095,-2.16361698531631,-2.1646495027821,-2.16569874850628,-2.16676479487777,-2.16784771119568,-2.16894756362974,-2.17006441518199,-2.17119832564988,-2.17234935159083,-2.17351754628843,-2.1747029597202,-2.1759056385267,-2.1771256259821,-2.17836296196623,-2.17961768293786,-2.18088982190964,-2.18217940842464,-2.18348646853463,-2.18481102478003,-2.18615309617118,-2.18751269817162,-2.18888984268288,-2.19028453803091,-2.19169678895391,-2.1931265965917,-2.19457395847695,-2.19603886852804,-2.19752131704381,-2.19902129069998,-2.20053877254716,-2.2020737420107,-2.20362617489215,-2.20519604337232,-2.20678331601608,-2.2083879577786,-2.21000993001332,-2.21164919048167,-2.21330569336445,-2.21497938927486,-2.21667022527344,-2.21837814488469,-2.22010308811515,-2.22184499147315,-2.22360378799004,-2.22537940724291,-2.22717177537881,-2.22898081514027,-2.2308064458925,-2.23264858365212,-2.23450714111738,-2.23638202769976,-2.23827314955687,-2.24018040962688,-2.24210370766409,-2.24404294027555,-2.24599800095889,-2.24796878014117,-2.24995516521901,-2.2519570406001,-2.25397428774592,-2.25600678521573,-2.2580544087117,-2.26011703112524,-2.26219452258448,-2.26428675050263,-2.26639357962734,-2.26851487209094,-2.2706504874614,-2.27280028279405,-2.27496411268378,-2.27714182931779,-2.27933328252892,-2.28153831984968,-2.28375678656708,-2.28598852577807,-2.28823337844567,-2.29049118345532,-2.29276177767167,-2.29504499599591,-2.29734067142335,-2.29964863510132,-2.30196871638713,-2.30430074290647,-2.3066445406121,-2.30899993384302,-2.31136674538391,-2.31374479652483,-2.31613390712115,-2.31853389565384,-2.32094457929008,-2.323365773944,-2.32579729433728,-2.32823895405977,-2.33069056563031,-2.33315194055742,-2.33562288939995,-2.33810322182738,-2.34059274667999,-2.34309127202893,-2.34559860523611,-2.34811455301399,-2.35063892148494,-2.35317151624021,-2.35571214239846,-2.35826060466384,-2.36081670738362,-2.36338025460562,-2.36595105013555,-2.36852889759403,-2.3711136004736,-2.37370496219554,-2.37630278616643,-2.3789068758343,-2.38151703474453,-2.38413306659506,-2.38675477529126,-2.38938196500063,-2.39201444020704,-2.39465200576452,-2.39729446695061,-2.39994162951932,-2.40259329975359,-2.40524928451743,-2.40790939130759,-2.41057342830453,-2.41324120442272,-2.4159125293604,-2.41858721364868,-2.42126506870001,-2.4239459068559,-2.42662954143353,-2.4293157867714,-2.43200445827398,-2.43469537245549,-2.43738834698271,-2.44008320071704,-2.44277975375583,-2.44547782747272,-2.44817724455696,-2.45087782905185,-2.45357940639209,-2.45628180344014,-2.45898484852178,-2.46168837146097,-2.46439220361398,-2.46709617790235,-2.46980012884505,-2.47250389258947,-2.47520730694118,-2.47791021139268,-2.48061244715098,-2.48331385716418,-2.48601428614677,-2.48871358060377,-2.49141158885361,-2.49410816105005,-2.49680314920329,-2.49949640720015,-2.50218779082339,-2.50487715777016,-2.50756436766922,-2.51024928209709,-2.51293176459302,-2.51561168067288,-2.51828889784188,-2.52096328560618,-2.52363471548355,-2.52630306101324,-2.52896819776487,-2.53163000334627,-2.53428835741019,-2.53694314165977,-2.53959423985317,-2.54224153780693,-2.5448849233978,-2.5475242865635,-2.55015951930237,-2.55279051567197,-2.5554171717864,-2.55803938581246,-2.56065705796461,-2.56327009049882,-2.56587838770546,-2.56848185590139,-2.57108040342106,-2.57367394060657,-2.57626237979693,-2.57884563531622,-2.58142362346072,-2.5839962624851,-2.5865634725878,-2.58912517589551,-2.59168129644679,-2.59423176017463,-2.59677649488842,-2.59931543025515,-2.6018484977799,-2.60437563078544,-2.60689676439116,-2.6094118354912,-2.61192078273201,-2.61442354648922,-2.61692006884427,-2.61941029356078,-2.62189416606047,-2.62437163339853,-2.62684264423862,-2.62930714882745,-2.63176509896896,-2.63421644799827,-2.63666115075557,-2.63909916355964,-2.64153044418134,-2.64395495181672,-2.64637264705978,-2.64878349187499,-2.65118744956963,-2.65358448476608,-2.65597456337409,-2.65835765256327,-2.66073372073557,-2.66310273749765,-2.66546467363327,-2.66781950107589,-2.67016719288123,-2.67250772320027,-2.67484106725243,-2.67716720129924,-2.67948610261835,-2.68179774947778,-2.6841021211105,-2.68639919768937,-2.68868896030277,-2.69097139093075,-2.69324647242177,-2.69551418847012,-2.69777452359391,-2.70002746311374,-2.70227299313203,-2.70451110051293,-2.70674177286305,-2.70896499851315,-2.71118076650069,-2.71338906655291,-2.71558988907073,-2.71778322511359,-2.71996906638519,-2.72214740522002,-2.72431823457062,-2.72648154799591,-2.72863733965048,-2.73078560427503,-2.73292633718752,-2.73505953427537,-2.73718519198876,-2.73930330733507,-2.74141387787447,-2.74351690171652,-2.74561237751762,-2.74770030447948,-2.74978068234818,-2.7518535114141,-2.75391879251285,-2.75597652702721,-2.75802671688994,-2.76006936458748,-2.76210447316423,-2.76413204622752,-2.76615208795322,-2.7681646030919,-2.77016959697593,-2.77216707552718,-2.77415704526515,-2.77613951331555,-2.77811448741934,-2.78008197594231,-2.782041987885,-2.78399453289281,-2.78593962126635,-2.78787726397206,-2.78980747265293,-2.79173025963979,-2.79364563796268,-2.79555362136253,-2.79745422430312,-2.79934746198321,-2.80123335034857,-2.80311190610404,-2.80498314672572,-2.80684709047341,-2.80870375640314,-2.81055316437936,-2.81239533508701,-2.81423029004332,-2.816058051609,-2.81787864299916,-2.81969208829366,-2.8214984124473,-2.82329764129943,-2.8250898015831,-2.82687492093398,-2.82865302789888,-2.83042415194394,-2.83218832346203,-2.83394557377954,-2.83569593516231,-2.83743944082094,-2.83917612491509,-2.84090602255684,-2.84262916981313,-2.84434560370705,-2.84605536221785,-2.84775848427966,-2.84945500977895,-2.85114497955098,-2.85282843537486,-2.8545054199672,-2.85617597697464,-2.8578401509649,-2.85949798741682,-2.86114953270916,-2.86279483410805,-2.86443393975283,-2.86606689864034,-2.86769376060786,-2.86931457631463,-2.87092939722177,-2.87253827557062,-2.87414126435951,-2.87573841731903,-2.87732978888577,-2.87891543417469,-2.88049540895011,-2.88206976959514,-2.8836385730795,-2.88520187692585,-2.88675973917445,-2.88831221834631,-2.88985937340509,-2.89140126371768,-2.89293794901348,-2.89446948934199,-2.8959959450291,-2.89751737663213,-2.89903384489351,-2.90054541069333,-2.90205213500092,-2.90355407882511,-2.90505130316316,-2.90654386894834,-2.90803183699651,-2.9095152679518,-2.91099422223111,-2.91246875996802,-2.91393894095589,-2.9154048245902,-2.9168664698102,-2.91832393503991,-2.91977727812856,-2.9212265562905,-2.92267182604464,-2.9241131431538,-2.92555056256388,-2.92698413834298,-2.92841392361999,-2.92983997052307,-2.93126233011804,-2.93268105234678,-2.93409618596552,-2.935507778483,-2.93691587609875,-2.93832052364158,-2.93972176450811,-2.94111964060158,-2.94251419227111,-2.94390545825131,-2.94529347560259,-2.94667827965201,-2.94805990393474,-2.94943838013618,-2.9508137380349,-2.95218600544643,-2.95355520816792,-2.95492136992381,-2.95628451231272,-2.95764465475545,-2.95900181444379,-2.96035600629049,-2.96170724288055,-2.96305553442399,-2.96440088871021,-2.9657433110637,-2.96708280430145,-2.96841936869191,-2.96975300191604,-2.97108369903008,-2.97241145243038,-2.97373625182036,-2.97505808417957,-2.97637693373469,-2.97769278193276,-2.97900560741663,-2.98031538600281,-2.9816220906615,-2.98292569149903,-2.98422615574245,-2.98552344772632,-2.98681752888172,-2.98810835772739,-2.98939588986341,-2.99068007796751,-2.99196087179401,-2.99323821817572,-2.99451206102885,-2.99578234136058,-2.9970489972792,-2.99831196400649,-2.99957117389278,-3.00082655643437,-3.00207803829361,-3.00332554332129,-3.00456899258175,-3.00580830438054,-3.00704339429468,-3.00827417520547,-3.00950055733402,-3.01072244827949,-3.01193975305972,-3.01315237415441,-3.01436021155069,-3.01556316279127,-3.01676112302527,-3.0179539850616,-3.01914163942509,-3.0203239744151,-3.02150087616665,-3.02267222871391,-3.02383791405582,-3.02499781222397,-3.02615180135268,-3.02729975775136,-3.02844155597905,-3.02957706892129,-3.03070616786929,-3.03182872260122,-3.0329446014655,-3.03405367146593,-3.03515579834874,-3.03625084669149,-3.03733867999413,-3.03841916077184,-3.0394921506496,-3.04055751045814,-3.04161510033128,-3.04266477980465,-3.04370640791572,-3.04473984330513,-3.04576494431898,-3.04678156911212,-3.04778957575256,-3.04878882232719,-3.04977916704835,-3.05076046836102,-3.05173258505041,-3.05269537634979,-3.05364870204869,-3.05459242260146,-3.05552639923644,-3.05645049406544,-3.05736457019334,-3.05826849182777,-3.05916212438885,-3.06004533461863,-3.06091799069002,-3.06177996231502,-3.06263112085232,-3.06347133941438,-3.06430049297375,-3.06511845846884,-3.06592511490889,-3.06672034347798,-3.06750402763798,-3.06827605323055,-3.06903630857799,-3.06978468458321,-3.07052107482842,-3.07124537567231,-3.07195748634527,-3.07265730904295,-3.073344749018,-3.07401971467011,-3.0746821176343,-3.07533187286712,-3.07596889873084,-3.0765931170756,-3.07720445331933,-3.07780283652547,-3.07838819947857,-3.07896047875769,-3.07951961480727,-3.08006555200529,-3.08059823872874,-3.08111762741636,-3.08162367462892,-3.08211634110705,-3.08259559182633,-3.08306139604957,-3.08351372737622,-3.08395256378891,-3.08437788769698,-3.08478968597712,-3.08518795001114,-3.08557267572074,-3.08594386359919,-3.08630151873996,-3.08664565086215,-3.08697627433257,-3.08729340818457,-3.08759707613358,-3.08788730658913,-3.08816413266357,-3.08842759217728,-3.08867772766052,-3.08891458635214,-3.08913822019517,-3.08934868582922,-3.08954604457947,-3.08973036244242,-3.08990171006828,-3.0900601627405,-3.09020580035229,-3.09033870738026,-3.09045897285478,-3.0905666903275,-3.09066195783558,-3.09074487786303,-3.09081555729884,-3.09087410739209,-3.09092064370409,-3.09095528605768,-3.09097815848386,-3.09098938916538,-3.09098911037727,-3.090977458424,-3.09095457357371,-3.09092059998954,-3.09087568565818,-3.09081998231591,-3.09075364537194,-3.09067683382897,-3.09058971020127,-3.09049244043009,-3.09038519379697,-3.09026814283487,-3.09014146323716,-3.09000533376416,-3.08985993614755,-3.08970545499278,-3.08954207767959,-3.0893699942609,-3.08918939735995,-3.08900048206619,-3.0888034458298,-3.08859848835498,-3.08838581149169,-3.0881656191256,-3.08793811706684,-3.0877035129376,-3.08746201605876,-3.08721383733548,-3.08695918914194,-3.08669828520524,-3.08643134048836,-3.08615857107225,-3.08588019403716,-3.08559642734368,-3.08530748971347,-3.08501360050958,-3.08471497961649,-3.08441184732006,-3.0841044241876,-3.08379293094805,-3.08347758837252,-3.0831586171552,-3.08283623779466,-3.08251067047543,-3.08218213494992,-3.08185085042099,-3.08151703542557,-3.08118090771936,-3.0808426841626,-3.08050258060676,-3.08016081178209,-3.0798175911862,-3.07947313097395,-3.07912764184847,-3.07878133295365,-3.07843441176798,-3.07808708400024,-3.07773955348666,-3.07739202209007,-3.07704468960088,-3.07669775363995,-3.07635140956345,-3.07600585036952,-3.0756612666068,-3.07531784628514,-3.07497577478856,-3.07463523479046,-3.07429640617144,-3.0739594659394,-3.07362458815202,-3.07329194384164,-3.0729617009427,-3.07263402422156,-3.07230907520878,-3.0719870121338,-3.0716679898619,-3.0713521598336,-3.07103967000668,-3.07073066480103,-3.07042528504619,-3.07012366793182,-3.06982594696099,-3.0695322519062,-3.06924270876819,-3.06895743973744,-3.06867656315869,-3.06840019349812,-3.06812844131352,-3.06786141322729,-3.06759921190254,-3.06734193602218,-3.067089680271,-3.06684253532039,-3.06660058781592,-3.06636392036772,-3.06613261154348,-3.06590673586421,-3.06568636380246,-3.06547156178328,-3.06526239218783,-3.06505891335971,-3.06486117961398,-3.06466924124894,-3.06448314456058,-3.06430293185934,-3.06412864148924,-3.06396030784966,-3.06379796141955,-3.0636416287842,-3.06349133266455,-3.06334709194905,-3.06320892172802,-3.06307683333043,-3.06295083436289,-3.06283092875103,-3.06271711678273,-3.06260939515334,-3.06250775701293,-3.06241219201548,-3.06232268637023,-3.0622392228949,-3.06216178107074,-3.06209033709928,-3.06202486396057,-3.06196533147312,-3.0619117063554,-3.06186395228878,-3.06182202998174,-3.06178589723533,-3.06175550900996,-3.06173081749329,-3.06171177216946,-3.06169831988912,-3.0616904049405,-3.06168796912122,-3.06169095181098,-3.0616992900453,-3.06171291859027,-3.06173177001796,-3.06175577478234,-3.06178486129574,-3.06181895600591,-3.06185798347358,-3.06190186645047,-3.06195052595757,-3.0620038813638,-3.06206185046466,-3.06212434956116,-3.06219129353862,-3.06226259594544,-3.06233816907182,-3.06241792402823,-3.06250177082354,-3.06258961844298,-3.0626813749256,-3.06277694744126,-3.06287624236711,-3.06297916536363,-3.06308562145009,-3.06319551507945,-3.06330875021247,-3.06342523039117,-3.06354485881166,-3.06366753839618,-3.06379317186442,-3.06392166180371,-3.06405291073798,-3.06418682119558,-3.06432329577598,-3.06446223721512,-3.06460354844962,-3.06474713267954,-3.06489289342983,-3.06504073461033,-3.06519056057422,-3.06534227617507,-3.0654957868225,-3.06565099853656,-3.06580781800067,-3.06596615261317,-3.06612591053731,-3.06628700074983,-3.06644933308786,-3.06661281829455,-3.06677736806323,-3.06694289508004,-3.06710931306512,-3.06727653681212,-3.06744448222625,-3.0676130663609,-3.06778220745244,-3.06795182495332,-3.06812183956361,-3.06829217326073,-3.06846274932754,-3.06863349237896,-3.06880432838719,-3.06897518470521,-3.06914599008851,-3.06931667471509,-3.06948717020392,-3.06965740963176,-3.06982732754847,-3.0699968599909,-3.07016594449516,-3.07033452010758,-3.07050252739431,-3.07066990844934,-3.07083660690111,-3.07100256791764,-3.07116773821028,-3.07133206603599,-3.07149550119809,-3.07165799504569,-3.0718195004719,-3.07197997191038,-3.07213936533054,-3.0722976382315,-3.07245474963492,-3.07261066007643,-3.07276533159587,-3.07291872772622,-3.07307081348145,-3.07322155534345,-3.07337092124792,-3.07351888056917,-3.07366540410388,-3.07381046405383,-3.07395403400767,-3.07409608892171,-3.07423660510009,-3.07437556017417,-3.07451293308131,-3.07464870404276,-3.07478285454064,-3.07491536729444,-3.07504622623717,-3.07517541649088,-3.07530292434175,-3.07542873721469,-3.07555284364734,-3.07567523326357,-3.07579589674648,-3.0759148258108,-3.07603201317488,-3.07614745253202,-3.07626113852192,-3.07637306670185,-3.07648323351783,-3.07659163627517,-3.07669827310909,-3.0768031429552,-3.07690624552012,-3.07700758125218,-3.07710715131195,-3.07720495754256,-3.07730100244004,-3.07739528912339,-3.07748782130474,-3.07757860325961,-3.07766763979735,-3.07775493623204,-3.07784049835355,-3.07792433239892,-3.07800644502412,-3.07808684327599,-3.07816553456442,-3.0782425266348,-3.07831782754073,-3.07839144561735,-3.07846338945503,-3.07853366787341,-3.07860228989604,-3.07866926472554,-3.07873460171925,-3.07879831036522,-3.0788604002588,-3.07892088107994,-3.07897976257123,-3.0790370545167,-3.07909276672127,-3.07914690899094,-3.07919949111361,-3.07925052284058,-3.07930001386873,-3.0793479738233,-3.07939441224139,-3.07943933855627,-3.07948276208254,-3.07952469200203,-3.07956513735041,-3.07960410700452,-3.07964160967035,-3.07967765387186,-3.07971224794039,-3.07974540000503,-3.07977711798377,-3.0798074095755,-3.07983628225287,-3.07986374325581,-3.07988979958553,-3.07991445799906,-3.07993772500439,-3.07995960685629,-3.0799801095528,-3.0799992388324,-3.08001700017187,-3.08003339878453,-3.08004843961916,-3.08006212735961,-3.08007446642532,-3.08008546097261,-3.08009511489656,-3.08010343183347,-3.08011041516373,-3.08011606801518,-3.08012039326712,-3.08012339355471,-3.08012507127405,-3.08012542858764,-3.08012446743061,-3.08012218951744,-3.08011859634933,-3.08011368922176,-3.08010746923237,-3.080099937289,-3.080091094118,-3.08008094027288,-3.08006947614338,-3.08005670196478,-3.08004261782746,-3.08002722368663,-3.0800105193721,-3.0799925045981,-3.0799731789732,-3.07995254201072,-3.07993059313936,-3.07990733171404,-3.07988275702667,-3.07985686831708,-3.07982966478391,-3.07980114559542,-3.07977130990052,-3.07974015683982,-3.07970768555672,-3.07967389520851,-3.07963878497765,-3.07960235408283,-3.07956460179025,-3.07952552742456,-3.07948513037986,-3.07944341013053,-3.07940036624211,-3.07935599838202,-3.07931030632979,-3.07926328998707,-3.07921494938716,-3.07916528470447,-3.07911429626374,-3.07906198454891,-3.07900835021133,-3.07895339407744,-3.07889711715612,-3.07883952064544,-3.07878060593905,-3.07872037463224,-3.07865882852736,-3.07859596963884,-3.07853180019816,-3.07846632265854,-3.0783995396991,-3.07833145422847,-3.07826206938799,-3.0781913885546,-3.07811941534327,-3.07804615360905,-3.07797160744861,-3.07789578120117,-3.07781867944907,-3.07774030701785,-3.07766066897601,-3.07757977063454,-3.07749761754612,-3.07741421550407,-3.07732957054118,-3.07724368892804,-3.07715657717106,-3.0770682420101,-3.07697869041552,-3.07688792958476,-3.07679596693862,-3.07670281011745,-3.07660846697721,-3.07651294558528,-3.076416254216,-3.07631840134581,-3.0762193956479,-3.07611924598635,-3.07601796141016,-3.0759155511472,-3.07581202459818,-3.07570739133079,-3.07560166107404,-3.07549484371252,-3.07538694928076,-3.07527798795747,-3.07516797005986,-3.07505690603792,-3.07494480646869,-3.07483168205022,-3.07471754359554,-3.07460240202635,-3.0744862683668,-3.07436915373696,-3.07425106934638,-3.07413202648768,-3.07401203652998,-3.073891110912,-3.07376926113515,-3.07364649875627,-3.07352283538037,-3.07339828265319,-3.07327285225363,-3.07314655588608,-3.07301940527277,-3.07289141214598,-3.07276258824036,-3.07263294528557,-3.07250249499908,-3.07237124907896,-3.07223921919669,-3.07210641698998,-3.07197285405532,-3.07183854194045,-3.07170349213644,-3.07156771606963,-3.07143122509336,-3.07129403047965,-3.0711561434104,-3.07101757496844,-3.07087833612853,-3.0707384377486,-3.07059789056123,-3.07045670516537,-3.0703148920182,-3.07017246142722,-3.07002942354254,-3.06988578834918,-3.06974156565925,-3.06959676510391,-3.06945139612532,-3.06930546796835,-3.06915898967245,-3.06901197006338,-3.06886441774477,-3.06871634108981,-3.06856774823291,-3.06841864706132,-3.06826904520679,-3.06811895003748,-3.06796836864966,-3.06781730785944,-3.06766577419438,-3.06751377388524,-3.06736131285779,-3.06720839672464,-3.06705503077693,-3.06690121997616,-3.06674696894607,-3.06659228196475,-3.06643716295671,-3.06628161548501,-3.06612564274309,-3.06596924754674,-3.06581243232592,-3.06565519911697,-3.06549754955516,-3.06533948486755,-3.06518100586593,-3.06502211293962,-3.06486280604852,-3.06470308471658,-3.0645429480256,-3.06438239460946,-3.06422142264838,-3.06406002986371,-3.06389821351288,-3.06373597038482,-3.06357329679542,-3.0634101885833,-3.0632466411056,-3.06308264923397,-3.0629182073507,-3.06275330934509,-3.0625879486101,-3.06242211803943,-3.06225581002492,-3.06208901645403,-3.06192172870761,-3.06175393765773,-3.06158563366573,-3.06141680658045,-3.06124744573659,-3.06107753995343,-3.06090707753367,-3.06073604626264,-3.06056443340763,-3.06039222571742,-3.06021940942199,-3.06004597023253,-3.05987189334136,-3.05969716342226,-3.05952176463112,-3.05934568060676,-3.05916889447188,-3.05899138883435,-3.05881314578882,-3.05863414691858,-3.05845437329762,-3.05827380549294,-3.05809242356729,-3.05791020708237,-3.05772713510254,-3.0575431861989,-3.05735833845368,-3.05717256946503,-3.0569858563522,-3.05679817576097,-3.05660950386956,-3.05641981639497,-3.05622908859979,-3.05603729529921,-3.05584441086832,-3.05565040924952,-3.05545526396008,-3.05525894809964,-3.05506143435812,-3.0548626950236,-3.05466270199048,-3.05446142676791,-3.05425884048876,-3.05405491391907,-3.05384961746803,-3.05364292119809,-3.05343479483515,-3.05322520777907,-3.05301412911445,-3.05280152762179,-3.05258737178891,-3.05237162982265,-3.05215426966075,-3.05193525898398,-3.05171456522833,-3.05149215559715,-3.05126799707332,-3.05104205643151,-3.05081430025037,-3.05058469492478,-3.05035320667833,-3.0501198015759,-3.04988444553654,-3.04964710434617,-3.04940774367026,-3.04916632906667,-3.04892282599875,-3.04867719984863,-3.04842941593069,-3.04817943950511,-3.04792723579139,-3.04767276998214,-3.04741600725693,-3.04715691279619,-3.04689545179526,-3.04663158947877,-3.04636529111516,-3.04609652203137,-3.04582524762742,-3.04555143339086,-3.04527504491123,-3.04499604789418,-3.04471440817563,-3.0444300917359,-3.04414306471391,-3.04385329342139,-3.04356074435696,-3.04326538422015,-3.04296717992527,-3.04266609861535,-3.04236210767595,-3.04205517474881,-3.04174526774542,-3.04143235486038,-3.04111640458451,-3.04079738571769,-3.04047526738129,-3.04015001903058,-3.03982161046717,-3.03949001185143,-3.03915519371487,-3.03881712697228,-3.03847578293393,-3.03813113331777,-3.0377831502616,-3.03743180633508,-3.0370770745517,-3.03671892838058,-3.03635734175828,-3.0359922891005,-3.03562374531362,-3.03525168580609,-3.03487608649979,-3.0344969238408,-3.0341141748096,-3.03372781693079,-3.03333782828264,-3.03294418750645,-3.03254687381584,-3.03214586700557,-3.03174114746034,-3.03133269616323,-3.03092049470395,-3.0305045252869,-3.03008477073913,-3.02966121451827,-3.0292338407204,-3.02880263408769,-3.02836758001584,-3.02792866456125,-3.02748587444787,-3.02703919707388,-3.02658862051815,-3.02613413354673,-3.02567572561908,-3.02521338689445,-3.02474710823798,-3.02427688122679,-3.02380269815583,-3.02332455204375,-3.02284243663875,-3.02235634642449,-3.02186627662587,-3.02137222321476,-3.02087418291582,-3.02037215321214,-3.01986613235062,-3.01935611934739,-3.01884211399312,-3.01832411685824,-3.01780212929815,-3.01727615345823,-3.01674619227859,-3.01621224949873,-3.0156743296621,-3.01513243812043,-3.01458658103809,-3.01403676539646,-3.01348299899823,-3.01292529047171,-3.01236364927484,-3.01179808569916,-3.01122861087378,-3.0106552367694,-3.01007797620233,-3.0094968428383,-3.00891185119622,-3.0083230166518,-3.00773035544119,-3.0071338846646,-3.00653362228988,-3.00592958715613,-3.00532179897725,-3.00471027834561,-3.00409504673573,-3.0034761265077,-3.00285354091044,-3.00222731408474,-3.00159747106628,-3.0009640377888,-3.00032704108726,-2.99968650870116,-2.99904246927802,-2.99839495237715,-2.99774398847339,-2.99708960896058,-2.99643184615463,-2.99577073329628,-2.99510630455367,-2.99443859502435,-2.99376764073704,-2.99309347865291,-2.99241614666642,-2.99173568360579,-2.99105212923335,-2.99036552424587,-2.98967591027465,-2.98898332988533,-2.98828782657749,-2.98758944478398,-2.98688822986987,-2.98618422813114,-2.98547748679306,-2.98476805400812,-2.98405597885374,-2.98334131132961,-2.98262410235463,-2.98190440376353,-2.98118226830286,-2.98045774962653,-2.97973090229088,-2.97900178174898,-2.97827044434428,-2.9775369473037,-2.97680134873009,-2.97606370759427,-2.97532408372645,-2.97458253780731,-2.97383913135848,-2.97309392673252,-2.97234698710238,-2.97159837645045,-2.97084815955725,-2.97009640198954,-2.96934317008772,-2.96858853095272,-2.96783255243234,-2.96707530310672,-2.96631685227328,-2.96555726993083,-2.96479662676318,-2.96403499412216,-2.96327244401022,-2.9625090490622,-2.96174488252654,-2.96098001824573,-2.96021453063602,-2.95944849466643,-2.95868198583715,-2.95791508015746,-2.95714785412307,-2.95638038469304,-2.95561274926617,-2.95484502565666,-2.95407729206921,-2.95330962707319,-2.95254210957599,-2.95177481879567,-2.95100783423289,-2.95024123564239,-2.94947510300372,-2.9487095164912,-2.94794455644311,-2.94718030333013,-2.94641683772338,-2.94565424026202,-2.94489259162037,-2.94413197247449,-2.94337246346829,-2.94261414517908,-2.94185709808283,-2.94110140251896,-2.94034713865492,-2.93959438645038,-2.93884322562115,-2.93809373560268,-2.93734599551339,-2.93660008411797,-2.93585607979058,-2.93511406047797,-2.93437410366225,-2.93363628632365,-2.9329006849033,-2.93216737526601,-2.93143643266303,-2.93070793169471,-2.92998194627313,-2.92925854958466,-2.92853781405254,-2.92781981129991,-2.92710461211332,-2.92639228640655,-2.92568290318492,-2.92497653050982,-2.92427323546355,-2.92357308411422,-2.92287614148055,-2.92218247149717,-2.92149213698037,-2.92080519959463,-2.9201217198196,-2.91944175691774,-2.91876536890261,-2.91809261250787,-2.91742354315695,-2.91675821493347,-2.91609668055228,-2.91543899133142,-2.91478519716479,-2.91413534649593,-2.91348948629254,-2.912847662022,-2.91220991762766,-2.91157629550626,-2.9109468364861,-2.91032157980595,-2.90970056309471,-2.90908382235208,-2.90847139193039,-2.90786330451738,-2.90725959111996,-2.90666028104888,-2.90606540190468,-2.90547497956463,-2.90488903817055,-2.90430760011762,-2.90373068604425,-2.90315831482315,-2.90259050355367,-2.90202726755531,-2.90146862036252,-2.90091457372077,-2.90036513758359,-2.89982032011077,-2.89928012766791,-2.89874456482739,-2.8982136343703,-2.89768733728924,-2.89716567279205,-2.89664863830666,-2.89613622948708,-2.8956284402203,-2.8951252626342,-2.89462668710655,-2.89413270227494,-2.89364329504782,-2.89315845061644,-2.89267815246793,-2.89220238239949,-2.89173112053363,-2.8912643453344,-2.89080203362468,-2.89034416060436,-2.88989069986928,-2.88944162343102,-2.88899690173763,-2.88855650369532,-2.88812039669106,-2.88768854661588,-2.88726091788876,-2.8868374734815,-2.88641817494442,-2.88600298243332,-2.88559185473703,-2.88518474930555,-2.88478162227875,-2.88438242851594,-2.88398712162605,-2.88359565399874,-2.88320797683595,-2.88282404018391,-2.88244379296559,-2.88206718301364,-2.88169415710404,-2.8813246609903,-2.88095863943814,-2.88059603626017,-2.88023679435074,-2.87988085572108,-2.8795281615345,-2.87917865214184,-2.87883226711694,-2.87848894529209,-2.87814862479361,-2.87781124307751,-2.87747673696543,-2.87714504268068,-2.87681609588454,-2.87648983171277,-2.87616618481224,-2.87584508937771,-2.87552647918854,-2.87521028764527,-2.87489644780607,-2.87458489242301,-2.87427555397815,-2.87396836471937,-2.87366325669602,-2.87336016179439,-2.873059011773,-2.87275973829771,-2.87246227297615,-2.87216654739152,-2.87187249313574,-2.87158004184212,-2.87128912521715,-2.87099967507162,-2.87071162335091,-2.87042490216488,-2.87013944381702,-2.86985518083285,-2.86957204598751,-2.86928997233264,-2.86900889322248,-2.86872874233908,-2.86844945371672,-2.86817096176529,-2.86789320129284,-2.86761610752696,-2.86733961613551,-2.86706366324648,-2.86678818546708,-2.86651311990209,-2.86623840417136,-2.86596397642651,-2.86568977536647,-2.86541574025188,-2.8651418109184,-2.8648679277889,-2.86459403188447,-2.86432006483442,-2.86404596888549,-2.8637716869101,-2.86349716241379,-2.8632223395418,-2.86294716308472,-2.86267157848306,-2.8623955318305,-2.86211896987626,-2.86184184002609,-2.86156409034232,-2.86128566954305,-2.86100652700045,-2.86072661273819,-2.86044587742766,-2.86016427238312,-2.85988174955562,-2.85959826152604,-2.859313761497,-2.85902820328384,-2.85874154130453,-2.85845373056863,-2.85816472666555,-2.857874485752,-2.85758296453876,-2.85729012027632,-2.85699591073968,-2.85670029421195,-2.85640322946719,-2.85610467575242,-2.85580459276922,-2.85550294065444,-2.8551996799605,-2.85489477163502,-2.85458817700015,-2.85427985773138,-2.85396977583598,-2.85365789363079,-2.85334417371956,-2.85302857897001,-2.85271107249058,-2.85239161760662,-2.8520701778363,-2.85174671686616,-2.85142119852647,-2.85109358676636,-2.8507638456289,-2.85043193922611,-2.85009783171393,-2.84976148726727,-2.84942287005492,-2.84908194421437,-2.84873867382675,-2.8483930228918,-2.8480449553029,-2.84769443482235,-2.84734142505678,-2.84698588943292,-2.84662779117336,-2.84626709327269,-2.84590375847405,-2.84553774924615,-2.8451690277606,-2.84479755586989,-2.84442329508596,-2.84404620655961,-2.84366625106019,-2.84328338895584,-2.84289758019414,-2.84250878428332,-2.84211696027409,-2.84172206674232,-2.84132406177247,-2.84092290294188,-2.84051854730625,-2.84011095138588,-2.83970007115285,-2.83928586201927,-2.83886827882671,-2.83844727583649,-2.83802280672073,-2.83759482455425,-2.83716328180732,-2.8367281303394,-2.83628932139396,-2.83584680559456,-2.83540053294214,-2.83495045281341,-2.83449651396027,-2.83403866451026,-2.83357685196816,-2.83311102321882,-2.83264112453134,-2.83216710156435,-2.83168889937271,-2.83120646241541,-2.83071973456473,-2.83022865911665,-2.82973317880238,-2.82923323580133,-2.82872877175509,-2.82821972778247,-2.82770604449563,-2.82718766201753,-2.82666452000033,-2.82613655764504,-2.82560371372262,-2.82506592659633,-2.82452313424537,-2.82397527428986,-2.82342228401696,-2.8228641004084,-2.82230066016915,-2.82173189975729,-2.82115775541511,-2.82057816320124,-2.81999305902378,-2.81940237867466,-2.81880605786472,-2.81820403226002,-2.81759623751927,-2.81698260933218,-2.81636308345882,-2.81573759576973,-2.81510608228704,-2.81446847922667,-2.8138247230414,-2.81317475046471,-2.81251849855535,-2.81185590474261,-2.81118690687252,-2.81051144325476,-2.80982945271038,-2.80914087462024,-2.80844564897388,-2.80774371641867,-2.80703501830907,-2.80631949675625,-2.80559709467816,-2.80486775585008,-2.80413142495567,-2.80338804763842,-2.80263757055311,-2.80187994141748,-2.80111510906401,-2.80034302349165,-2.7995636359177,-2.79877689882978,-2.79798276603755,-2.79718119272448,-2.79637213549917,-2.79555555244649,-2.79473140317837,-2.79389964888426,-2.79306025238137,-2.79221317816458,-2.79135839245586,-2.79049586325303,-2.78962556037814,-2.78874745552547,-2.78786152230882,-2.78696773630811,-2.78606607511512,-2.78515651837829,-2.78423904784674,-2.78331364741335,-2.78238030315685,-2.78143900338269,-2.78048973866271,-2.77953250187371,-2.77856728823472,-2.77759409534292,-2.77661292320798,-2.77562377428498,-2.77462665350615,-2.77362156831129,-2.77260852867666,-2.77158754714234,-2.7705586388381,-2.76952182150771,-2.76847711553172,-2.76742454394842,-2.76636413247331,-2.76529590951682,-2.7642199062005,-2.76313615637156,-2.76204469661545,-2.7609455662668,-2.75983880741823,-2.75872446492718,-2.75760258642076,-2.75647322229842,-2.75533642573249,-2.75419225266671,-2.75304076181273,-2.7518820146445,-2.75071607539037,-2.74954301102326,-2.74836289124843,-2.74717578848912,-2.7459817778702,-2.74478093719973,-2.7435733469482,-2.74235909022536,-2.74113825275499,-2.73991092284752,-2.7386771913704,-2.73743715171607,-2.73619089976793,-2.73493853386401,-2.73368015475848,-2.73241586558061,-2.73114577179178,-2.72986998114038,-2.72858860361483,-2.72730175139454,-2.72600953879882,-2.72471208223389,-2.72340950013806,-2.72210191292502,-2.72078944292533,-2.71947221432597,-2.71815035310788,-2.71682398698191,-2.71549324532317,-2.71415825910349,-2.71281916082186,-2.71147608443304,-2.71012916527449,-2.70877853999174,-2.70742434646223,-2.7060667237176,-2.7047058118646,-2.70334175200468,-2.70197468615247,-2.70060475715304,-2.69923210859817,-2.69785688474165,-2.69647923041351,-2.6950992909332,-2.69371721202169,-2.69233313971267,-2.69094722026321,-2.68955960006358,-2.68817042554657,-2.68677984309607,-2.68538799895543,-2.68399503913557,-2.68260110932307,-2.68120635478803,-2.67981092029192,-2.67841494999535,-2.67701858736576,-2.67562197508488,-2.67422525495624,-2.67282856781281,-2.67143205342494,-2.67003585040861,-2.66864009613415,-2.66724492663551,-2.66585047652018,-2.6644568788798,-2.66306426520145,-2.66167276527999,-2.66028250713135,-2.6588936169069,-2.65750621880917,-2.65612043500882,-2.65473638556311,-2.65335418833584,-2.65197395891876,-2.65059581055438,-2.64921985406047,-2.64784619775634,-2.64647494739105,-2.64510620607327,-2.64374007420318,-2.6423766494065,-2.64101602647062,-2.63965829728317,-2.63830355077276,-2.63695187285215,-2.63560334636391,-2.63425805102844,-2.63291606339443,-2.63157745679164,-2.63024230128616,-2.62891066363822,-2.62758260726272,-2.62625819219289,-2.62493747504704,-2.62362050899816,-2.62230734374657,-2.62099802549546,-2.61969259692942,-2.61839109719591,-2.61709356188968,-2.61580002304018,-2.61451050910212,-2.61322504494916,-2.61194365187086,-2.61066634757275,-2.60939314617973,-2.6081240582424,-2.60685909074659,-2.60559824712582,-2.60434152727701,-2.60308892757949,-2.60184044091698,-2.60059605670279,-2.59935576090767,-2.59811953609062,-2.59688736143254,-2.59565921277291,-2.5944350626493,-2.59321488033996,-2.59199863190923,-2.59078628025605,-2.58957778516526,-2.58837310336159,-2.58717218856645,-2.58597499155759,-2.58478146023152,-2.58359153966843,-2.58240517219986,-2.5812222974789,-2.58004285255276,-2.57886677193777,-2.57769398769637,-2.57652442951632,-2.57535802479208,-2.57419469870813,-2.57303437432409,-2.57187697266153,-2.57072241279267,-2.56957061193053,-2.56842148552049,-2.56727494733342,-2.56613090956008,-2.5649892829066,-2.5638499766913,-2.56271289894279,-2.56157795649894,-2.56044505510676,-2.55931409952298,-2.55818499361546,-2.55705764046545,-2.55593194247046,-2.55480780144744,-2.55368511873616,-2.55256379530305,-2.55144373184516,-2.55032482889403,-2.54920698691943,-2.5480901064326,-2.54697408808924,-2.54585883279198,-2.54474424179227,-2.54363021679148,-2.54251666004117,-2.54140347444247,-2.54029056364453,-2.5391778321418,-2.53806518537018,-2.53695252980183,-2.53583977303855,-2.53472682390358,-2.53361359253152,-2.5324999904566,-2.531385930699,-2.5302713278496,-2.52915609815231,-2.52804015958422,-2.52692343193325,-2.52580583687334,-2.5246872980374,-2.52356774108791,-2.52244709378523,-2.52132528605352,-2.52020225004415,-2.51907792019649,-2.51795223329615,-2.51682512853053,-2.51569654754194,-2.51456643447778,-2.51343473603796,-2.51230140151943,-2.51116638285803,-2.51002963466718,-2.50889111427355,-2.50775078174937,-2.50660859994166,-2.50546453449836,-2.50431855389144,-2.50317062943693,-2.50202073531198,-2.50086884856859,-2.49971494914432,-2.49855901986952,-2.49740104647168,-2.49624101757648,-2.49507892470564,-2.49391476227149,-2.49274852756859,-2.4915802207625,-2.49040984487548,-2.48923740576899,-2.48806291212295,-2.48688637541189,-2.48570780987823,-2.48452723250249,-2.48334466297071,-2.48216012363905,-2.48097363949581,-2.47978523812091,-2.47859494964277,-2.47740280669267,-2.47620884435622,-2.47501310012188,-2.47381561382689,-2.47261642760073,-2.47141558580628,-2.47021313497895,-2.46900912376371,-2.46780360284999,-2.46659662490483,-2.46538824450405,-2.46417851806157,-2.46296750375673,-2.46175526146026,-2.46054185265877,-2.4593273403777,-2.45811178910282,-2.4568952647,-2.4556778343336,-2.45445956638381,-2.45324053036297,-2.45202079683113,-2.45080043731076,-2.4495795242009,-2.44835813069076,-2.44713633067282,-2.44591419865536,-2.44469180967446,-2.44346923920556,-2.44224656307516,-2.4410238573727,-2.43980119836257,-2.43857866239641,-2.43735632582557,-2.43613426491401,-2.4349125557516,-2.43369127416791,-2.43247049564669,-2.43125029524114,-2.43003074748994,-2.42881192633443,-2.4275939050368,-2.42637675609965,-2.42516055118695,-2.42394536104626,-2.42273125543257,-2.4215183030337,-2.42030657139753,-2.4190961268609,-2.41788703448028,-2.41667935796433,-2.41547315960859,-2.41426850023225,-2.41306543911688,-2.41186403394682,-2.41066434075171,-2.40946641385114,-2.40827030580157,-2.40707606734557,-2.40588374736348,-2.4046933928275,-2.4035050487583,-2.40231875818424,-2.40113456210314,-2.39995249944687,-2.39877260704891,-2.39759491961469,-2.39641946969484,-2.39524628766098,-2.39407540168427,-2.39290683771654,-2.39174061947415,-2.39057676842468,-2.38941530377639,-2.38825624247067,-2.38709959917704,-2.38594538629127,-2.38479361393646,-2.38364428996694,-2.38249741997503,-2.38135300730069,-2.38021105304388,-2.37907155607993,-2.37793451307786,-2.37679991852156,-2.37566776473353,-2.37453804190136,-2.37341073810697,-2.37228583935863,-2.37116332962546,-2.37004319087428,-2.36892540310926,-2.36780994441393,-2.36669679099568,-2.3655859172325,-2.36447729572188,-2.36337089733196,-2.36226669125478,-2.36116464506164,-2.36006472476029,-2.3589668948541,-2.35787111840311,-2.35677735708699,-2.35568557126982,-2.35459572006673,-2.35350776141223,-2.35242165213009,-2.35133734800454,-2.35025480385288,-2.34917397359931,-2.34809481034976,-2.34701726646752,-2.34594129365016,-2.34486684300733,-2.34379386513967,-2.34272231021823,-2.34165212806449,-2.34058326823101,-2.33951568008277,-2.33844931287932,-2.33738411585727,-2.33632003831298,-2.33525702968518,-2.33419503963764,-2.3331340181417,-2.33207391555874,-2.33101468272239,-2.32995627102021,-2.32889863247517,-2.32784171982632,-2.32678548660888,-2.32572988723333,-2.32467487706365,-2.32362041249479,-2.32256645102899,-2.32151295135094,-2.32045987340164,-2.31940717845086,-2.31835482916832,-2.31730278969343,-2.31625102570336,-2.31519950447945,-2.31414819497181,-2.31309706786236,-2.31204609562598,-2.31099525259009,-2.30994451499207,-2.30889386103497,-2.30784327094081,-2.30679272700167,-2.30574221362853,-2.30469171739783,-2.3036412270957,-2.30259073375947,-2.3015402307166,-2.30048971362101,-2.29943918048698,-2.29838863172064,-2.29733807014898,-2.296287501046,-2.29523693215635,-2.29418637371634,-2.29313583847234,-2.2920853416963,-2.2910349011987,-2.28998453733878,-2.28893427303198,-2.28788413375467,-2.28683414754607,-2.28578434500735,-2.28473475929804,-2.28368542612945,-2.28263638375541,-2.28158767296052,-2.28053933704576,-2.27949142181139,-2.2784439755371,-2.27739704895965,-2.2763506952479,-2.27530496997563,-2.27425993109177,-2.27321563888807,-2.27217215596431,-2.27112954719117,-2.27008787967075,-2.26904722269485,-2.26800764770103,-2.26696922822645,-2.26593203985954,-2.26489616018932,-2.26386166875286,-2.26282864698064,-2.26179717813991,-2.26076734727624,-2.25973924115329,-2.25871294819061,-2.25768855839986,-2.25666616331948,-2.25564585594777,-2.25462773067463,-2.25361188321188,-2.25259841052219,-2.25158741074682,-2.25057898313226,-2.24957322795542,-2.24857024644785,-2.24757014071886,-2.24657301367756,-2.24557896895391,-2.2445881108191,-2.24360054410548,-2.24261637412599,-2.24163570659323,-2.24065864753817,-2.23968530322855,-2.23871578008702,-2.23775018460929,-2.23678862328221,-2.23583120250208,-2.23487802849289,-2.23392920722477,-2.23298484433248,-2.23204504503424,-2.23110991405088,-2.23017955552568,-2.22925407294456,-2.2283335690572,-2.227418145799,-2.2265079042141,-2.22560294437923,-2.22470336532826,-2.22380926497743,-2.22292074005134,-2.22203788600989,-2.22116079697625,-2.22028956566604,-2.21942428331791,-2.21856503962532,-2.21771192266995,-2.2168650188563,-2.21602441284782,-2.21519018750447,-2.21436242382172,-2.2135412008714,-2.21272659574432,-2.21191868349447,-2.21111753708473,-2.21032322733411,-2.20953582286638,-2.2087553900603,-2.20798199300177,-2.20721569343768,-2.20645655073157,-2.20570462182116,-2.20495996117749,-2.20422262076591,-2.20349265000886,-2.20277009575047,-2.202055002223,-2.2013474110152,-2.20064736104269,-2.19995488852026,-2.19927002693621,-2.19859280702852,-2.19792325676285,-2.19726140131248,-2.19660726304029,-2.19596086148268,-2.19532221333535,-2.19469133244107,-2.19406822977904,-2.19345291345605,-2.19284538869967,-2.19224565785324,-2.19165372037293,-2.19106957282666,-2.19049320889473,-2.18992461937246,-2.18936379217483,-2.18881071234315,-2.18826536205349,-2.18772772062699,-2.18719776454186,-2.18667546744697,-2.18616080017731,-2.18565373077132,-2.1851542244901,-2.18466224383849,-2.18417774858772,-2.18370069579956,-2.1832310398521,-2.18276873246706,-2.18231372273888,-2.18186595716544,-2.18142537968041,-2.18099193168709,-2.18056555209386,-2.18014617735107,-2.17973374148961,-2.17932817616077,-2.17892941067752,-2.17853737205704,-2.17815198506455,-2.17777317225854,-2.17740085403731,-2.17703494868693,-2.17667537243061,-2.17632203947943,-2.17597486208428,-2.17563375058912,-2.17529861348536,-2.17496935746739,-2.17464588748929,-2.17432810682269,-2.17401591711538,-2.17370921845109,-2.17340790941017,-2.17311188713137,-2.1728210473745,-2.17253528458423,-2.17225449195468,-2.17197856149503,-2.17170738409569,-2.17144084959518,-2.17117884684763,-2.17092126379103,-2.170667987516,-2.1704189043352,-2.17017389985329,-2.16993285903746,-2.16969566628833,-2.16946220551124,-2.16923236018784,-2.16900601344807,-2.16878304814259,-2.1685633469155,-2.16834679227747,-2.16813326667902,-2.16792265258405,-2.16771483254351,-2.16750968926934,-2.16730710570851,-2.16710696511702,-2.16690915113381,-2.16671354785467,-2.16652003990596,-2.1663285125183,-2.16613885160017,-2.16595094381135,-2.16576467663614,-2.16557993845621,-2.16539661862304,-2.16521460752988,-2.16503379668315,-2.16485407877327,-2.16467534774495,-2.16449749886701,-2.16432042880156,-2.16414403567248,-2.16396821913284,-2.16379288043142,-2.16361792247822,-2.16344324990885,-2.16326876914788,-2.16309438847112,-2.16292001806675,-2.16274557009498,-2.16257095874648,-2.16239610029945,-2.16222091317556,-2.16204531799452,-2.16186923762741,-2.16169259724838,-2.16151532438495,-2.16133734896665,-2.16115860337213,-2.16097902247451,-2.16079854368488,-2.16061710699415,-2.16043465501297,-2.16025113300993,-2.16006648894759,-2.15988067351669,-2.15969364016835,-2.15950534514428,-2.15931574750487,-2.15912480915547,-2.15893249487051,-2.1587387723155,-2.15854361206698,-2.15834698763044,-2.15814887545599,-2.15794925495159,-2.15774810849382,-2.15754542143614,-2.15734118211465,-2.15713538185135,-2.15692801495481,-2.15671907871826,-2.15650857341525,-2.15629650229263,-2.15608287156092,-2.1558676903818,-2.15565097085292,-2.15543272798992,-2.15521297970581,-2.15499174678767,-2.15476905287042,-2.15454492440794,-2.15431939064155,-2.15409248356586,-2.15386423789196,-2.15363469100802,-2.15340388293731,-2.15317185629346,-2.15293865623328,-2.15270433040709,-2.15246892890658,-2.15223250421011,-2.15199511112561,-2.15175680673099,-2.15151765031228,-2.15127770329926,-2.15103702919856,-2.15079569352435,-2.15055376372674,-2.15031130911795,-2.15006840079622,-2.14982511156766,-2.14958151586603,-2.14933768967063,-2.14909371042198,-2.1488496569358,-2.14860560931495,-2.14836164885959,-2.14811785797563,-2.14787432008148,-2.14763111951324,-2.1473883414284,-2.14714607170806,-2.1469043968578,-2.14666340390728,-2.14642318030862,-2.14618381383363,-2.14594539247004,-2.14570800431682,-2.14547173747897,-2.14523667996177,-2.14500291956444,-2.14477054377337,-2.14453963965498,-2.14431029374835,-2.14408259195763,-2.14385661944454,-2.1436324605209,-2.14341019854152,-2.1431899157972,-2.14297169340819,-2.14275561121825,-2.14254174768958,-2.14233017979859,-2.14212098293259,-2.1419142307874,-2.14170999526596,-2.14150834637777,-2.14130935213978,-2.14111307847877,-2.14091958913518,-2.14072894556852,-2.14054120686434,-2.14035642964285,-2.1401746679694,-2.13999597326711,-2.13982039423171,-2.13964797674867,-2.13947876381276,-2.13931279544986,-2.13915010864129,-2.13899073725073,-2.13883471195365,-2.13868206016941,-2.13853280599625,-2.1383869701493,-2.13824456990162,-2.13810561902842,-2.13797012775446,-2.13783810270503,-2.13770954686049,-2.13758445951446,-2.13746283623548,-2.13734466883223,-2.13722994532255,-2.13711864990651,-2.13701076294321,-2.13690626093139,-2.13680511649368,-2.13670729836477,-2.13661277138359,-2.13652149648944,-2.13643343072238,-2.13634852722767,-2.13626673526448,-2.13618800021855,-2.1361122636189,-2.13603946315849,-2.13596953271909,-2.13590240240013,-2.13583799855182,-2.13577624381254,-2.13571705715019,-2.13566035390766,-2.13560604585206,-2.13555404122787,-2.13550424481391,-2.13545655798423,-2.13541087877275,-2.13536710194161,-2.13532511905329,-2.13528481854645,-2.13524608581536,-2.13520880329289,-2.13517285053696,-2.13513810432056,-2.13510443872512,-2.135071725237,-2.13503983284702,-2.1350086281529,-2.13497797546481,-2.13494773691371,-2.13491777256238,-2.13488794051932,-2.134858097055,-2.13482809672073,-2.13479779246966,-2.13476703578003,-2.13473567678039,-2.13470356437679,-2.13467054638171,-2.13463646964475,-2.13460118018486,-2.13456452332402,-2.13452634382227,-2.13448648601365,-2.13444479394332,-2.13440111150551,-2.13435528258238,-2.13430715118335,-2.13425656158495,-2.13420335847102,-2.13414738707312,-2.13408849331106,-2.13402652393313,-2.13396132665582,-2.13389275030304,-2.13382064494459,-2.13374486203402,-2.13366525454556,-2.13358167711006,-2.13349398614969,-2.13340204001151,-2.13330569909941,-2.13320482600465,-2.13309928563472,-2.13298894534021,-2.13287367504001,-2.13275334734426,-2.13262783767532,-2.13249702438633,-2.13236078887739,-2.13221901570917,-2.13207159271406,-2.13191841110448,-2.13175936557845,-2.13159435442209,-2.13142327960887,-2.13124604689546,-2.13106256591439,-2.1308727502631,-2.13067651758964,-2.13047378967477,-2.13026449251018,-2.13004855637295,-2.12982591589621,-2.12959651013584,-2.12936028263312,-2.12911718147306,-2.12886715933859,-2.12861017356051,-2.12834618616352,-2.12807516390793,-2.12779707832716,-2.12751190576096,-2.1272196273843,-2.12692022923197,-2.12661370221889,-2.12630004215592,-2.12597924976137,-2.12565133066796,-2.12531629542559,-2.12497415949976,-2.12462494326567,-2.12426867199793,-2.12390537585595,-2.12353508986488,-2.12315785389227,-2.12277371262027,-2.1223827155135,-2.12198491678282,-2.12158037534511,-2.1211691547793,-2.12075132327854,-2.12032695359848,-2.11989612300183,-2.11945891319928,-2.11901541028671,-2.11856570467869,-2.11810989103834,-2.11764806820368,-2.11718033911038,-2.11670681071124,-2.11622759389239,-2.11574280338621,-2.1152525576814,-2.11475697893007,-2.11425619285196,-2.11375032863615,-2.11323951884017,-2.11272389928675,-2.11220360895805,-2.11167878988769,-2.11114958705045,-2.11061614824997,-2.11007862400457,-2.10953716743126,-2.10899193412811,-2.10844308205499,-2.10789077141306,-2.1073351645228,-2.10677642570073,-2.10621472113517,-2.10565021876111,-2.10508308813443,-2.10451350030521,-2.10394162769039,-2.10336764394595,-2.10279172383886,-2.10221404311892,-2.10163477839045,-2.10105410698427,-2.10047220682964,-2.09988925632661,-2.09930543421873,-2.09872091946647,-2.09813589112139,-2.09755052820131,-2.09696500956644,-2.09637951379667,-2.09579421906981,-2.09520930304118,-2.09462494272466,-2.09404131437508,-2.09345859337219,-2.09287695410628,-2.09229656986542,-2.09171761272455,-2.09114025343624,-2.09056466132344,-2.08999100417429,-2.08941944813892,-2.08885015762842,-2.08828329521627,-2.08771902154207,-2.08715749521764,-2.08659887273555,-2.08604330838034,-2.08549095414209,-2.08494195963269,-2.0843964720048,-2.08385463587342,-2.08331659324016,-2.08278248342036,-2.08225244297313,-2.08172660563434,-2.08120510225238,-2.08068806072696,-2.08017560595071,-2.07966785975374,-2.07916494085108,-2.07866696479323,-2.07817404391972,-2.07768628731574,-2.07720380077183,-2.07672668674646,-2.07625504433162,-2.07578896922154,-2.07532855368432,-2.0748738865367,-2.07442505312179,-2.07398213528993,-2.07354521138235,-2.07311435621797,-2.07268964108323,-2.0722711337248,-2.07185889834517,-2.071452995601,-2.07105348260421,-2.07066041292563,-2.07027383660123,-2.06989380014101,-2.06952034654047,-2.06915351529463,-2.06879334241444,-2.06843986044569,-2.06809309849028,-2.06775308222971,-2.06741983395072,-2.06709337257303,-2.0667737136794,-2.06646086954799,-2.0661548491869,-2.06585565837065,-2.06556329967864,-2.06527777253543,-2.06499907325267,-2.06472719507292,-2.06446212821518,-2.0642038599222,-2.06395237450925,-2.06370765341449,-2.06346967525059,-2.06323841585781,-2.06301384835839,-2.06279594321205,-2.06258466827258,-2.06237998884528,-2.06218186774525,-2.06199026535655,-2.06180513969219,-2.06162644645481,-2.0614541390981,-2.06128816888872,-2.06112848496873,-2.06097503441865,-2.06082776232097,-2.06068661182415,-2.06055152420688,-2.06042243894282,-2.06029929376541,-2.06018202473306,-2.0600705662944,-2.05996485135376,-2.05986481133649,-2.05977037625448,-2.0596814747715,-2.05959803426874,-2.05951998091008,-2.05944723970719,-2.05937973458423,-2.05931738844216,-2.05926012322251,-2.05920785997071,-2.05916051889894,-2.05911801944848,-2.05908028035147,-2.05904721969231,-2.05901875496847,-2.05899480315046,-2.05897528074126,-2.05896010383507,-2.05894918817532,-2.05894244921183,-2.05893980215716,-2.05894116204202,-2.0589464437698,-2.0589555621702,-2.05896843205205,-2.05898496825485,-2.05900508569911,-2.05902869943563,-2.05905572469349,-2.05908607692684,-2.05911967186032,-2.05915642553345,-2.05919625434392,-2.05923907508987,-2.05928480501075,-2.059333361827,-2.05938466377848,-2.05943862966175,-2.05949517886633,-2.0595542314101,-2.0596157079736,-2.05967952993319,-2.05974561939285,-2.05981389921474,-2.05988429304842,-2.05995672535881,-2.06003112145299,-2.06010740750567,-2.06018551058339,-2.06026535866754,-2.06034688067612,-2.06043000648454,-2.0605146669451,-2.06060079390513,-2.06068832022396,-2.0607771797885,-2.0608673075276,-2.06095863942542,-2.06105111253368,-2.06114466498266,-2.06123923599116,-2.06133476587529,-2.06143119605617,-2.0615284690667,-2.06162652855743,-2.0617253193013,-2.06182478719733,-2.06192487927334,-2.06202554368777,-2.06212672973078,-2.06222838782439,-2.06233046952179,-2.06243292750556,-2.06253571558525,-2.062638788694,-2.06274210288446,-2.06284561532371,-2.06294928428741,-2.06305306915333,-2.06315693039429,-2.06326082957055,-2.06336472932133,-2.06346859335551,-2.06357238644161,-2.06367607439718,-2.06377962407759,-2.06388300336426,-2.06398618115236,-2.06408912733797,-2.06419181280482,-2.06429420941074,-2.06439628997393,-2.06449802825881,-2.06459939896158,-2.06470037769545,-2.06480094097575,-2.06490106620465,-2.06500073165578,-2.06509991645843,-2.06519860058159,-2.06529676481783,-2.06539439076704,-2.06549146082014,-2.06558795814259,-2.06568386665793,-2.06577917103112,-2.06587385665174,-2.06596790961708,-2.06606131671529,-2.06615406540863,-2.06624614381647,-2.06633754069839,-2.06642824543747,-2.06651824802378,-2.06660753903774,-2.06669610963352,-2.06678395152266,-2.06687105695792,-2.06695741871735,-2.06704303008874,-2.06712788485448,-2.06721197727655,-2.06729530208182,-2.06737785444747,-2.06745962998665,-2.06754062473439,-2.06762083513363,-2.06770025802143,-2.06777889061537,-2.06785673050005,-2.06793377561376,-2.0680100242355,-2.06808547497264,-2.06816012674927,-2.06823397879497,-2.06830703063394,-2.06837928207417,-2.06845073319665,-2.06852138434473,-2.06859123611384,-2.06866028934181,-2.06872854509956,-2.06879600468212,-2.06886266959989,-2.06892854156992,-2.06899362250746,-2.0690579145177,-2.06912141988799,-2.06918414108028,-2.06924608072376,-2.06930724160769,-2.06936762667448,-2.06942723901318,-2.06948608185339,-2.0695441585596,-2.06960147262558,-2.06965802766888,-2.06971382742542,-2.06976887574435,-2.06982317658291,-2.06987673400152,-2.06992955215914,-2.06998163530889,-2.07003298779395,-2.07008361404398,-2.07013351857198,-2.07018270597158,-2.07023118091443,-2.07027894814753,-2.07032601249059,-2.0703723788334,-2.07041805213338,-2.07046303741298,-2.07050733975722,-2.07055096431143,-2.07059391627915,-2.07063620092003,-2.07067782354789,-2.07071878952881,-2.07075910427929,-2.07079877326463,-2.07083780199727,-2.07087619603499,-2.07091396097906,-2.0709511024722,-2.07098762619672,-2.0710235378726,-2.07105884325558,-2.07109354813509,-2.07112765833238,-2.07116117969863,-2.07119411811322,-2.071226479482,-2.07125826973557,-2.07128949482773,-2.07132016073403,-2.07135027345049,-2.07137983899243,-2.07140886339324,-2.07143735270326,-2.07146531298873,-2.07149275033095,-2.07151967082525,-2.07154608058003,-2.07157198571587,-2.07159739236472,-2.07162230666916,-2.07164673478139,-2.07167068286212,-2.07169415707958,-2.07171716360848,-2.07173970862913,-2.07176179832639,-2.07178343888866,-2.0718046365068,-2.07182539737305,-2.07184572768011,-2.07186563362042,-2.07188512138549,-2.0719041971652,-2.07192286714709,-2.07194113751544,-2.07195901445028,-2.07197650412638,-2.07199361271201,-2.0720103463675,-2.07202671124386,-2.07204271348132,-2.07205835920785,-2.07207365453759,-2.07208860556896,-2.07210321838294,-2.07211749904135,-2.07213145358524,-2.0721450880333,-2.07215840838034,-2.07217142059569,-2.07218413062155,-2.07219654437148,-2.07220866772867,-2.07222050654418,-2.07223206663517,-2.07224335378306,-2.0722543737316,-2.0722651321849,-2.07227563480562,-2.07228588721331,-2.07229589498248,-2.0723056636405,-2.07231519866561,-2.07232450548496,-2.07233358947249,-2.07234245594692,-2.07235111016966,-2.07235955734281,-2.07236780260725,-2.07237585104084,-2.07238370765657,-2.07239137740071,-2.07239886515075,-2.07240617571325,-2.07241331382188,-2.07242028413534,-2.07242709123529,-2.0724337396241,-2.07244023372272,-2.07244657786833,-2.07245277631217,-2.07245883321739,-2.07246475265694,-2.0724705386117,-2.07247619496866,-2.07248172551926,-2.0724871339576,-2.07249242387894,-2.0724975987781,-2.07250266204815,-2.07250761697914,-2.07251246675699,-2.07251721446217,-2.07252186306851,-2.0725264154421,-2.07253087434024,-2.0725352424106,-2.07253952219034,-2.07254371610522,-2.07254782646876,-2.07255185548148,-2.0725558052302,-2.07255967768747,-2.07256347471115,-2.07256719804435,-2.0725708493154,-2.07257443003805,-2.07257794161161,-2.07258138532127,-2.07258476233861,-2.07258807372218,-2.07259132041827,-2.07259450326178,-2.07259762297718,-2.07260068017961,-2.072603675376,-2.07260660896609,-2.07260948124348,-2.07261229239693,-2.07261504251166,-2.07261773157085,-2.07262035945731,-2.0726229259554,-2.07262543075303,-2.07262787344363,-2.07263025352812,-2.07263257041684,-2.07263482343152,-2.07263701180743,-2.07263913469584,-2.07264119116671,-2.07264318021168,-2.07264510074734,-2.07264695161859,-2.07264873160206,-2.07265043940951,-2.07265207369142,-2.07265363304056,-2.07265511599553,-2.0726565210443,-2.07265784662778,-2.07265909114337,-2.07266025294869,-2.07266133036554,-2.07266232168398,-2.07266322516657,-2.07266403905275,-2.0726647615632,-2.07266539090452,-2.07266592527395,-2.07266636286424,-2.07266670186881,-2.07266694048706,-2.07266707692973,-2.07266710942417,-2.07266703621948,-2.07266685559167,-2.07266656584887,-2.07266616533684,-2.07266565244447,-2.07266502560925,-2.07266428332257,-2.07266342413487,-2.07266244666069,-2.07266134958341,-2.07266013165994,-2.0726587917254,-2.07265732869776,-2.07265574158233,-2.07265402947608,-2.07265219157171,-2.07265022716157,-2.07264813564139,-2.07264591651378,-2.07264356939157,-2.07264109400098,-2.0726384901845,-2.0726357579036,-2.07263289724116,-2.07262990840381,-2.07262679172397,-2.07262354766158,-2.07262017680552,-2.07261667987511,-2.07261305772134,-2.07260931132805,-2.07260544181272,-2.07260145042695,-2.07259733855671,-2.07259310772199,-2.07258875957612,-2.0725842959046,-2.07257971862369,-2.07257502977867,-2.07257023154175,-2.07256532620981,-2.07256031620198,-2.07255520405705,-2.07254999243076,-2.07254468409304,-2.07253928192494,-2.07253378891549,-2.07252820815829,-2.07252254284801,-2.07251679627674,-2.07251097183017,-2.07250507298348,-2.07249910329719,-2.07249306641285,-2.07248696604864,-2.07248080599499,-2.07247459010984,-2.07246832231377,-2.0724620065848,-2.07245564695303,-2.07244924749513,-2.07244281232846,-2.07243634560529,-2.07242985150689,-2.07242333423762,-2.07241679801898,-2.07241024708371,-2.07240368566992,-2.07239711801519,-2.07239054835061,-2.07238398089477,-2.07237741984771,-2.07237086938498,-2.07236433365175,-2.07235781675713,-2.07235132276856,-2.07234485570653,-2.07233841953933,-2.07233201817794,-2.07232565547117,-2.07231933520091,-2.07231306107759,-2.0723068367357,-2.07230066572958,-2.07229455152906,-2.07228849751528,-2.0722825069765,-2.07227658310424,-2.07227072898926,-2.07226494761774,-2.07225924186753,-2.07225361450481,-2.07224806818078,-2.07224260542845,-2.07223722865964,-2.07223194016243,-2.07222674209871,-2.07222163650188,-2.07221662527461,-2.07221171018678,-2.07220689287365,-2.0722021748343,-2.07219755743031,-2.07219304188469,-2.07218862928116,-2.07218432056365,-2.07218011653618,-2.07217601786308,-2.07217202506958,-2.07216813854271,-2.07216435853246,-2.07216068515305,-2.07215711838433,-2.0721536580734,-2.07215030393659,-2.07214705556184,-2.07214391241162,-2.07214087382601,-2.07213793902595,-2.07213510711671,-2.07213237709147,-2.07212974783504,-2.07212721812777,-2.0721247866496,-2.07212245198424,-2.07212021262357,-2.07211806697211,-2.07211601335164,-2.07211405000586,-2.07211217510511,-2.07211038675118,-2.07210868298216,-2.07210706177729,-2.07210552106184,-2.07210405871193,-2.07210267255948,-2.07210136039721,-2.07210011998371,-2.07209894904859,-2.07209784529785,-2.07209680641936,-2.07209583008832,-2.0720949139727,-2.07209405573863,-2.07209325305578,-2.0720925036027,-2.07209180507195,-2.072091155175,-2.07209055164697,-2.07208999225098,-2.07208947478249,-2.07208899707329,-2.07208855699539,-2.07208815246451,-2.07208778144349,-2.07208744194563,-2.07208713203763,-2.07208684984243,-2.07208659354196,-2.0720863613797,-2.07208615166282,-2.07208596276421,-2.07208579312397,-2.07208564125062,-2.07208550572191,-2.07208538518529,-2.07208527835781,-2.0720851840259,-2.07208510104485,-2.0720850283382,-2.07208496489706,-2.07208490977945,-2.07208486210928,-2.07208482107501,-2.07208478592795,-2.07208475598016,-2.0720847306022,-2.07208470922077,-2.0720846913163,-2.07208467642055,-2.07208466411388,-2.07208465402232,-2.07208464581451,-2.07208463919841,-2.07208463391807,-2.07208462975031,-2.07208462650166,-2.07208462400544,-2.07208462211897,-2.07208462072083,-2.07208461970835,-2.07208461899547,-2.0720846185108,-2.07208461819591,-2.07208461800365,-2.0720846178967,-2.0720846178462,-2.07208461783056,-2.07208461783417,0.101204565333227,0.101467017347898,0.101733511330536,0.102003949190528,0.102278228750473,0.102556243806386,0.102837884192486,0.103123035850513,0.103411580903504,0.103703397733996,0.103998361066559,0.104296342054608,0.104597208371407,0.104900824305194,0.105207050858342,0.105515745850429,0.105826764025128,0.106139957160802,0.106455174184704,0.106772261290649,0.107091062060041,0.107411417586142,0.107733166601442,0.108056145608019,0.10838018901073,0.108705129253084,0.109030796955655,0.109357021056885,0.10968362895612,0.110010446658734,0.110337298923181,0.110664009409833,0.110990400831424,0.111316295104947,0.111641513504855,0.111965876817382,0.112289205495839,0.112611319816696,0.112932040036295,0.113251186547992,0.113568580039573,0.113884041650771,0.114197393130723,0.114508456995206,0.11481705668345,0.115123016714364,0.115426162842003,0.115726322210109,0.116023323505584,0.116316997110715,0.116607175253996,0.116893692159375,0.117176384193775,0.117455090012726,0.117729650703937,0.11799990992869,0.118265714060894,0.118526912323658,0.118783356923234,0.119034903180191,0.119281409657698,0.119522738286774,0.119758754488399,0.119989327292343,0.120214329452588,0.120433637559245,0.12064713214684,0.120854697798868,0.12105622324851,0.121251601475422,0.121440729798503,0.121623509964546,0.121799848232702,0.121969655454677,0.122132847150581,0.122289343580383,0.122439069810875,0.122581955778116,0.122717936345284,0.122846951355907,0.122968945682441,0.12308386927015,0.12319167717626,0.123292329604365,0.123385791934087,0.12347203474597,0.123551033841577,0.123622770258798,0.123687230282364,0.123744405449583,0.123794292551316,0.123836893628213,0.123872215962221,0.123900272063406,0.123921079652116,0.123934661636532,0.12394104608564,0.123940266197663,0.123932360264012,0.123917371628798,0.123895348643993,0.123866344620298,0.123830417773794,0.123787631168427,0.123738052654395,0.123681754802553,0.123618814834889,0.123549314551147,0.123473340251703,0.123390982656783,0.12330233682214,0.123207502051281,0.123106581804356,0.122999683603785,0.122886918936742,0.122768403154605,0.122644255369482,0.122514598347914,0.1223795584019,0.122239265277332,0.122093852039983,0.121943454959157,0.12178821338914,0.121628269648565,0.121463768897801,0.12129485901449,0.121121690467364,0.120944416188473,0.120763191443957,0.120578173703477,0.120389522508448,0.120197399339171,0.120001967481024,0.119803391889817,0.119601839056442,0.11939747687095,0.119190474486175,0.118981002181029,0.118769231223597,0.118555333734137,0.118339482548121,0.118121851079444,0.117902613183922,0.117681943023187,0.117460014929103,0.11723700326883,0.117013082310641,0.11678842609059,0.116563208280161,0.116337602054971,0.116111779964665,0.115885913804081,0.115660174485826,0.115434731914327,0.115209754861475,0.114985410843938,0.114761866002253,0.114539284981762,0.1143178308155,0.114097664809134,0.113878946427997,0.113661833186348,0.113446480538892,0.113233041774669,0.113021667913347,0.112812507604018,0.112605707026537,0.112401409795494,0.112199756866863,0.112000886447403,0.111804933906845,0.111612031692937,0.111422309249367,0.11123589293664,0.111052905955926,0.110873468275949,0.110697696562938,0.110525704113679,0.110357600791694,0.110193492966576,0.110033483456516,0.109877671474045,0.109726152575013,0.109579018610815,0.109436357683887,0.109298254106494,0.109164788362798,0.109036037074243,0.108912072968221,0.10879296485006,0.108678777578292,0.108569572043193,0.108465405148613,0.108366329797061,0.108272394878045,0.108183645259655,0.108100121783358,0.108021861261966,0.107948896480789,0.107881256201928,0.1078189651717,0.107762044131155,0.107710509829644,0.107664375041417,0.107623648585222,0.107588335346831,0.107558436304482,0.107533948557186,0.107514865355854,0.107501176137199,0.107492866560371,0.107489918546267,0.107492310319471,0.107500016452775,0.107513007914208,0.107531252116525,0.107554712969095,0.107583350932139,0.107617123073235,0.107655983126032,0.107699881551116,0.107748765598968,0.107802579374935,0.107861263906152,0.107924757210339,0.107992994366418,0.108065907586867,0.108143426291758,0.108225477184385,0.108311984328421,0.108402869226521,0.108498050900302,0.108597445971642,0.108700968745183,0.108808531292013,0.108920043534404,0.109035413331553,0.109154546566246,0.10927734723238,0.109403717523249,0.109533557920541,0.109666767283939,0.10980324294127,0.10994288077909,0.110085575333651,0.110231219882179,0.11037970653437,0.110530926324056,0.110684769300943,0.110841124622369,0.110999880645003,0.111160925016399,0.111324144766332,0.111489426397851,0.111656655977961,0.111825719227855,0.111996501612641,0.112168888430506,0.112342764901253,0.112518016254121,0.112694527814828,0.11287218509175,0.113050873861189,0.11323048025166,0.113410890827141,0.11359199266921,0.113773673458017,0.113955821552013,0.114138326066402,0.114321076950236,0.114503965062123,0.114686882244476,0.114869721396258,0.115052376544164,0.115234742912208,0.115416716989655,0.115598196597268,0.115779080951824,0.115959270728861,0.116138668123612,0.116317176910077,0.116494702498191,0.116671151989062,0.116846434228243,0.11702045985701,0.117193141361634,0.117364393120602,0.117534131449785,0.117702274645524,0.117868743025605,0.118033458968115,0.118196346948149,0.11835733357236,0.118516347611336,0.118673320029802,0.118828184014617,0.118980875000597,0.119131330694135,0.119279491094641,0.119425298513795,0.119568697592621,0.119709635316374,0.119848061027228,0.119983926434787,0.120117185624443,0.120247795063596,0.120375713605757,0.120500902492553,0.120623325353637,0.120742948204522,0.120859739442356,0.120973669839682,0.121084712536218,0.121192843028691,0.121298039158736,0.121400281098888,0.121499551336732,0.12159583465723,0.121689118123252,0.121779391054373,0.121866645003944,0.121950873734496,0.122032073191513,0.12211024147562,0.12218537881324,0.122257487525777,0.122326571997359,0.122392638641187,0.122455695864546,0.122515754032519,0.122572825430441,0.122626924225155,0.122678066425134,0.122726269839509,0.122771554036068,0.122813940298252,0.122853451581231,0.122890112467105,0.122923949119292,0.122954989236171,0.122983262004009,0.12300879804925,0.123031629390216,0.123051789388284,0.12306931269858,0.123084235220261,0.123096594046431,0.123106427413748,0.12311377465177,0.123118676132115,0.123121173217479,0.12312130821057,0.123119124303023,0.123114665524332,0.123107976690851,0.123099103354926,0.123088091754203,0.123074988761162,0.12305984183292,0.123042698961367,0.123023608623651,0.123002619733064,0.122979781590385,0.12295514383569,0.122928756400703,0.122900669461718,0.122870933393126,0.122839598721597,0.122806716080951,0.122772336167743,0.122736509697598,0.122699287362332,0.122660719787896,0.12262085749316,0.122579750849568,0.122537450041689,0.122494005028713,0.122449465506895,0.122403880872995,0.122357300188714,0.12230977214614,0.122261345034237,0.122212066706393,0.122161984549044,0.122111145451389,0.122059595776199,0.122007381331751,0.121954547344869,0.121901138435088,0.121847198589945,0.12179277114141,0.121737898743448,0.121682623350719,0.121626986198431,0.121571027783322,0.121514787845802,0.121458305353215,0.121401618484238,0.121344764614411,0.121287780302794,0.121230701279743,0.121173562435796,0.121116397811667,0.121059240589305,0.121002123084025,0.120945076737685,0.120888132112907,0.120831318888309,0.120774665854744,0.120718200912525,0.120661951069642,0.120605942440928,0.120550200248182,0.120494748821206,0.120439611599738,0.120384811136249,0.120330369099575,0.120276306279371,0.120222642591345,0.120169397083291,0.120116587941864,0.120064232500097,0.120012347245621,0.11996094782956,0.119910049076074,0.119859664992541,0.119809808780346,0.119760492846261,0.119711728814364,0.11966352753848,0.119615899115109,0.119568852896815,0.119522397506041,0.11947654084935,0.119431290132063,0.119386651873266,0.11934263192115,0.119299235468649,0.119256467069347,0.119214330653648,0.119172829545181,0.119131966477391,0.119091743610319,0.119052162547547,0.119013224353251,0.118974929569372,0.118937278232842,0.118900269892878,0.118863903628294,0.118828178064827,0.118793091392459,0.1187586413827,0.118724825405835,0.118691640448087,0.1186590831287,0.118627149716908,0.118595836148786,0.118565138043954,0.118535050722132,0.118505569219524,0.118476688305029,0.118448402496246,0.118420706075247,0.118393593104112,0.118367057440199,0.118341092751161,0.118315692529665,0.118290850107815,0.118266558671271,0.118242811273055,0.118219600847029,0.118196920221046,0.118174762129764,0.118153119227122,0.118131984098478,0.118111349272402,0.118091207232093,0.118071550426416,0.118052371280553,0.118033662206288,0.118015415611894,0.117997623911651,0.11798027953497,0.117963374935144,0.117946902597709,0.117930855048433,0.117915224860913,0.117900004663793,0.117885187147602,0.117870765071201,0.117856731267854,0.117843078650918,0.117829800219165,0.117816889061739,0.117804338362749,0.117792141405501,0.117780291576354,0.117768782368235,0.117757607383774,0.117746760338111,0.117736235061344,0.117726025500657,0.117716125722098,0.117706529912039,0.117697232378326,0.117688227551116,0.117679509983422,0.117671074351373,0.117662915454209,0.117655028213997,0.117647407675088,0.11764004900331,0.117632947484928,0.117626098525363,0.117619497647687,0.117613140490898,0.117607022807972,0.117601140463723,0.117595489432474,0.117590065795551,0.117584865738614,0.117579885548838,0.117575121611947,0.117570570409118,0.117566228513765,0.11756209258819,0.117558159380139,0.117554425719257,0.117550888513472,0.117547544745307,0.117544391468124,0.117541425802302,0.117538644931355,0.117536046098007,0.117533626600239,0.117531383787315,0.11752931505578,0.117527417845458,0.117525689635422,0.117524127939983,0.117522730304705,0.117521494302442,0.117520417529422,0.117519497601367,0.117518732149667,0.11751811881762,0.117517655256742,0.117517339123155,0.11751716807406,0.117517139764294,0.117517251842967,0.117517501950186,0.117517887713892,0.117518406746815,0.117519056643537,0.117519834977684,0.117520739299224,0.117521767131919,0.117522915970909,0.117524183280434,0.117525566491709,0.117527063000947,0.117528670167551,0.117530385312459,0.117532205716654,0.117534128619854,0.117536151219362,0.117538270669093,0.117540484078766,0.117542788513269,0.117545180992183,0.117547658489487,0.117550217933412,0.117552856206481,0.117555570145701,0.11755835654295,0.117561212145515,0.117564133656796,0.117567117737178,0.117570161005059,0.117573260038037,0.117576411374262,0.117579611513947,0.117582856921034,0.117586144025011,0.117589469222867,0.117592828881204,0.117596219338494,0.117599636907494,0.117603077877815,0.117606538518618,0.117610015081448,0.117613503803193,0.117617000909159,0.117620502616259,0.117624005136314,0.117627504679468,0.117630997457684,0.117634479688358,0.117637947598002,0.117641397426025,0.117644825428602,0.117648227882619,0.117651601089684,0.117654941380198,0.117658245117492,0.117661508702013,0.117664728575565,0.117667901225601,0.117671023189519,0.117674091058992,0.117677101484292,0.117680051178622,0.117682936922457,0.117685755567865,0.117688504042812,0.11769117935544,0.117693778598312,0.117696298952622,0.117698737692371,0.117701092188473,0.117703359912799,0.117705538442145,0.117707625462133,0.117709618771029,0.117711516283488,0.117713316034186,0.117715016181349,0.117716615010176,0.117718110936137,0.117719502508162,0.117720788411695,0.117721967471623,0.117723038655069,0.117724001074037,0.117724853987897,0.117725596805705,0.117726229088361,0.117726750550598,0.117727161062795,0.117727460652621,0.117727649506503,0.117727727970909,0.117727696553412,0.117727555923545,0.117727306913439,0.117726950518279,0.11772648789653,0.117725920369968,0.117725249423488,0.1177244767047,0.117723604023311,0.11772263335028,0.117721566816751,0.117720406712758,0.11771915548573,0.117717815738758,0.117716390228643,0.117714881863696,0.117713293701312,0.117711628945321,0.117709890943126,0.1177080831826,0.117706209288752,0.117704273020157,0.11770227826516,0.11770022903785,0.117698129473819,0.117695983825681,0.117693796458367,0.117691571844189,0.117689314557681,0.117687029270235,0.117684720744536,0.117682393828809,0.117680053450863,0.117677704611948,0.117675352380425,0.117673001885269,0.117670658309414,0.117668326882953,0.117666012876185,0.117663721592517,0.117661458361229,0.117659228530098,0.117657037457887,0.117654890506709,0.117652793034276,0.117650750386036,0.117648767887217,0.117646850834774,0.117645004489257,0.117643234066606,0.117641544729877,0.117639941580907,0.117638429651935,0.117637013897175,0.117635699184356,0.117634490286234,0.117633391872096,0.117632408499253,0.117631544604541,0.117630804495817,0.117630192343488,0.117629712172062,0.117629367851747,0.117629163090114,0.117629101423821,0.117629186210404,0.117629420620132,0.117629807627939,0.117630350005499,0.117631050313416,0.117631910893571,0.117632933861609,0.117634121099582,0.117635474248749,0.117636994702556,0.117638683599798,0.117640541817988,0.117642569966914,0.117644768382416,0.117647137120362,0.117649675950859,0.117652384352687,0.117655261507997,0.11765830629726,0.1176615172945,0.117664892762803,0.117668430650115,0.117672128585316,0.117675983874573,0.117679993498011,0.117684154106676,0.11768846201981,0.117692913222453,0.117697503363381,0.117702227753381,0.117707081363864,0.117712058825842,0.117717154429246,0.117722362122612,0.117727675513114,0.117733087866969,0.117738592110214,0.11774418082986,0.117749846275424,0.117755580360837,0.117761374666731,0.117767220443114,0.117773108612413,0.117779029772893,0.117784974202442,0.117790931862723,0.117796892403691,0.117802845168487,0.117808779198712,0.117814683240084,0.117820545748468,0.11782635489627,0.117832098579204,0.117837764423393,0.117843339792825,0.117848811797142,0.117854167299775,0.11785939292643,0.117864475073883,0.117869399919105,0.117874153428706,0.117878721368689,0.117883089314508,0.117887242661422,0.117891166635122,0.117894846302642,0.117898266583537,0.11790141226131,0.11790426799507,0.11790681833143,0.117909047716606,0.117910940508734,0.117912480990373,0.1179136533812,0.117914441850875,0.11791483053208,0.11791480353371,0.117914344954203,0.117913438895007,0.117912069474147,0.117910220839906,0.117907877184587,0.117905022758352,0.117901641883119,0.117897718966496,0.117893238515734,0.117888185151687,0.117882543622763,0.117876298818864,0.117869435785285,0.117861939736564,0.117853796070268,0.117844990380686,0.117835508472414,0.117825336373802,0.117814460350254,0.117802866917363,0.117790542853879,0.11777747521449,0.117763651342415,0.117749058881792,0.11773368578986,0.117717520348924,0.117700551178083,0.117682767244697,0.117664157875594,0.117644712767983,0.117624422000066,0.117603276041326,0.117581265762488,0.117558382445137,0.117534617790974,0.117509963930702,0.117484413432536,0.117457959310336,0.117430595031337,0.117402314523462,0.117373112182224,0.117342982877206,0.117311921958103,0.117279925260333,0.117246989110193,0.117213110329565,0.117178286240149,0.117142514667223,0.117105793942948,0.117068122909175,0.117029500919779,0.116989927842498,0.116949404060298,0.116907930472239,0.116865508493868,0.116822140057106,0.116777827609646,0.116732574113845,0.116686383045122,0.11663925838984,0.116591204642694,0.116542226803586,0.116492330373991,0.116441521352823,0.116389806231806,0.116337191990349,0.11628368608993,0.11622929646802,0.116174031531531,0.116117900149782,0.116060911647016,0.116003075794452,0.115944402801889,0.115884903308873,0.115824588375413,0.115763469472257,0.115701558470733,0.11563886763217,0.115575409596902,0.115511197372888,0.115446244323927,0.115380564157505,0.115314170912274,0.11524707894518,0.115179302918249,0.115110857785041,0.115041758776786,0.114972021388214,0.114901661363095,0.114830694679511,0.114759137534859,0.114687006330617,0.11461431765688,0.11454108827668,0.114467335110096,0.114393075218188,0.114318325786742,0.114243104109856,0.114167427573373,0.114091313638188,0.114014779823431,0.113937843689554,0.113860522821333,0.113782834810811,0.113704797240189,0.113626427664689,0.113547743595398,0.1134687624821,0.113389501696135,0.113309978513278,0.113230210096681,0.11315021347989,0.113070005549958,0.112989603030662,0.112909022465832,0.112828280202823,0.112747392376123,0.112666374891124,0.112585243408051,0.1125040133261,0.112422699767788,0.112341317563542,0.112259881236528,0.112178404987755,0.112096902681464,0.112015387830815,0.111933873583885,0.111852372709993,0.111770897586359,0.111689460185123,0.111608072060723,0.111526744337644,0.111445487698573,0.111364312372968,0.111283228126051,0.111202244248246,0.111121369545069,0.111040612327477,0.110959980402699,0.110879481065554,0.110799121090271,0.110718906722812,0.11063884367372,0.11055893711149,0.110479191656491,0.110399611375416,0.110320199776291,0.110240959804026,0.110161893836534,0.110083003681427,0.110004290573277,0.109925755171488,0.109847397558751,0.109769217240118,0.109691213142681,0.109613383615872,0.109535726432367,0.109458238789605,0.109380917311928,0.109303758053358,0.109226756500981,0.109149907578952,0.109073205653135,0.108996644536361,0.108920217494321,0.10884391725206,0.108767736001107,0.10869166540721,0.108615696618712,0.108539820275526,0.108464026518732,0.108388305000768,0.108312644896226,0.108237034913226,0.108161463305368,0.108085917884264,0.108010386032644,0.107934854718025,0.107859310506921,0.107783739579602,0.107708127745371,0.107632460458372,0.107556722833899,0.107480899665189,0.107404975440693,0.107328934361814,0.107252760361101,0.107176437120873,0.107099948092295,0.107023276514856,0.106946405436247,0.106869317732606,0.106791996129114,0.106714423220929,0.106636581494425,0.106558453348723,0.106480021117508,0.106401267091113,0.106322173538844,0.106242722731536,0.106162896964304,0.106082678579492,0.106002049989784,0.105920993701462,0.105839492337766,0.105757528662368,0.105675085602906,0.105592146274585,0.10550869400381,0.105424712351834,0.105340185138391,0.105255096465294,0.105169430739984,0.105083172699004,0.104996307431372,0.104908820401818,0.104820697473885,0.104731924932848,0.104642489508447,0.104552378397418,0.104461579285781,0.104370080370876,0.104277870383111,0.104184938607403,0.104091274904315,0.10399686973084,0.103901714160806,0.103805799904895,0.103709119330215,0.103611665479422,0.103513432089385,0.10341441360935,0.103314605218618,0.103214002843683,0.10311260317483,0.103010403682164,0.102907402631057,0.102803599096987,0.102698992979742,0.102593585016977,0.10248737679711,0.102380370771531,0.102272570266118,0.102163979492027,0.10205460355576,0.101944448468488,0.101833521154625,0.101721829459643,0.101609382157101,0.101496188954893,0.101382260500693,0.101267608386579,0.101152245152832,0.1010361842909,0.10091944024552,0.100802028415978,0.100683965156498,0.100565267775755,0.100445954535515,0.100326044648386,0.100205558274701,0.100084516518496,0.099962941422594,0.0998408559627822,0.0997182840410872,0.0995952504781476,0.0994717810046918,0.0993479022521205,0.0992236417421863,0.0990990278757714,0.0989740899207684,0.0988488579990646,0.0987233630726372,0.0985976369287661,0.0984717121643691,0.0983456221694643,0.0982194011097704,0.0980930839084541,0.0979667062270344,0.0978403044454527,0.0977139156413128,0.0975875775682993,0.0974613286337899,0.097335207875678,0.0972092549384256,0.0970835100483575,0.0969580139882113,0.0968328080709546,0.0967079341128875,0.0965834344060452,0.0964593516899252,0.0963357291225604,0.0962126102509492,0.096090038980868,0.0959680595460885,0.0958467164770143,0.0957260545687618,0.0956061188487061,0.095486954543513,0.0953686070456864,0.0952511218796596,0.0951345446674483,0.0950189210938932,0.0949042968715118,0.0947907177049879,0.0946782292553289,0.0945668771037109,0.0944567067150336,0.0943477634012143,0.0942400922842486,0.0941337382590693,0.094028745956228,0.0939251597044277,0.0938230234929377,0.0937223809339178,0.0936232752246853,0.0935257491099488,0.0934298448440358,0.0933356041531411,0.0932430681976226,0.09315227753438,0.0930632720793445,0.0929760910701033,0.0928907730286859,0.0928073557245406,0.0927258761377278,0.0926463704223622,0.0925688738703231,0.092493420875259,0.0924200448969144,0.0923487784258064,0.0922796529482799,0.092212698911966,0.0921479456916602,0.0920854215556496,0.0920251536325191,0.0919671678784581,0.0919114890450831,0.0918581406477985,0.0918071449347189,0.0917585228561812,0.0917122940348622,0.0916684767365223,0.0916270878413917,0.0915881428162189,0.0915516556869987,0.0915176390124015,0.0914861038579125,0.0914570597707033,0.091430514755254,0.0914064752497363,0.0913849461031659,0.0913659305533337,0.0913494302055296,0.0913354450120678,0.0913239732526221,0.091315011515388,0.0913085546790743,0.0913045958957306,0.0913031265744196,0.0913041363657403,0.0913076131472079,0.0913135430094883,0.091321910243479,0.0913326973282482,0.091345884919843,0.0913614518409625,0.0913793750714799,0.0913996297398074,0.0914221891151109,0.0914470246003728,0.091474105726295,0.0915034001460356,0.0915348736307744,0.0915684900660965,0.0916042114491853,0.0916419978868224,0.0916818075941885,0.0917235968944473,0.0917673202191037,0.0918129301091281,0.0918603772168431,0.0919096103085605,0.0919605762679476,0.0920132201001177,0.0920674849364361,0.0921233120400259,0.0921806408119607,0.0922394087981275,0.0922995516967408,0.0923610033664912,0.0924236958353152,0.0924875593097655,0.0925525221849636,0.0926185110551244,0.0926854507246321,0.0927532642196466,0.0928218728002256,0.09289119597295,0.0929611515040325,0.0930316554328941,0.0931026220861941,0.0931739640922989,0.0932455923961659,0.0933174162746208,0.0933893433520155,0.0934612796162568,0.0935331294351894,0.0936047955733147,0.0936761792088269,0.0937471799509531,0.0938176958575812,0.0938876234531624,0.0939568577468735,0.0940252922510246,0.0940928189997034,0.09415932856764,0.0942247100892768,0.0942888512780382,0.0943516384457892,0.0944129565224762,0.0944726890759376,0.09453071833187,0.0945869251939471,0.0946411892640842,0.0946933888628411,0.0947434010499604,0.0947911016450353,0.0948363652482984,0.0948790652615313,0.0949190739090933,0.0949562622590628,0.0949905002444895,0.0950216566847605,0.0950495993070679,0.0950741947679864,0.0950953086751657,0.0951128056091377,0.0951265491452374,0.0951364018756454,0.095142225431563,0.0951438805055237,0.0951412268738455,0.0951341234192278,0.0951224281534928,0.0951059982404828,0.0950846900191188,0.0950583590266388,0.0950268600220328,0.094990047009676,0.0949477732631725,0.094899891349422,0.09484625315292,0.0947867099003108,0.0947211121852081,0.0946493099932948,0.0945711527277117,0.0944864892347426,0.0943951678298125,0.0942970363238168,0.0941919420497959,0.0940797318899808,0.093960252303229,0.0938333493528722,0.0936988687349861,0.0935566558070931,0.0934065556173162,0.0932484129340061,0.093082072275862,0.0929073779425615,0.0927241740459166,0.0925323045415698,0.0923316132612475,0.0921219439455793,0.0919031402774979,0.0916750459162343,0.0914375045319274,0.091190359840858,0.0909334556413315,0.0906666358502277,0.0903897445402306,0.0901026259777503,0.0898051246615512,0.089497085362095,0.0891783531616077,0.0888487734948839,0.0885081921908343,0.0881564555147913,0.0877934102115735,0.0874189035493184,0.0870327833640914,0.0866348981052843,0.0862250968818126,0.0858032295091126,0.0853691465569348,0.0849226993979238,0.084463740256987,0.0839921222614516,0.0835076994920207,0.0830103270345224,0.0824998610324435,0.0819761587402468,0.0814390785774606,0.0808884801835248,0.0803242244733874,0.079746173693837,0.0791541914805589,0.0785481429159067,0.0779278945873721,0.0772933146467321,0.0766442728698542,0.0759806407171313,0.075302291394526,0.0746090999152051,0.0739009431617356,0.0731776999488212,0.0724392510865479,0.0716854794441072,0.0709162700139724,0.0701315099764936,0.0693310887648742,0.0685148981304958,0.0676828322085595,0.0668347875840002,0.065970663357637,0.0650903612125173,0.064193785480411,0.0632808432084125,0.062351444225605,0.0614055012097445,0.060442929753917,0.0594636484331243,0.0584675788707514,0.0574546458048769,0.0564247771543776,0.055377904084779,0.0543139610738009,0.0532328859765446,0.052134620090272,0.0510191082187257,0.0498862987359334,0.0487361436494413,0.0475685986629224,0.0463836232381078,0.0451811806559849,0.0439612380772099,0.0427237666016844,0.0414687413272404,0.0401961414073816,0.0389059501080265,0.0375981548631992,0.0362727473296156,0.0349297234401098,0.0335690834558469,0.032190832017269,0.0307949781937235,0.0293815355317238,0.0279505221017964,0.0265019605438665,0.0250358781111298,0.0235523067123671,0.0220512829526549,0.0205328481724262,0.0189970484848404,0.0174439348114173,0.0158735629158984,0.0142859934362953,0.0126812919150857,0.011059528827522,0.00942077960801577,0.00776512467456443,0.00609264945118963,0.0044034443883551,0.00269760498133663,0.000975231786516573,-0.00076356956442293,-0.00251868835243142,-0.00429000876116818,-0.00607740986924674,-0.00788076564466411,-0.0096999449414308,-0.0115348114984163,-0.0133852239404225,-0.0152510357814942,-0.0171320954304778,-0.0190282461988331,-0.0209393263107054,-0.0228651689152584,-0.0248056021012692,-0.0267604489139857,-0.028729527374244,-0.0307126504998438,-0.0327096263291716,-0.0347202579470655,-0.0367443435129105,-0.0387816762909527,-0.0408320446828168,-0.0428952322622163,-0.0449710178118457,-0.0470591753624356,-0.0491594742339469,-0.0512716790788864,-0.053395549927717,-0.0555308422363375,-0.0576773069356041,-0.0598346904828696,-0.0620027349155141,-0.064181177906435,-0.0663697528214609,-0.0685681887786599,-0.0707762107095128,-0.072993539421918,-0.0752198916649893,-0.0774549801956065,-0.0796985138466819,-0.0819501975971075,-0.0842097326433422,-0.0864768164726022,-0.0887511429376147,-0.0910324023328979,-0.093320281472526,-0.0956144637693366,-0.0979146293155465,-0.100220454964732,-0.102531614415121,-0.104847778294141,-0.107168614244196,-0.109493787009623,-0.111822958524783,-0.114155788003223,-0.116491932027893,-0.118831044642349,-0.121172777442916,-0.123516779671758,-0.12586269831083,-0.128210178176634,-0.130558862015762,-0.132908390601158,-0.135258402829082,-0.137608535816723,-0.13995842500043,-0.142307704234502,-0.144656005890515,-0.147002960957116,-0.149348199140272,-0.15169134896392,-0.15403203787099,-0.156369892324767,-0.158704537910552,-0.161035599437586,-0.163362701041192,-0.165685466285076,-0.16800351826376,-0.170316479705115,-0.172623973072974,-0.174925620669802,-0.177221044739389,-0.179509867569508,-0.181791711594534,-0.184066199497977,-0.186332954314894,-0.188591599534129,-0.190841759200375,-0.193083058016013,-0.195315121442689,-0.197537575802609,-0.199750048379508,-0.201952167519289,-0.204143562730266,-0.20632386478301,-0.208492705809765,-0.210649719403416,-0.212794540715976,-0.214926806556564,-0.217046155488852,-0.219152227927957,-0.221244666236786,-0.223323114821817,-0.225387220228255,-0.227436631234541,-0.229470998946179,-0.231489976888875,-0.233493221100946,-0.23548039022498,-0.237451145598707,-0.239405151345096,-0.241342074461622,-0.243261584908675,-0.245163355697088,-0.247047062974785,-0.248912386112514,-0.250759007788642,-0.252586614072952,-0.254394894509444,-0.256183542198115,-0.257952253875695,-0.259700729995315,-0.261428674805083,-0.263135796425533,-0.264821806925917,-0.266486422399323,-0.268129363036607,-0.269750353199071,-0.27134912148989,-0.272925400824251,-0.274478928498149,-0.276009446255831,-0.277516700355867,-0.279000441635805,-0.280460425575413,-0.281896412358454,-0.283308166933008,-0.284695459070266,-0.286058063421795,-0.28739575957522,-0.288708332108315,-0.289995570641476,-0.291257269888576,-0.292493229706133,-0.293703255140781,-0.294887156475026,-0.29604474927124,-0.29717585441387,-0.298280298149835,-0.299357912127122,-0.3004085334315,-0.301432004621361,-0.302428173760654,-0.303396894449867,-0.30433802585507,-0.305251432734974,-0.306136985466,-0.306994560065348,-0.307824038212021,-0.308625307265777,-0.309398260283993,-0.310142796036458,-0.310858819018061,-0.311546239459366,-0.31220497333504,-0.312834942370117,-0.313436074044091,-0.314008301592842,-0.314551564008429,-0.315065806036713,-0.315550978172795,-0.31600703665427,-0.316433943452289,-0.316831666260419,-0.317200178481313,-0.317539459211183,-0.317849493222112,-0.318130270942166,-0.318381788433339,-0.318604047367312,-0.31879705499907,-0.318960824138367,-0.319095373119074,-0.319200725766469,-0.319276911362456,-0.319323964608743,-0.319341925588007,-0.319330839723065,-0.319290757734102,-0.319221735593993,-0.319123834481726,-0.31899712073397,-0.31884166579482,-0.318657546163748,-0.318444843341768,-0.31820364377589,-0.317934038801931,-0.317636124585748,-0.317310002062923,-0.316955776876936,-0.3165735593159,-0.316163464247897,-0.315725611054981,-0.315260123565879,-0.314767129987478,-0.314246762835184,-0.313699158862222,-0.313124458987933,-0.312522808225111,-0.311894355606499,-0.311239254110506,-0.310557660586238,-0.309849735677913,-0.309115643748702,-0.308355552804037,-0.307569634414496,-0.306758063638344,-0.305921018943807,-0.305058682131165,-0.304171238254737,-0.303258875544815,-0.302321785329663,-0.301360161957662,-0.300374202719667,-0.299364107771667,-0.298330080057831,-0.297272325234027,-0.296191051591852,-0.295086469983249,-0.29395879374578,-0.292808238628611,-0.291635022719313,-0.290439366371546,-0.289221492133713,-0.287981624678627,-0.286719990734287,-0.285436819015833,-0.284132340158768,-0.282806786653509,-0.281460392781312,-0.280093394551641,-0.27870602964103,-0.277298537333477,-0.275871158462407,-0.274424135354242,-0.272957711773644,-0.271472132870455,-0.26996764512836,-0.268444496315312,-0.266902935435767,-0.265343212684764,-0.263765579403848,-0.262170288038868,-0.260557592099676,-0.25892774612174,-0.257281005629698,-0.255617627102822,-0.253937867942408,-0.252241986441089,-0.25053024175406,-0.248802893872205,-0.247060203597105,-0.245302432517935,-0.243529842990235,-0.241742698116501,-0.23994126172854,-0.238125798371584,-0.236296573290139,-0.23445385241553,-0.232597902355101,-0.23072899038303,-0.22884738443272,-0.226953353090711,-0.225047165592053,-0.223129091817082,-0.22119940228952,-0.219258368175841,-0.217306261285819,-0.215343354074219,-0.213369919643558,-0.211386231747847,-0.209392564797242,-0.207389193863492,-0.205376394686085,-0.20335444367902,-0.201323617938102,-0.199284195248695,-0.19723645409383,-0.195180673662563,-0.193117133858519,-0.191046115308489,-0.188967899371002,-0.186882768144762,-0.18479100447686,-0.182692891970658,-0.18058871499325,-0.178478758682394,-0.176363308952789,-0.174242652501619,-0.172117076813255,-0.169986870163032,-0.167852321620017,-0.165713721048644,-0.163571359109134,-0.16142552725659,-0.159276517738683,-0.157124623591831,-0.154970138635795,-0.152813357466593,-0.150654575447653,-0.148494088699095,-0.146332194085066,-0.144169189199048,-0.142005372347058,-0.139841042528669,-0.13767649941579,-0.135512043329124,-0.133347975212244,-0.131184596603233,-0.129022209603823,-0.126861116845997,-0.124701621455994,-0.122544027015685,-0.120388637521264,-0.118235757339216,-0.116085691159527,-0.113938743946114,-0.111795220884445,-0.109655427326341,-0.107519668731943,-0.105388250608823,-0.103261478448237,-0.101139657658533,-0.0990230934957189,-0.0969120909911973,-0.0948069548766895,-0.0927079895063508,-0.0906154987761014,-0.088529786040212,-0.0864511540251896,-0.0843799047410046,-0.0823163393897036,-0.0802607582714558,-0.0782134606880927,-0.0761747448441983,-0.0741449077458133,-0.0721242450968181,-0.0701130511930755,-0.0681116188144157,-0.0661202391145447,-0.0641392015089614,-0.0621687935609803,-0.0602093008659577,-0.0582610069338235,-0.0563241930700256,-0.0543991382549953,-0.0524861190222432,-0.0505854093352069,-0.0486972804629711,-0.0468220008549802,-0.0449598360148719,-0.0431110483735579,-0.0412758971616829,-0.0394546382815953,-0.0376475241789722,-0.035854803714237,-0.0340767220339077,-0.0323135204420195,-0.0305654362717641,-0.0288327027574988,-0.0271155489072738,-0.0254141993760244,-0.0237288743395772,-0.0220597893696181,-0.0204071553097732,-0.018771178152954,-0.017152058920117,-0.0155499935405888,-0.0139651727341071,-0.0123977818947242,-0.0108480009767202,-0.00931600438267431,-0.00780196085384002,-0.006306033362971,-0.004828379009738,-0.00336914891887902,-0.00192848814122198,-0.000506535557715923,0.000896576213395041,0.00228072090612408,0.00364577869289178,0.00499163626714874,0.00631818692234876,0.0076253306271534,0.00891297409675314,0.0101810308601938,0.0114294213236005,0.0126580728291971,0.0138669197100218,0.0150559033402452,0.0162249721809996,0.0173740818216323,0.0185031950163028,0.0196122817158457,0.0207013190948302,0.0217702915737491,0.022819190836275,0.0238480158415314,0.0248567728313295,0.0258454753323236,0.0268141441530484,0.027762807375803,0.0286915003433565,0.0296002656404528,0.0304891530700961,0.0313582196246075,0.0322075294514466,0.0330371538137993,0.033847171045936,0.0346376665033555,0.0354087325077309,0.0361604682866851,0.0368929799084251,0.0376063802112713,0.0383007887281231,0.0389763316059087,0.039633141520074,0.0402713575841656,0.0408911252545778,0.0414925962305307,0.0420759283493515,0.0426412854771421,0.043188837394916,0.0437187596802974,0.0442312335848728,0.044726445907299,0.0452045888622713,0.0456658599454638,0.0461104617945604,0.0465386020464875,0.0469504931909762,0.0473463524205832,0.0477264014772999,0.0480908664958847,0.0484399778440569,0.0487739699596963,0.0490930811851947,0.0493975535991055,0.0496876328452426,0.049963567959382,0.0502256111937243,0.0504740178392821,0.0507090460463533,0.0509309566432446,0.0511400129534162,0.0513364806112102,0.0515206273763331,0.0516927229472646,0.0518530387737665,0.0520018478686644,0.0521394246190735,0.0522660445972462,0.0523819843712167,0.0524875213154146,0.0525829334214209,0.0526684991090466,0.0527444970378989,0.0528112059196102,0.0528689043309077,0.0529178705276994,0.0529583822603451,0.0529907165902788,0.0530151497081458,0.0530319567536271,0.0530414116371166,0.0530437868634113,0.0530393533575717,0.0530283802931101,0.0530111349226604,0.0529878824112827,0.0529588856725497,0.052924405207561,0.0528846989470243,0.0528400220965423,0.0527906269852412,0.0527367629178686,0.0526786760304893,0.0526166091499063,0.0525508016569302,0.0524814893536092,0.0524089043345291,0.0523332748622893,0.0522548252472509,0.0521737757316546,0.0520903423782034,0.0520047369632048,0.0519171668743554,0.05182783501324,0.0517369397026176,0.0516446745985644,0.0515512286075311,0.0514567858083742,0.0513615253794096,0.0512656215305279,0.0511692434404152,0.0510725551989149,0.0509757157545601,0.0508788788673025,0.050782193066459,0.0506858016138816,0.0505898424723573,0.0504944482792408,0.0503997463253126,0.0503058585388568,0.0502129014749385,0.0501209863098593,0.0500302188407645,0.0499406994903673,0.0498525233167567,0.049765780028242,0.0496805540031866,0.0495969243147753,0.0495149647606586,0.0494347438974104,0.0493563250797328,0.0492797665043285,0.0492051212583655,0.0491324373724501,0.0490617578780235,0.048993120869088,0.0489265595681653,0.0488621023963871,0.0487997730476183,0.0487395905664987,0.048681569430292,0.0486257196344213,0.0485720467815735,0.0485205521742508,0.0484712329106462,0.0484240819837116,0.0483790883832854,0.0483362372011416,0.0482955097388208,0.0482568836181085,0.0482203328940209,0.0481858281701547,0.0481533367162509,0.0481228225878262,0.0480942467477225,0.0480675671894253,0.0480427390620003,0.0480197147964934,0.0479984442336445,0.0479788747527602,0.047960951401589,0.047944617027047,0.047929812406637,0.04791647638041,0.0479045459833175,0.0478939565777988,0.0478846419864504,0.0478765346246321,0.0478695656328557,0.0478636650088067,0.0478587617388503,0.0478547839288802,0.0478516589343682,0.0478493134894723,0.0478476738350639,0.0478466658455322,0.0478462151542338,0.0478462472774482,0.0478466877367139,0.0478474621794185,0.0478484964975187,0.0478497169442683,0.047851050248842,0.0478524237287412,0.0478537653998698,0.0478550040841722,0.0478560695147288,0.047856892438208,0.0478574047145833,0.0478575394140199,0.0478572309108476,0.0478564149745327,0.0478550288575717,0.0478530113802339,0.0478503030120797,0.0478468459501862,0.0478425841940174,0.047837463616882,0.0478314320339289,0.0478244392666284,0.0478164372037006,0.0478073798584509,0.0477972234224771,0.047785926315719,0.0477734492328251,0.0477597551858188,0.0477448095430466,0.0477285800643942,0.0477110369327679,0.0476921527818385,0.047671902720052,0.0476502643509129,0.0476272177895561,0.0476027456756239,0.0475768331824695,0.0475494680227123,0.0475206404501698,0.0474903432582027,0.0474585717745062,0.0474253238523945,0.0473905998586181,0.0473544026577654,0.047316737593303,0.0472776124653141,0.0472370375049935,0.047195025345966,0.0471515909924949,0.0471067517846538,0.0470605273605345,0.0470129396155645,0.0469640126590205,0.0469137727678241,0.0468622483377034,0.0468094698318061,0.046755469726854,0.0467002824569344,0.0466439443550232,0.0465864935923364,0.0465279701156113,0.0464684155824177,0.046407873294597,0.0463463881299348,0.04628400647217,0.046220776139453,0.0461567463113641,0.046091967454602,0.0460264912474487,0.0459603705031247,0.0458936590921413,0.0458264118637613,0.045758684566681,0.0456905337690456,0.0456220167779029,0.0455531915582118,0.045484116651516,0.0454148510943912,0.0453454543367726,0.0452759861602726,0.0452065065965964,0.0451370758461651,0.0450677541970518,0.0449986019443362,0.0449296793099826,0.0448610463633404,0.04479276294237,0.044724888575689,0.0446574824055305,0.0445906031117091,0.0445243088366878,0.0444586571118368,0.0443937047849648,0.0443295079492102,0.0442661218733738,0.0442036009337749,0.0441419985477101,0.0440813671085892,0.0440217579228159,0.0439632211484836,0.043905805735949,0.0438495593703511,0.0437945284161284,0.0437407578635904,0.0436882912775989,0.0436371707484118,0.0435874368447281,0.043539128568981,0.0434922833149213,0.0434469368275273,0.0434031231652711,0.0433608746647733,0.0433202219078705,0.043281193691119,0.0432438169977554,0.0432081169721314,0.0431741168966368,0.0431418381711201,0.0431113002948097,0.04308252085074,0.043055515492687,0.0430302979346083,0.0430068799425801,0.0429852713292234,0.0429654799506043,0.0429475117055901,0.0429313705376448,0.0429170584390407,0.0429045754574585,0.0428939197049485,0.0428850873692228,0.0428780727272447,0.0428728681610781,0.0428694641759596,0.0428678494205546,0.0428680107093484,0.042869933047129,0.0428735996555137,0.0428789920014723,0.0428860898277917,0.0428948711854236,0.0429053124676594,0.0429173884460792,0.0429310723082112,0.0429463356968387,0.042963148750891,0.0429814801478561,0.04300129714765,0.0430225656378729,0.0430452501803788,0.0430693140590889,0.043094719328976,0.0431214268661506,0.0431493964189772,0.0431785866601497,0.0432089552396502,0.0432404588385168,0.0432730532233446,0.0433066933014438,0.0433413331765802,0.0433769262052277,0.0434134250532547,0.0434507817529716,0.043488947760463,0.0435278740131296,0.0435675109873625,0.043607808756281,0.0436487170474623,0.0436901853005907,0.0437321627249519,0.0437745983567043,0.043817441115862,0.043860639862915,0.043904143455024,0.043947900801723,0.0439918609200655,0.044035972989146,0.044080186403936,0.0441244508283753,0.04416871624766,0.0442129330196705,0.0442570519254837,0.0443010242189096,0.0443448016750035,0.0443883366375019,0.0444315820651341,0.0444744915767636,0.044517019495316,0.0445591208904493,0.0446007516199228,0.0446418683696259,0.0446824286922315,0.0447223910444388,0.0447617148227772,0.0448003603979411,0.0448382891476293,0.0448754634878624,0.0449118469027524,0.0449474039727017,0.0449821004010134,0.0450159030388954,0.0450487799088472,0.0450807002264205,0.0451116344203451,0.0451415541510025,0.0451704323272418,0.0451982431215376,0.045224961983488,0.0452505656516555,0.0452750321637515,0.0452983408651695,0.045320472415876,0.0453414087956692,0.045361133307815,0.045379630581072,0.0453968865701221,0.0454128885544235,0.0454276251355071,0.0454410862327337,0.0454532630775339,0.045464148206154,0.0454737354509419,0.0454820199302005,0.0454889980366366,0.0454946674244352,0.0454990269949887,0.0455020768813163,0.0455038184312075,0.0455042541891282,0.0455033878769303,0.0455012243733979,0.0454977696926714,0.0454930309615954,0.0454870163960317,0.0454797352761787,0.045471197920937,0.0454614156613628,0.045450400813256,0.0454381666489321,0.0454247273682281,0.045410098068789,0.0453942947156817,0.0453773341103828,0.0453592338591844,0.045340012341071,0.0453196886751144,0.0452982826874318,0.0452758148777543,0.0452523063856517,0.0452277789564642,0.0452022549069904,0.0451757570909754,0.0451483088644492,0.045119934050965,0.0450906569067856,0.0450605020860607,0.0450294946060404,0.0449976598123665,0.0449650233444872,0.0449316111012381,0.0448974492066307,0.0448625639758901,0.0448269818817842,0.0447907295212849,0.0447538335826006,0.0447163208126162,0.0446782179847779,0.0446395518674519,0.0446003491927951,0.044560636626172,0.0445204407361476,0.0444797879650859,0.0444387046003881,0.0443972167463975,0.0443553502969982,0.0443131309089291,0.0442705839758381,0.044227734603099,0.0441846075834109,0.0441412273731989,0.0440976180698348,0.0440538033896941,0.0440098066470633,0.0439656507339128,0.0439213581005465,0.043876950737141,0.043832450156184,0.0437878773758267,0.0437432529041521,0.0436985967243643,0.0436539282809009,0.0436092664664724,0.0435646296100258,0.0435200354656365,0.0434755012023286,0.0434310433948168,0.0433866780151649,0.0433424204253598,0.0432982853707966,0.0432542869746666,0.0432104387332362,0.0431667535120035,0.0431232435427221,0.0430799204212838,0.0430367951064449,0.0429938779193873,0.0429511785440974,0.0429087060285457,0.0428664687866477,0.0428244746009863,0.04278273062628,0.0427412433935783,0.0427000188151634,0.0426590621901364,0.0426183782106689,0.0425779709688952,0.0425378439644237,0.0424980001124449,0.0424584417524147,0.0424191706572882,0.0423801880432756,0.0423414945800922,0.042303090401681,0.0422649751173805,0.0422271478235107,0.0421896071153569,0.0421523510995224,0.0421153774066228,0.0420786832042971,0.0420422652105114,0.042006119707125,0.0419702425536946,0.0419346292014924,0.0418992747077127,0.0418641737498422,0.0418293206401673,0.0417947093403933,0.0417603334763475,0.0417261863527397,0.0416922609679579,0.0416585500288814,0.0416250459656849,0.0415917409466125,0.0415586268926981,0.0415256954924082,0.0414929382161843,0.0414603463308637,0.0414279109139614,0.041395622867795,0.0413634729334363,0.0413314517044713,0.0412995496405468,0.0412677570806863,0.0412360642563576,0.0412044613042773,0.041172938278937,0.041141485164838,0.0411100918884194,0.0410787483296658,0.0410474443333841,0.0410161697201354,0.0409849142968158,0.0409536678668742,0.0409224202401595,0.0408911612423847,0.0408598807241993,0.0408285685698656,0.0407972147055326,0.0407658091070984,0.040734341807659,0.0407028029045466,0.0406711825659483,0.0406394710371008,0.0406076586460576,0.0405757358090286,0.0405436930352966,0.0405115209317094,0.0404792102067466,0.0404467516741624,0.0404141362562104,0.0403813549864485,0.0403483990121262,0.0403152595961592,0.0402819281186943,0.04024839607827,0.040214655092577,0.0401806968988252,0.0401465133537318,0.0401120964331373,0.0400774382312537,0.0400425309595571,0.0400073669453337,0.0399719386298864,0.0399362385664099,0.0399002594175446,0.0398639939526188,0.0398274350445905,0.0397905756666944,0.03975340888881,0.0397159278735645,0.0396781258721778,0.039639996220064,0.0396015323322041,0.0395627276983066,0.0395235758777635,0.0394840704944159,0.0394442052311401,0.039403973824264,0.039363370057829,0.03932238775771,0.0392810207856112,0.0392392630329492,0.0391971084146336,0.0391545508627602,0.0391115843202305,0.0390682027343076,0.0390244000501231,0.0389801702041467,0.0389355071176367,0.038890404690084,0.0388448567926645,0.0387988572617059,0.0387523998921846,0.0387054784312664,0.0386580865719049,0.0386102179465082,0.0385618661206898,0.0385130245871119,0.0384636867594355,0.0384138459663897,0.038363495445965,0.0383126283397439,0.0382612376873795,0.0382093164212335,0.0381568573611765,0.0381038532095626,0.0380502965463845,0.0379961798246199,0.0379414953657762,0.0378862353556428,0.0378303918402549,0.0377739567220778,0.0377169217564192,0.0376592785480765,0.0376010185482248,0.0375421330515499,0.0374826131936336,0.0374224499485957,0.0373616341269969,0.0373001563740059,0.0372380071678363,0.0371751768184603,0.0371116554665983,0.0370474330829895,0.0369824994679462,0.0369168442511913,0.0368504568919789,0.0367833266794989,0.0367154427335692,0.0366467940056128,0.0365773692799208,0.0365071571751983,0.0364361461463968,0.0363643244868356,0.0362916803306101,0.0362182016552847,0.0361438762848684,0.0360686918930716,0.035992636006838,0.0359156960101516,0.0358378591481155,0.0357591125313,0.0356794431403602,0.0355988378309206,0.0355172833387192,0.0354347662850067,0.035351273182198,0.035266790439772,0.0351813043704149,0.0350948011964018,0.0350072670562121,0.0349186880113693,0.0348290500535032,0.0347383391116329,0.0346465410596639,0.034553641724091,0.0344596268918979,0.0343644823186496,0.0342681937367725,0.034170746864011,0.0340721274120568,0.033972321095343,0.0338713136399969,0.0337690907929453,0.0336656383311646,0.0335609420710696,0.0334549878780331,0.0333477616760278,0.0332392494573856,0.0331294372926651,0.03301831134062,0.0329058578582618,0.0327920632110086,0.032676913882912,0.0325603964869543,0.0324424977754045,0.0323232046502289,0.0322025041735507,0.0320803835781485,0.0319568302779858,0.0318318318787637,0.0317053761884896,0.0315774512280495,0.0314480452417771,0.0313171467080099,0.031184744349623,0.0310508271445312,0.0309153843361501,0.0307784054438094,0.030639880273111,0.0304997989262224,0.0303581518120992,0.0302149296566249,0.030070123512662,0.0299237247700036,0.0297757251652181,0.0296261167913765,0.029474892107655,0.0293220439488023,0.029167565534464,0.0290114504783518,0.0288536927972523,0.0286942869198675,0.0285332276954776,0.0283705104024165,0.0282061307563512,0.0280400849183567,0.0278723695027774,0.0277029815848688,0.0275319187082104,0.0273591788918809,0.0271847606373886,0.0270086629353516,0.0268308852719193,0.0266514276349249,0.0264702905197653,0.0262874749350005,0.0261029824076674,0.0259168149882991,0.0257289752556395,0.0255394663210481,0.0253482918325886,0.025155455978797,0.0249609634921247,0.0247648196520487,0.0245670302878452,0.0243676017810209,0.0241665410673973,0.0239638556388411,0.023759553544637,0.0235536433924979,0.0233461343492091,0.0231370361409035,0.0229263590529639,0.0227141139295515,0.0225003121727586,0.0222849657413822,0.0220680871493165,0.0218496894635647,0.0216297863018665,0.0214083918299401,0.0211855207583417,0.0209611883389391,0.020735410361,0.0205082031468974,0.0202795835474315,0.0200495689367702,0.0198181772070081,0.0195854267623513,0.0193513365129251,0.0191159258682107,0.0188792147301126,0.018641223485663,0.0184019729993659,0.0181614846051863,0.0179197800981883,0.0176768817258294,0.0174328121789158,0.0171875945822275,0.0169412524848176,0.0166938098499923,0.0164452910449797,0.0161957208302956,0.0159451243488141,0.0156935271145554,0.0154409550011979,0.0151874342303234,0.0149329913594064,0.0146776532695561,0.0144214471530236,0.0141644005004832,0.0139065410880987,0.0136478969643864,0.0133884964368858,0.0131283680586518,0.0128675406145797,0.0126060431075759,0.0123439047445867,0.0120811549225006,0.0118178232139374,0.0115539393529392,0.0112895332205762,0.0110246348304826,0.0107592743143384,0.0104934819073096,0.0102272879334636,0.00996072279117399,0.00969381693853057,0.00942660087876955,0.00915910514574037,0.00889136028942459,0.00862339686152341,0.00835524540112867,0.00808693642049332,0.00781850039091758,0.00754996772876713,0.0072813687816396,0.00701273381469518,0.00674409299716698,0.00647547638906706,0.00620691392810426,0.00593843541683001,0.00567007051002782,0.00540184870236224,0.00513379931630244,0.00486595149033576,0.00459833416748578,0.00433097608415015,0.00406390575927278,0.00379715148386424,0.00353074131088461,0.00326470304550264,0.00299906423574446,0.00273385216354491,0.00246909383621429,0.00220481597833287,0.00194104502408455,0.00167780711004147,0.00141512806841038,0.00115303342075179,0.000891548372181673,0.000630697806065481,0.000370506279213217,0.000110998017584067,-0.000147803087491585,-0.000405873482565432,-0.000663189954793128,-0.000919729634118686,-0.00117546999491599,-0.00143038885708265,-0.00168446438658197,-0.00193767509542968,-0.00218999984112262,-0.00244141782550734,-0.00269190859308735,-0.00294145202876834,-0.00319002835504124,-0.00343761812860417,-0.00368420223642483,-0.0039297618912459,-0.00417427862653687,-0.00441773429089614,-0.00466011104190817,-0.00490139133946137,-0.00514155793853324,-0.00538059388144944,-0.00561848248962457,-0.00585520735479367,-0.00609075232974374,-0.00632510151855539,-0.00655823926636555,-0.00679015014866333,-0.00702081896013144,-0.00725023070304672,-0.0074783705752543,-0.00770522395773005,-0.00793077640174607,-0.00815501361565528,-0.00837792145131184,-0.00859948589014522,-0.00881969302890669,-0.00903852906510717,-0.00925598028216547,-0.00947203303428663,-0.00968667373109073,-0.00989988882201393,-0.0101116647805036,-0.0103219880880297,-0.0105308452179353,-0.0107382226191482,-0.0109441066997781,-0.011148483810623,-0.01135134022861,-0.0115526621401937,-0.0117524356247365,-0.0119506466378972,-0.0121472809950524,-0.0123423243547758,-0.012535762202402,-0.0127275798336999,-0.0129177623386839,-0.013106294585587,-0.0132931612050224,-0.0134783465743604,-0.0136618348023444,-0.0138436097139736,-0.0140236548356776,-0.0142019533808096,-0.0143784882354842,-0.0145532419447845,-0.0147261966993637,-0.0148973343224686,-0.0150666362574062,-0.0152340835554829,-0.0153996568644367,-0.015563336417387,-0.0157251020223225,-0.0158849330521548,-0.0160428084353565,-0.0161987066472064,-0.016352605701662,-0.016504483143879,-0.0166543160433995,-0.016802080988027,-0.0169477540784078,-0.0170913109233368,-0.0172327266358037,-0.0173719758297981,-0.0175090326178869,-0.0176438706095796,-0.017776462910498,-0.0179067821223614,-0.0180348003438023,-0.0181604891720198,-0.018283819705283,-0.0184047625462934,-0.0185232878064156,-0.018639365110785,-0.0187529636042998,-0.0188640519585007,-0.0189725983793455,-0.019078570615879,-0.019181935969804,-0.0192826613059512,-0.0193807130636483,-0.0194760572689854,-0.019568659547978,-0.0196584851406234,-0.0197454989158466,-0.0198296653873324,-0.0199109487302337,-0.0199893127987491,-0.0200647211445601,-0.020137137036117,-0.0202065234787603,-0.0202728432356705,-0.0203360588496278,-0.0203961326655687,-0.0204530268539232,-0.0205067034347159,-0.02055712430241,-0.0206042512514781,-0.0206480460026779,-0.0206884702300089,-0.0207254855883312,-0.020759053741622,-0.0207891363918451,-0.0208156953084083,-0.0208386923581782,-0.0208580895360284,-0.0208738489958899,-0.0208859330822751,-0.0208943043622417,-0.0208989256577651,-0.0208997600784869,-0.0208967710548066,-0.0208899223712823,-0.0208791782003033,-0.0208645031360019,-0.0208458622283635,-0.0208232210174993,-0.0207965455680477,-0.0207658025036625,-0.0207309590415501,-0.0206919830270133,-0.020648842967962,-0.0206015080693499,-0.0205499482674989,-0.0204941342642658,-0.0204340375610113,-0.0203696304923283,-0.0203008862594867,-0.0202277789635521,-0.0201502836381357,-0.0200683762817303,-0.0199820338895917,-0.0198912344851228,-0.0197959571507185,-0.0196961820580245,-0.0195918904975704,-0.0194830649077305,-0.0193696889029703,-0.019251747301337,-0.0191292261511519,-0.0190021127568608,-0.0188703957040035,-0.0187340648832607,-0.01859311151354,-0.0184475281640576,-0.0182973087753781,-0.018142448679374,-0.0179829446180657,-0.0178187947613049,-0.0176499987232643,-0.0174765575776977,-0.0172984738719375,-0.0171157516395958,-0.0169283964119338,-0.016736415227871,-0.0165398166426005,-0.0163386107347823,-0.0161328091122856,-0.0159224249164516,-0.0157074728248514,-0.0154879690525123,-0.0152639313515909,-0.0150353790094707,-0.0148023328452633,-0.014564815204694,-0.0143228499533502,-0.0140764624682794,-0.0138256796279202,-0.0135705298003561,-0.0133110428298776,-0.0130472500218457,-0.0127791841258453,-0.0125068793171232,-0.0122303711763049,-0.0119496966673871,-0.0116648941140055,-0.0113760031739773,-0.0110830648121247,-0.0107861212713799,-0.0104852160421792,-0.0101803938301535,-0.00987170052212712,-0.00955918315043659,-0.00924288985558493,-0.00892286984724614,-0.00859917336363773,-0.00827185162928136,-0.00794095681117312,-0.00760654197338796,-0.00726866103014443,-0.00692736869735805,-0.00658272044271316,-0.00623477243428517,-0.00588358148774745,-0.00552920501219909,-0.00517170095465211,-0.00481112774321869,-0.0044475442290406,-0.00408100962700454,-0.00371158345528955,-0.00333932547379389,-0.00296429562149135,-0.00258655395276824,-0.00220616057279422,-0.00182317557198235,-0.00143765895959523,-0.00104967059655582,-0.00065927012752301,-0.000266516912293698,0.000128530043405362,0.000525812157671061,0.000925271342656608,0.0013268500752157,0.00173049146788925,0.00213613934016452,0.00254373828993501,0.00295323376508855,0.00336457213514998,0.00377770076290387,0.00419256807592173,0.00460912363791722,0.00502731821985211,0.00544710387071486,0.00586843398789349,0.00629126338706426,0.00671554837151621,0.00714124680083186,0.00756831815884346,0.00799672362078475,0.00842642611955768,0.00885739041103432,0.00928958313831353,0.00972297289485236,0.0101575302863928,0.0105932279916043,0.0110300408213625,0.0114679457765874,0.0119069221045618,0.012346951353654,0.0127880174263686,0.013230106630652,0.0136732077293766,0.0141173119879344,0.0145624132198656,0.015008507830453,0.0154555948582144,0.0159036760142265,0.0163527557192146,0.0168028411383446,0.0172539422136549,0.0177060716940703,0.0181592451629369,0.0186134810630253,0.0190688007189473,0.0195252283569351,0.0199827911219324,0.020441519091954,0.0209014452896693,0.0213626056911693,0.0218250392318785,0.0222887878095749,0.022753896284486,0.023220412476427,0.023688387158954,0.0241578740505082,0.0246289298025307,0.0251016139845289,0.0255759890660766,0.0260521203957384,0.0265300761769076,0.0270099274405536,0.0274917480148738,0.0279756144918509,0.0284616061907151,0.0289498051183239,0.0294402959264691,0.0299331658661263,0.0304285047386597,0.0309264048440031,0.0314269609258383,0.0319302701138029,0.0324364318627509,0.0329455478891017,0.0334577221043115,0.0339730605455099,0.0344916713033427,0.0350136644470666,0.03553915194694,0.0360682475939692,0.0366010669170631,0.0371377270976584,0.0376783468818725,0.0382230464902527,0.0387719475251847,0.039325172876028,0.0398828466220494,0.0404450939332267,0.0410120409689988,0.0415838147750482,0.0421605431781952,0.0427423546794902,0.0433293783455884,0.0439217436984993,0.0445195806037978,0.0451230191573898,0.0457321895709226,0.0463472220559384,0.0469682467068707,0.0475953933829796,0.0482287915893247,0.0488685703568813,0.0495148581219042,0.050167782604642,0.0508274706875029,0.0514940482927828,0.052167640260065,0.0528483702234004,0.0535363604883794,0.0542317319092023,0.0549346037658551,0.0556450936414977,0.0563633173001769,0.0570893885649752,0.0578234191967107,0.0585655187732965,0.0593157945698648,0.0600743514397662,0.0608412916965567,0.0616167149970737,0.062400718225711,0.0631933953800001,0.0639948374576075,0.0648051323448521,0.0656243647068494,0.0664526158793793,0.067289963762582,0.0681364827165848,0.0689922434591608,0.0698573129655137,0.0707317543702875,0.0716156268718947,0.0725089856392592,0.0734118817210604,0.074324361957564,0.0752464688951301,0.0761782407034853,0.0771197110958439,0.0780709092519643,0.0790318597442107,0.0800025824666995,0.0809830925676047,0.0819734003846923,0.0829735113841511,0.0839834261027864,0.0850031400936384,0.0860326438750856,0.0870719228834824,0.0881209574293855,0.0891797226574231,0.0902481885098587,0.0913263196938984,0.092414075652779,0.0935114105406804,0.0946182732014977,0.0957346071514949,0.0968603505658789,0.0979954362693293,0.0991397917305005,0.100293339060519,0.10145599501549,0.102627671003037,0.103808273092878,0.104997702031464,0.10619585326066,0.107402616940486,0.108617877975912,0.109841516047715,0.111073405647402,0.11231341611617,0.113561411687897,0.114817251536121,0.116080789825,0.117351875764234,0.118630353667927,0.119916063017353,0.121208838527591,0.122508510218001,0.12381490348648,0.125127839187483,0.126447133713742,0.127772599081655,0.129104043020261,0.130441269063799,0.131784076647752,0.133132261208351,0.13448561428545,0.135843923628725,0.137206973307134,0.138574543821549,0.139946412220493,0.141322352218915,0.142702134319906,0.144085525939279,0.145472291532909,0.146862192726769,0.148254988449606,0.149650435068128,0.151048286524648,0.15244829447708,0.153850208441186,0.155253775934959,0.156658742625037,0.158064852475051,0.159471847895809,0.160879469897227,0.162287458241893,0.163695551600168,0.165103487706662,0.166511003518028,0.167917835371938,0.169323719147157,0.170728390424595,0.172131584649201,0.173533037292601,0.174932484016329,0.176329660835572,0.177724304283288,0.179116151574593,0.180504940771276,0.181890410946328,0.183272302348367,0.184650356565826,0.186024316690799,0.187393927482419,0.188758935529647,0.190119089413331,0.191474139867423,0.192823839939235,0.194167945148608,0.195506213645875,0.196838406368501,0.198164287196278,0.199483623104942,0.200796184318093,0.202101744457297,0.203400080690251,0.204690973876885,0.205974208713301,0.207249573873416,0.20851686214822,0.209775870582548,0.211026400609234,0.212268258180553,0.213501253896811,0.214725203131985,0.215939926156321,0.217145248255786,0.21834099984828,0.219527016596483,0.220703139517242,0.221869215087396,0.223025095345945,0.224170637992493,0.225305706481846,0.226430170114705,0.22754390412435,0.22864678975924,0.229738714361422,0.230819571440692,0.231889260744469,0.232947688323301,0.23399476659192,0.2350304143858,0.23605455701315,0.237067126302291,0.238068060644377,0.239057305031434,0.240034811089638,0.241000537107813,0.241954448061125,0.242896515629901,0.243826718213565,0.244745040939635,0.245651475667776,0.246546020988891,0.247428682219229,0.248299471389484,0.249158407228896,0.250005515144328,0.250840827194328,0.251664382058168,0.252476224999856,0.253276407827163,0.254064988845672,0.254842032807895,0.255607610857494,0.256361800468623,0.257104685380425,0.257836355526718,0.258556906960918,0.259266441776273,0.259965068021441,0.260652899611452,0.2613300562341,0.261996663251837,0.262652851599239,0.263298757676119,0.263934523236375,0.264560295272643,0.265176225896838,0.265782472216672,0.266379196208248,0.266966564584848,0.267544748662018,0.268113924219052,0.268674271356994,0.269225974353258,0.269769221512995,0.2703042050173,0.270831120768374,0.271350168231782,0.271861550275915,0.27236547300877,0.2728621456122,0.273351780173772,0.27383459151637,0.274310797025688,0.274780616475707,0.275244271852324,0.275701987175276,0.276153988318538,0.276600502829338,0.277041759745937,0.27747798941435,0.277909423304114,0.278336293823313,0.278758834132986,0.279177277961091,0.279591859416201,0.280002812801091,0.280410372426378,0.280814772424338,0.28121624656309,0.281615028061293,0.282011349403499,0.28240544215632,0.282797536785602,0.283187862474744,0.283576646944347,0.283964116273346,0.284350494721785,0.284736004555379,0.285120865872014,0.28550529643036,0.285889511480739,0.286273723598408,0.286658142519427,0.287042974979227,0.287428424554063,0.287814691505459,0.288201972627818,0.288590461099311,0.288980346336201,0.289371813850755,0.289765045112818,0.290160217415204,0.290557503743026,0.290957072647093,0.291359088121467,0.291763709485271,0.292171091268879,0.29258138310459,0.292994729621876,0.293411270347314,0.293831139609266,0.294254466447414,0.294681374527222,0.295111982059415,0.295546401724559,0.295984740602811,0.296427100108887,0.296873575932293,0.297324257982891,0.297779230341836,0.298238571217879,0.298702352909156,0.299170641770488,0.299643498186256,0.300120976548818,0.300603125242516,0.301089986633259,0.301581597063713,0.302077986854096,0.302579180308535,0.303085195727011,0.303596045422862,0.30411173574586,0.3046322671108,0.305157634031601,0.305687825160878,0.306222823334941,0.306762605624178,0.307307143388781,0.307856402339778,0.308410342605286,0.308968918801937,0.309532080111382,0.310099770361769,0.310671928114141,0.311248486753656,0.311829374585566,0.312414514935852,0.313003826256424,0.313597222234761,0.314194611907877,0.314795899780492,0.315400985947308,0.316009766219255,0.316622132253584,0.317237971687659,0.31785716827632,0.318479602032705,0.319105149372346,0.319733683260434,0.320365073362093,0.320999186195539,0.321635885287943,0.322275031333875,0.322916482356172,0.323560093869091,0.324205719043501,0.324853208874006,0.325502412347812,0.326153176615155,0.326805347161144,0.32745876797881,0.328113281743193,0.328768729986282,0.329424953272613,0.330081791375387,0.330739083452902,0.331396668225128,0.332054384150245,0.332712069600975,0.333369563040484,0.334026703197711,0.334683329241922,0.335339280956312,0.335994398910471,0.336648524631568,0.337301500774103,0.337953171288006,0.338603381584947,0.339251978702693,0.339898811467329,0.34054373065318,0.341186589140261,0.341827242069083,0.342465546992665,0.343101364025563,0.3437345559898,0.344364988557557,0.344992530390488,0.345617053275493,0.346238432256831,0.346856545764427,0.347471275738251,0.348082507748634,0.348690131112354,0.34929403900444,0.349894128565521,0.350490301004617,0.351082461697293,0.351670520279069,0.352254390733996,0.352833991478298,0.353409245438993,0.353980080127411,0.354546427707538,0.355108225059121,0.355665413835455,0.356217940515756,0.356765756452116,0.357308817910984,0.357847086109158,0.358380527244232,0.35890911251947,0.359432818163084,0.359951625441897,0.360465520669389,0.360974495208121,0.36147854546654,0.361977672890126,0.362471883946902,0.362961190107348,0.363445607818784,0.363925158474226,0.364399868375765,0.364869768692504,0.365334895413079,0.365795289292811,0.366250995795571,0.366702065030429,0.367148551683151,0.367590514942624,0.368028018422319,0.368461130076895,0.368889922114043,0.369314470901643,0.369734856870314,0.370151164411439,0.370563481770806,0.370971900937992,0.371376517531609,0.371777430680562,0.372174742901434,0.372568559972152,0.372958990802063,0.373346147298561,0.373730144230407,0.374111099087906,0.37448913194006,0.374864365288863,0.375236923920902,0.375606934756427,0.375974526696056,0.376339830465273,0.376702978456884,0.377064104571655,0.377423344057258,0.377780833345736,0.378136709889627,0.378491111996987,0.378844178665449,0.379196049415496,0.379546864123101,0.379896762851924,0.380245885685279,0.380594372558038,0.380942363088654,0.381289996411466,0.38163741100949,0.381984744547894,0.382332133708326,0.382679714024241,0.383027619717432,0.383375983535956,0.383724936593628,0.384074608211262,0.384425125759819,0.384776614505618,0.385129197457749,0.385482995217879,0.385838125832627,0.386194704648649,0.386552844170596,0.386912653922099,0.387274240309921,0.387637706491422,0.388003152245474,0.388370673846961,0.388740363945019,0.389112311445166,0.389486601395397,0.389863314876383,0.390242528895866,0.390624316287374,0.391008745613373,0.391395881072932,0.391785782414009,0.392178504850437,0.392574098983694,0.392972610729539,0.393374081249588,0.39377854688793,0.394186039112808,0.394596584463446,0.395010204502072,0.395426915771232,0.395846729756446,0.396269652854228,0.396695686345471,0.397124826374216,0.39755706393184,0.397992384846681,0.398430769779088,0.398872194221922,0.399316628506479,0.399764037813833,0.400214382191564,0.400667616575885,0.401123690819122,0.401582549722527,0.402044133074386,0.402508375693346,0.402975207476953,0.403444553455295,0.403916333849707,0.404390464136512,0.404866855115716,0.405345412984613,0.405826039416181,0.406308631642189,0.406793082540913,0.407279280729354,0.407767110659916,0.408256452721423,0.408747183344348,0.409239175110164,0.409732296864694,0.410226413835334,0.410721387752027,0.411217076971863,0.411713336607193,0.412210018657128,0.412706972142275,0.413204043242564,0.413701075437998,0.414197909652141,0.414694384398207,0.415190335927622,0.415685598380911,0.416180003940724,0.416673382986841,0.417165564253057,0.41765637498577,0.418145641104144,0.418633187361664,0.419118837508956,0.419602414457677,0.420083740445273,0.420562637200467,0.421038926109315,0.421512428381654,0.421982965217737,0.422450357974922,0.422914428334231,0.423374998466609,0.423831891198745,0.424284930178289,0.424733940038279,0.425178746560642,0.425619176838516,0.426055059437262,0.426486224553983,0.426912504175466,0.427333732234369,0.427749744763516,0.428160380048129,0.428565478775843,0.428964884184312,0.429358442206252,0.429746001611804,0.430127414148146,0.430502534676172,0.430871221304082,0.431233335517778,0.431588742307941,0.431937310293689,0.432278911842727,0.432613423187856,0.432940724539698,0.433260700195523,0.433573238644087,0.433878232666364,0.434175579432023,0.434465180591617,0.434746942364416,0.435020775621797,0.43528659596614,0.435544323805147,0.435793884421478,0.436035208037633,0.436268229876033,0.436492890214262,0.436709134435416,0.436916913073531,0.437116181854062,0.437306901729374,0.437489038909191,0.437662564885956,0.437827456455082,0.437983695730076,0.438131270152509,0.438270172496842,0.438400400870113,0.438521958706452,0.438634854756465,0.438739103071509,0.438834722982889,0.438921739075961,0.439000181159136,0.43907008422786,0.439131488423626,0.439184438988032,0.439228986211917,0.439265185379624,0.439293096708431,0.439312785283197,0.439324320986332,0.439327778423077,0.439323236842175,0.439310780051969,0.439290496332001,0.439262478340242,0.439226823016014,0.439183631478694,0.439133008922338,0.439075064506352,0.439009911242241,0.438937665876541,0.438858448770017,0.438772383773261,0.438679598098814,0.438580222189934,0.438474389586138,0.438362236785618,0.438243903104663,0.438119530534196,0.437989263593535,0.437853249181503,0.437711636425042,0.437564576525504,0.437412222602684,0.437254729536756,0.437092253808256,0.436924953336277,0.436752987314993,0.436576516048646,0.436395700785173,0.436210703548586,0.436021686970242,0.435828814119141,0.435632248331467,0.435432153039509,0.435228691600131,0.43502202712299,0.434812322298645,0.434599739226681,0.434384439243997,0.434166582753398,0.433946329052653,0.433723836164192,0.433499260665613,0.433272757521117,0.433044479914028,0.432814579080545,0.432583204144883,0.432350501955948,0.432116616925637,0.431881690868948,0.431645862846053,0.431409269006483,0.431172042435557,0.430934313003214,0.430696207215366,0.43045784806792,0.430219354903613,0.429980843271809,0.429742424791386,0.429504207016863,0.429266293307945,0.429028782702535,0.428791769793314,0.428555344607965,0.428319592493173,0.428084594002556,0.427850424788659,0.42761715549916,0.427384851677359,0.427153573667061,0.426923376521967,0.426694309919597,0.426466418079827,0.426239739688135,0.426014307823695,0.425790149892396,0.425567287564831,0.425345736719303,0.425125507389916,0.424906603719837,0.42468902391977,0.424472760231715,0.424257798898113,0.424044120136403,0.423831698118964,0.423620500958455,0.423410490698656,0.423201623310843,0.422993848695766,0.422787110691237,0.422581347085308,0.422376489635001,0.422172464090641,0.42196919022581,0.421766581872889,0.421564546964192,0.421362987578643,0.421161799994024,0.420960874744759,0.420760096685228,0.420559345058567,0.420358493570914,0.420157410471068,0.419955958635521,0.419753995658751,0.419551373948743,0.419347940827716,0.419143538637962,0.418938004852709,0.418731172191894,0.418522868742855,0.418312918085904,0.418101139424687,0.41788734772128,0.417671353835861,0.417452964670827,0.417231983319213,0.417008209217302,0.416781438301344,0.41655146316827,0.416318073240293,0.416081054933286,0.415840191828832,0.41559526484977,0.415346052439135,0.4150923307423,0.414833873792214,0.414570453697598,0.414301840833914,0.414027804036972,0.413748110799027,0.413462527467193,0.413170819444059,0.412872751390346,0.412568087429417,0.412256591353466,0.411938026831203,0.411612157616912,0.411278747760675,0.410937561819586,0.410588365069777,0.410230923719092,0.409865005120254,0.40949037798432,0.409106812594254,0.408714081018422,0.408311957323808,0.407900217788781,0.407478641115271,0.407047008640155,0.406605104545666,0.406152716068666,0.405689633708557,0.40521565143367,0.40473056688591,0.404234181583491,0.403726301121584,0.403206735370699,0.402675298672643,0.402131810033908,0.401576093316273,0.401007977424422,0.4004272964904,0.399833890054764,0.399227603244254,0.398608286945827,0.397975797976862,0.397329999251356,0.396670759941973,0.395997955637828,0.395311468497814,0.3946111873993,0.393897008082058,0.393168833287297,0.392426572891683,0.391670144036175,0.390899471249603,0.390114486566816,0.389315129641277,0.388501347852019,0.387673096404876,0.386830338427862,0.38597304506061,0.38510119553772,0.384214777265932,0.383313785895056,0.382398225382571,0.381468108051803,0.38052345464361,0.379564294361491,0.378590664910082,0.377602612526959,0.376600192007694,0.375583466724107,0.374552508635673,0.373507398294079,0.372448224840927,0.371375085998547,0.37028808805393,0.36918734583573,0.368072982684347,0.36694513041509,0.365803929274436,0.364649527889383,0.36348208320992,0.362301760444633,0.361108732989489,0.359903182349843,0.358685298055723,0.357455277570433,0.356213326192507,0.354959656951104,0.353694490494879,0.35241805497445,0.351130585918524,0.349832326103818,0.348523525418822,0.347204440721538,0.345875335691272,0.344536480674605,0.343188152525637,0.341830634440658,0.340464215787329,0.339089191928517,0.337705864040956,0.336314538928891,0.334915528832847,0.333509151233666,0.332095728651952,0.330675588443122,0.329249062588222,0.327816487480707,0.326378203709332,0.324934555837343,0.323485892178151,0.322032564567684,0.3205749281336,0.319113341061558,0.317648164358738,0.316179761614809,0.314708498760575,0.313234743824504,0.311758866687316,0.310281238834835,0.308802233109302,0.307322223459394,0.305841584689172,0.30436069220619,0.302879921768987,0.301399649234172,0.299920250303328,0.298442100269949,0.296965573766647,0.29549104451283,0.294018885063058,0.292549466556286,0.291083158466225,0.289620328353038,0.288161341616578,0.286706561251412,0.285256347603853,0.283811058131204,0.282371047163428,0.280936665667446,0.279508261014316,0.278086176749461,0.276670752366184,0.275262323082644,0.273861219622502,0.272467767999373,0.271082289305305,0.269705099503469,0.268336509225235,0.266976823571797,0.265626341920551,0.264285357736337,0.262954158387761,0.261633024968715,0.260322232125276,0.259022047888098,0.257732733510463,0.256454543312143,0.25518772452918,0.253932517169741,0.252689153876142,0.251457859793178,0.250238852442826,0.249032341605448,0.247838529207575,0.246657609216368,0.245489767540827,0.244335181939834,0.243194021937103,0.242066448743099,0.240952615183981,0.239852665637592,0.238766735976539,0.237694953518404,0.236637436983091,0.235594296457326,0.234565633366338,0.233551540452701,0.232552101762363,0.231567392637847,0.230597479718603,0.229642420948507,0.22870226559048,0.227777054248181,0.226866818894726,0.225971582908377,0.225091361115114,0.224226159838029,0.223375976953493,0.222540801954016,0.221720616017712,0.220915392084284,0.220125094937386,0.219349681293268,0.218589099895612,0.217843291616439,0.217112189562987,0.216395719190398,0.215693798420084,0.215006337763648,0.214333240452222,0.213674402571083,0.213029713199389,0.212399054554905,0.211782302143515,0.211179324913376,0.210589985413559,0.210014139956981,0.209451638787481,0.208902326250808,0.208366040969375,0.207842616020561,0.207331879118425,0.206833652798616,0.206347754606319,0.205873997286986,0.205412188979655,0.204962133412674,0.204523630101651,0.204096474549425,0.203680458447859,0.203275369881222,0.202880993530973,0.202497110881738,0.20212350042829,0.201759937883321,0.201406196385795,0.201062046709688,0.20072725747292,0.200401595346291,0.200084825262212,0.199776710623039,0.199477013508811,0.199185494884206,0.198901914804502,0.198626032620362,0.198357607181259,0.198096397037362,0.197842160639711,0.197594656538472,0.197353643579134,0.19711888109646,0.196890129106046,0.196667148493312,0.196449701199751,0.196237550406284,0.196030460713564,0.195828198319125,0.19563053119119,0.195437229239024,0.195248064479694,0.19506281120112,0.194881246121275,0.194703148543394,0.194528300507103,0.194356486935345,0.194187495777019,0.194021118145235,0.1938571484511,0.193695384532942,0.193535627780875,0.193377683256643,0.193221359808656,0.193066470182155,0.192912831124436,0.192760263485088,0.192608592311196,0.192457646937463,0.192307261071226,0.192157272872342,0.192007525027913,0.191857864821836,0.191708144199175,0.191558219825316,0.191407953139936,0.19125721040577,0.191105862752187,0.190953786213615,0.190800861762798,0.190646975338928,0.190492017870659,0.190335885294044,0.190178478565447,0.190019703669455,0.189859471621856,0.189697698467739,0.189534305274773,0.189369218121712,0.189202368082188,0.189033691203885,0.18886312848316,0.188690625835204,0.188516134059815,0.188339608802858,0.188161010513533,0.18798030439753,0.187797460366149,0.1876124529815,0.187425261397874,0.18723586929942,0.187044264834223,0.186850440544896,0.186654393295797,0.186456124196998,0.186255638525112,0.186052945641109,0.185848058905256,0.18564099558929,0.185431776785944,0.185220427315944,0.185006975632621,0.184791453724274,0.184573897014417,0.184354344260026,0.184132837447912,0.18390942168937,0.183684145113235,0.183457058757463,0.183228216459351,0.182997674744545,0.182765492714977,0.182531731935867,0.182296456321929,0.182059732022879,0.181821627308395,0.181582212452643,0.181341559618478,0.181099742741481,0.180856837413927,0.18061292076881,0.180368071364062,0.180122369067082,0.179875894939696,0.179628731123676,0.179380960726912,0.179132667710343,0.178883936775788,0.178634853254737,0.17838550299824,0.178135972267982,0.17788634762864,0.177636715841638,0.177387163760364,0.177137778226954,0.176888645970723,0.176639853508364,0.176391487045964,0.176143632382929,0.175896374817891,0.175649799056668,0.175403989122344,0.175159028267525,0.174914998888808,0.174671982443563,0.174430059369078,0.174189309004119,0.173949809512944,0.17371163781183,0.173474869498142,0.173239578781986,0.173005838420474,0.172773719654623,0.172543292148938,0.172314623933701,0.172087781349968,0.171862828997299,0.171639829684255,0.171418844381677,0.171199932178747,0.170983150241843,0.17076855377619,0.170556195990318,0.170346128063306,0.170138399114806,0.169933056177857,0.169730144174485,0.16952970589408,0.16933178197451,0.169136410885923,0.168943628917244,0.168753470165331,0.168565966526778,0.168381147692336,0.168199041143898,0.168019672154026,0.167843063787994,0.16766923690831,0.167498210181653,0.167330000088186,0.167164620933204,0.167002084861077,0.16684240187141,0.166685579837414,0.166531624526394,0.16638053962232,0.166232326750414,0.166086985503698,0.16594451347143,0.165804906269364,0.16566815757179,0.165534259145283,0.165403200884105,0.165274970847178,0.165149555296574,0.16502693873744,0.164907103959309,0.164790032078734,0.164675702583176,0.164564093376081,0.164455180823074,0.164348939799185,0.164245343737059,0.164144364676049,0.164045973312145,0.163950139048675,0.1638568300477,0.163766013282024,0.163677654587742,0.163591718717263,0.163508169392738,0.163426969359827,0.163348080441739,0.163271463593465,0.163197078956161,0.163124885911606,0.163054843136671,0.162986908657757,0.162921039905102,0.162857193766914,0.162795326643252,0.162735394499582,0.162677352919959,0.162621157159755,0.162566762197903,0.16251412278857,0.162463193512236,0.162413928826118,0.1623662831139,0.1623202107347,0.162275666071265,0.16223260357731,0.162190977824005,0.162150743545533,0.162111855683693,0.162074269431471,0.162037940275575,0.162002824037872,0.161968876915723,0.161936055521199,0.161904316919114,0.161873618663864,0.161843918835025,0.161815176071692,0.161787349605542,0.161760399292604,0.161734285643717,0.161708969853665,0.161684413828963,0.161660580214288,0.161637432417548,0.161614934633556,0.161593051866316,0.161571749949891,0.161550995567868,0.161530756271415,0.16151100049595,0.161491697576409,0.161472817761127,0.161454332224302,0.161436213077075,0.161418433377235,0.161400967137556,0.161383789332804,0.161366875905388,0.161350203769683,0.161333750815047,0.16131749590755,0.161301418890441,0.161285500583361,0.161269722780333,0.161254068246516,0.161238520713784,0.161223064875119,0.16120768637788,0.161192371815947,0.161177108720784,0.161161885551443,0.161146691683567,0.161131517397396,0.161116353864836,0.161101193135606,0.1610860281225,0.161070852585795,0.161055661116841,0.161040449120866,0.161025212799048,0.161009949129863,0.160994655849798,0.160979331433427,0.160963975072901,0.160948586656857,0.160933166748806,0.160917716565033,0.160902237952049,0.160886733363643,0.160871205837571,0.160855658971924,0.160840096901202,0.160824524272165,0.16080894621947,0.160793368341124,0.160777796673788,0.160762237667959,0.160746698163053,0.160731185362461,0.160715706808588,0.160700270357916,0.160684884156142,0.160669556613411,0.160654296379688,0.160639112320297,0.160624013491665,0.160609009117291,0.160594108563976,0.160579321318321,0.160564656963533,0.160550125156583,0.160535735605715,0.160521498048331,0.160507422229268,0.160493517879528,0.160479794695449,0.160466262318347,0.160452930314636,0.16043980815646,0.160426905202872,0.160414230681559,0.160401793671127,0.160389603083972,0.160377667649755,0.160365995899509,0.160354596150372,0.160343476490943,0.160332644767284,0.160322108569563,0.160311875219341,0.160301951757509,0.160292344932906,0.16028306119159,0.160274106666791,0.160265487169539,0.160257208179971,0.160249274839325,0.160241691942601,0.160234463931909,0.160227594890492,0.160221088537397,0.160214948222803,0.160209176924001,0.160203777242032,0.160198751398962,0.160194101235788,0.160189828210982,0.160185933399648,0.160182417493293,0.160179280800195,0.160176523246362,0.160174144377071,0.16017214335896,0.160170518982649,0.160169269665908,0.160168393457336,0.160167888040559,0.160167750738901,0.16016797852053,0.160168568004047,0.160169515464508,0.160170816839873,0.160172467737869,0.160174463443253,0.160176798925414,0.160179468846345,0.160182467568928,0.160185789165527,0.160189427426861,0.160193375871154,0.16019762775354,0.160202176075713,0.160207013595785,0.160212132838345,0.160217526104683,0.160223185483183,0.160229102859855,0.160235269929005,0.160241678204049,0.160248319028416,0.160255183586529,0.160262262914836,0.160269547912908,0.160277029354565,0.160284697899015,0.16029254410199,0.160300558426835,0.160308731255574,0.160317052899909,0.160325513612165,0.160334103596146,0.160342813017888,0.160351632016323,0.16036055071381,0.16036955922654,0.160378647674805,0.160387806193135,0.160397024940264,0.160406294108924,0.160415603935452,0.160424944709213,0.160434306781828,0.160443680576209,0.160453056595369,0.160462425431006,0.160471777771866,0.160481104411871,0.160490396258,0.160499644337925,0.160508839807407,0.160517973957463,0.160527038221275,0.160536024180848,0.160544923573397,0.160553728297477,0.160562430418848,0.160571022176084,0.16057949598592,0.16058784444836,0.160596060351497,0.160604136676071,0.160612066599741,0.160619843501083,0.160627460963311,0.160634912777737,0.16064219294696,0.160649295687802,0.160656215433985,0.160662946838574,0.160669484776175,0.160675824344881,0.160681960867969,0.160687889895355,0.1606936072048,0.160699108802865,0.160704390925635,0.160709450039203,0.160714282839926,0.160718886254473,0.160723257439662,0.160727393782089,0.160731292897563,0.16073495263032,0.160738371052038,0.160741546460654,0.160744477378999,0.160747162553267,0.160749600951311,0.160751791760779,0.160753734387085,0.160755428451225,0.160756873787423,0.160758070440616,0.160759018663797,0.160759718915214,0.160760171855435,0.160760378344286,0.160760339437647,0.160760056384132,0.160759530621641,0.160758763773799,0.160757757646278,0.160756514223027,0.160755035662412,0.160753324293272,0.160751382610911,0.160749213273,0.160746819095425,0.160744203048058,0.160741368250487,0.160738317967684,0.160735055605629,0.160731584706855,0.160727908945954,0.160724032125018,0.160719958169008,0.16071569112108,0.160711235137857,0.160706594484687,0.160701773530888,0.160696776744971,0.160691608689846,0.160686274018001,0.160680777466668,0.16067512385296,0.160669318068994,0.16066336507701,0.16065726990448,0.160651037639215,0.160644673424463,0.160638182454004,0.160631569967243,0.160624841244306,0.160618001601145,0.160611056384644,0.160604010967761,0.160596870744682,0.160589641126005,0.160582327533961,0.160574935397664,0.160567470148412,0.160559937215009,0.160552342019109,0.160544689970595,0.160536986462991,0.160529236868944,0.160521446535748,0.160513620780911,0.160505764887773,0.160497884101178,0.160489983623202,0.160482068608935,0.160474144162333,0.160466215332133,0.160458287107841,0.160450364415795,0.160442452115291,0.160434554994783,0.160426677768178,0.160418825071203,0.160411001457882,0.160403211397092,0.160395459269218,0.160387749362904,0.160380085871904,0.160372472892032,0.160364914418223,0.160357414341698,0.160349976447245,0.160342604410602,0.160335301795964,0.160328072053602,0.160320918517616,0.160313844403814,0.160306852807719,0.16029994670272,0.160293128938364,0.160286402238789,0.160279769201303,0.160273232295115,0.160266793860227,0.160260456106475,0.160254221112716,0.160248090826181,0.160242067061964,0.160236151502677,0.160230345698249,0.160224651065903,0.160219068890278,0.160213600323692,0.160208246386547,0.160203007967898,0.160197885826177,0.160192880590066,0.160187992759542,0.16018322270709,0.160178570679087,0.160174036797343,0.160169621060786,0.160165323347282,0.160161143415583,0.16015708090744,0.160153135349855,0.160149306157496,0.160145592635264,0.160141993981001,0.160138509288335,0.160135137549651,0.160131877659164,0.16012872841612,0.160125688528115,0.160122756614509,0.160119931209938,0.160117210767935,0.160114593664637,0.160112078202597,0.160109662614666,0.160107345067962,0.160105123667924,0.160102996462404,0.160100961445805,0.16009901656325,0.160097159714808,0.160095388759744,0.160093701520814,0.16009209578856,0.160090569325593,0.160089119870867,0.160087745143929,0.160086442849148,0.160085210679917,0.160084046322825,0.160082947461766,0.160081911781989,0.160080936974081,0.160080020737882,0.160079160786313,0.160078354849121,0.16007760067652,0.160076896042731,0.160076238749412,0.160075626628964,0.160075057547703,0.160074529408889,0.160074040155588,0.160073587773401,0.160073170293031,0.160072785792673,0.160072432400226,0.160072108295335,0.160071811711245,0.160071540936475,0.160071294316303,0.160071070254064,0.16007086721224,0.160070683713354,0.160070518340657,0.16007036973862,0.160070236613225,0.160070117732059,0.160070011924216,0.160069918080017,0.160069835150558,0.160069762147069,0.1600696981401,0.160069642258528,0.160069593688421,0.160069551671751,0.16006951550497,0.160069484537444,0.160069458169743,0.160069435851811,0.160069417081005,0.16006940140004,0.160069388394843,0.160069377692331,0.160069368958138,0.16006936189431,0.160069356236971,0.160069351753957,0.160069348242463,0.160069345526694,0.160069343455556,0.160069341900373,0.160069340752668,0.160069339921998,0.160069339333892,0.160069338927875,0.160069338655601,0.160069338479116,0.160069338369246,0.160069338304113,0.160069338267791,0.0144302647937575,0.0144638787819705,0.014496245116153,0.0145273203731335,0.0145570620244171,0.0145854284926477,0.0146123792073483,0.0146378746598598,0.0146618764573974,0.0146843473761474,0.0147052514133269,0.0147245538381273,0.0147422212414693,0.0147582215844932,0.0147725242457137,0.0147851000667684,0.014795921396693,0.0148049621346569,0.0148121977710953,0.0148176054271728,0.0148211638925197,0.0148228536611817,0.0148226569657277,0.0148205578094633,0.0148165419966979,0.0148105971610161,0.0148027127915104,0.014792880256931,0.0147810928277152,0.0147673456958602,0.0147516359926073,0.014733962803907,0.0147143271836398,0.0146927321645666,0.0146691827669903,0.0146436860051091,0.0146162508910508,0.0145868884365748,0.0145556116524368,0.0145224355454099,0.0144873771129642,0.0144504553356037,0.014411691166871,0.0143711075210232,0.0143287292583972,0.0142845831684767,0.0142386979506828,0.0141911041929098,0.0141418343478324,0.0140909227070154,0.0140384053728547,0.0139843202283857,0.0139287069049964,0.0138716067480859,0.013813062780712,0.0137531196652717,0.013691823663264,0.0136292225931849,0.013565365786611,0.013500304042527,0.0134340895799576,0.0133667759889579,0.0132984181800291,0.0132290723320214,0.013158795838592,0.0130876472532822,0.0130156862332838,0.0129429734819637,0.0128695706902165,0.0127955404767186,0.0127209463271575,0.0126458525325069,0.0125703241264271,0.0124944268218628,0.0124182269469169,0.0123417913800746,0.0122651874848541,0.0121884830439599,0.0121117461930161,0.0120350453539557,0.0119584491681427,0.0118820264293025,0.0118058460163347,0.0117299768260832,0.011654487706137,0.0115794473877339,0.0115049244188413,0.0114309870974833,0.0113577034053858,0.0112851409420079,0.0112133668590275,0.0111424477953455,0.0110724498126759,0.011003438331783,0.0109354780694296,0.0108686329760965,0.0108029661745292,0.0107385398991723,0.0106754154365444,0.0106136530666087,0.0105533120051897,0.0104944503474879,0.0104371250127389,0.0103813916900648,0.0103273047855617,0.0102749173706658,0.0102242811318426,0.0101754463216353,0.0101284617111113,0.0100833745437425,0.0100402304907529,0.00999907360796678,0.00995994629418648,0.00992288925112905,0.009887941444949,0.00985514006937103,0.00982452051045703,0.00979611631302952,0.00976995914877133,0.00974607878601992,0.00972450306127436,0.00970525785243025,0.00968836705375647,0.00967385255262632,0.00966173420801482,0.0096520298307717,0.00964475516567647,0.00963992387528208,0.00963754752555267,0.00963763557329968,0.00964019535541943,0.00964523207993363,0.00965274881883255,0.00966274650272064,0.00967522391726209,0.00969017770142179,0.00970760234749691,0.00972749020293253,0.00974983147391351,0.00977461423072471,0.00980182441487097,0.00983144584794535,0.0098634602422341,0.00989784721304552,0.00993458429274858,0.00997364694650648,0.0100150085896895,0.0100586406069502,0.010104512372941,0.0101525912746574,0.0102028427353853,0.0102552302402325,0.0103097153632227,0.0103662577959271,0.0104248153776106,0.0104853441268671,0.0105477982747199,0.0106121302991583,0.0106782909610837,0.0107462293416381,0.0108158928808845,0.0108872274178086,0.0109601772316136,0.0110346850842734,0.0111106922643136,0.011188138631785,0.0112669626643977,0.0113471015047782,0.0114284910088155,0.0115110657950605,0.0115947592951394,0.0116795038051459,0.01176523053797,0.0118518696765276,0.0119393504278492,0.0120276010779884,0.0121165490477084,0.0122061209489044,0.0122962426417179,0.0123868392923018,0.0124778354311911,0.0125691550122368,0.0126607214720588,0.0127524577899722,0.0128442865483398,0.0129361299933066,0.0130279100958694,0.0131195486132342,0.0132109671504169,0.0133020872220379,0.0133928303142652,0.0134831179468541,0.0135728717352361,0.0136620134526088,0.0137504650919786,0.0138381489281069,0.0139249875793095,0.0140109040690627,0.0140958218873671,0.0141796650518194,0.0142623581683425,0.0143438264915216,0.0144239959844996,0.0145027933783807,0.0145801462310972,0.0146559829856875,0.0147302330279378,0.0148028267433364,0.0148736955732943,0.0149427720705839,0.0150099899539487,0.0150752841618374,0.0151385909052165,0.0151998477194148,0.0152589935149522,0.0153159686273118,0.0153707148656082,0.0154231755601093,0.0154732956085694,0.0155210215213309,0.0155663014651553,0.0156090853057425,0.0156493246488994,0.0156869728803186,0.0157219852039307,0.015754318678795,0.0157839322544915,0.015810786804983,0.0158348451609126,0.0158560721403059,0.0158744345776462,0.0158899013512945,0.0159024434092254,0.0159120337930538,0.0159186476603248,0.0159222623050467,0.0159228571764422,0.0159204138958985,0.0159149162720961,0.015906350314298,0.0158947042437828,0.0158799685034093,0.0158621357652994,0.0158412009366261,0.0158171611634987,0.0157900158329373,0.0157597665729269,0.0157264172505488,0.0156899739681837,0.0156504450577874,0.0156078410732402,0.015562174780774,0.0155134611474802,0.0154617173279064,0.0154069626487482,0.015349218591645,0.0152885087740916,0.0152248589284798,0.0151582968792871,0.0150888525184285,0.0150165577787917,0.0149414466059774,0.0148635549282677,0.0147829206248492,0.0146995834923147,0.0146135852094769,0.0145249693005216,0.0144337810965335,0.0143400676954311,0.0142438779203437,0.0141452622764694,0.014044272906454,0.0139409635443328,0.0138353894680768,0.0137276074507904,0.0136176757106055,0.0135056538593231,0.0133916028498507,0.0132755849224875,0.0131576635501107,0.0130379033823159,0.0129163701885694,0.0127931308004264,0.0126682530528748,0.0125418057248651,0.0124138584790868,0.0122844818010567,0.0121537469375769,0.01202172583463,0.0118884910747745,0.0117541158141068,0.0116186737188572,0.0114822389016863,0.01134488585775,0.0112066894006015,0.0110677245979977,0.0109280667076796,0.010787791113193,0.0106469732598188,0.0105056885906813,0.0103640124831049,0.0102220201852843,0.0100797867533392,0.00993738698881654,0.00979489537670865,0.00965238602405259,0.00950993259917564,0.00936760827165228,0.00922548565303585,0.00908363673842682,0.00894213284893863,0.0088010445751206,0.00866044172139615,0.00852039325157397,0.00838096723548702,0.00824223079681314,0.00810425006212939,0.0079670901112499,0.0078308149288952,0.00769548735773929,0.00756116905287985,0.00742792043777386,0.00729580066167904,0.0071648675586396,0.00703517760805234,0.00690678589684662,0.00677974608331001,0.00665411036258917,0.00652992943389269,0.00640725246942067,0.0062861270850431,0.00616659931274627,0.00604871357486539,0.0059325126601183,0.0058180377014535,0.00570532815572318,0.0055944217851893,0.00548535464086793,0.00537816104771521,0.00527287359165584,0.00516952310845272,0.00506813867441395,0.00496874759893131,0.00487137541884156,0.0047760458946006,0.00468278100825759,0.00459160096321428,0.00450252418575318,0.00441556732831591,0.00433074527451132,0.00424807114583088,0.00416755631004636,0.00408921039126389,0.00401304128160682,0.00393905515449747,0.00386725647950599,0.00379764803873381,0.00373023094469684,0.00366500465967255,0.00360196701647363,0.00354111424060992,0.00348244097379874,0.00342594029878334,0.00337160376541741,0.00331942141797287,0.0032693818236271,0.00322147210208449,0.00317567795628642,0.00313198370416374,0.00309037231138468,0.00305082542505084,0.00301332340829299,0.0029778453757181,0.00294436922965885,0.00291287169717629,0.00288332836776639,0.00285571373172052,0.00283000121909028,0.00280616323920655,0.00278417122070304,0.0027639956519945,0.00274560612216005,0.00272897136218222,0.00271405928649221,0.00270083703477257,0.0026892710139689,0.00267932694046245,0.00267096988235593,0.00266416430182489,0.00265887409748835,0.0026550626467526,0.00265269284808287,0.00265172716315822,0.00265212765886572,0.00265385604909074,0.00265687373626092,0.00266114185260237,0.00266662130106767,0.0026732727958963,0.00268105690276843,0.00268993407851418,0.00269986471034144,0.00271080915454646,0.0027227277746723,0.00273558097908168,0.00274932925791141,0.00276393321937689,0.00277935362539661,0.00279555142650736,0.00281248779604213,0.00283012416354377,0.00284842224738872,0.00286734408659633,0.00288685207180013,0.00290690897535914,0.00292747798058831,0.00294852271008822,0.00297000725315568,0.00299189619225795,0.00301415462855456,0.00303674820645201,0.00305964313717803,0.00308280622136316,0.00310620487061854,0.00312980712810002,0.00315358168804984,0.00317749791430884,0.00320152585779285,0.00322563627292823,0.00324980063304284,0.00327399114470983,0.0032981807610431,0.00332234319394429,0.00334645292530217,0.00337048521714663,0.0033944161207606,0.00341822248475397,0.00344188196210514,0.00346537301617685,0.00348867492571415,0.00351176778883327,0.00353463252601117,0.00355725088208629,0.00357960542728226,0.00360167955726759,0.00362345749226467,0.00364492427522293,0.00366606576907179,0.00368686865307055,0.00370732041827197,0.00372740936211757,0.00374712458218407,0.00376645596910021,0.00378539419865515,0.00380393072312005,0.00382205776180478,0.00383976829087269,0.00385705603243605,0.0038739154429563,0.00389034170097368,0.00390633069419141,0.00392187900594021,0.00393698390104912,0.00395164331114891,0.00396585581943551,0.00397962064492066,0.00399293762619769,0.00400580720475083,0.00401823040783628,0.00403020883096383,0.00404174462000823,0.00405284045297932,0.00406349952148028,0.00407372551188313,0.00408352258625099,0.00409289536303597,0.00410184889758234,0.00411038866246412,0.00411852052768678,0.00412625074078221,0.00413358590682604,0.00414053296840628,0.00414709918557189,0.00415329211578937,0.00415911959393564,0.00416458971235512,0.00416971080100831,0.00417449140773831,0.00417894027868148,0.00418306633884837,0.00418687867290105,0.00419038650615133,0.00419359918580405,0.0041965261624687,0.00419917697196235,0.00420156121742578,0.0042036885517742,0.00420556866050335,0.0042072112448704,0.00420862600546867,0.00420982262621414,0.00421081075876121,0.00421160000736364,0.00421219991419635,0.00421261994515218,0.00421286947612726,0.00421295777980739,0.00421289401296689,0.00421268720429041,0.00421234624272698,0.00421187986638467,0.0042112966519731,0.00421060500480024,0.00420981314932949,0.00420892912030148,0.00420796075442409,0.0042069156826326,0.00420580132292158,0.00420462487374908,0.00420339330801256,0.00420211336759548,0.00420079155848238,0.00419943414643883,0.00419804715325212,0.00419663635352748,0.00419520727203386,0.00419376518159265,0.00419231510150144,0.00419086179648461,0.00418940977616202,0.00418796329502563,0.00418652635291388,0.00418510269597276,0.00418369581809143,0.00418230896280057,0.00418094512562018,0.00417960705684362,0.00417829726474387,0.00417701801918757,0.00417577135564175,0.00417455907955807,0.00417338277111886,0.00417224379032943,0.00417114328243995,0.00417008218368002,0.00416906122728939,0.00416808094982753,0.0041671416977448,0.00416624363419739,0.00416538674608901,0.00416457085132184,0.00416379560623893,0.00416306051324064,0.00416236492855732,0.00416170807016064,0.00416108902579607,0.00416050676111885,0.00415996012791618,0.00415944787239863,0.00415896864354386,0.00415852100147559,0.00415810342586118,0.00415771432431153,0.00415735204076687,0.0041570148638527,0.00415670103519046,0.00415640875764823,0.00415613620351643,0.00415588152259418,0.0041556428501725,0.00415541831490078,0.00415520604652295,0.00415500418347079,0.00415481088030203,0.00415462431497134,0.00415444269592294,0.00415426426899349,0.00415408732411489,0.00415391020180738,0.00415373129945355,0.00415354907734434,0.00415336206448843,0.00415316886417693,0.00415296815929627,0.00415275871738244,0.00415253939541048,0.00415230914431308,0.00415206701322311,0.0041518121534351,0.00415154382208161,0.0041512613855212,0.00415096432243458,0.00415065222662652,0.00415032480953073,0.00414998190241612,0.00414962345829322,0.00414924955351987,0.00414886038910603,0.0041484562917182,0.00414803771438399,0.00414760523689766,0.00414715956592829,0.00414670153483254,0.00414623210317454,0.0041457523559556,0.00414526350255709,0.00414476687539971,0.00414426392832333,0.00414375623469139,0.00414324548522452,0.00414273348556851,0.00414222215360182,0.00414171351648816,0.00414120970747975,0.00414071296247772,0.00414022561635561,0.0041397500990527,0.00413928893144389,0.00413884472099359,0.00413842015720035,0.00413801800683988,0.00413764110901406,0.00413729237001376,0.00413697475800343,0.00413669129753518,0.00413644506390068,0.00413623917732941,0.00413607679704204,0.00413596111516788,0.00413589535053509,0.00413588274234214,0.00413592654371996,0.00413603001519405,0.00413619641805527,0.00413642900764881,0.00413673102659048,0.00413710569792034,0.0041375562182031,0.00413808575058465,0.00413869741781441,0.00413939429524313,0.00414017940380586,0.00414105570299969,0.00414202608386603,0.00414309336198733,0.00414426027050778,0.00414552945318798,0.00414690345750337,0.00414838472779606,0.00414997559848984,0.00415167828737813,0.00415349488899453,0.00415542736807553,0.00415747755312476,0.00415964713008865,0.00416193763615286,0.00416435045366855,0.00416688680421775,0.00416954774282714,0.00417233415233956,0.00417524673795207,0.00417828602192909,0.00418145233849909,0.00418474582894391,0.00418816643688924,0.00419171390380409,0.00419538776471759,0.00419918734416082,0.00420311175234192,0.00420715988156142,0.00421133040287503,0.00421562176301119,0.00422003218155019,0.00422455964837166,0.00422920192137695,0.00423395652449275,0.00423882074596171,0.00424379163692572,0.00424886601030707,0.00425404043999262,0.00425931126032545,0.00426467456590832,0.00427012621172327,0.0042756618135713,0.00428127674883549,0.00428696615757079,0.00429272494392307,0.00429854777787981,0.00430442909735495,0.00431036311060919,0.00431634379900741,0.00432236492011371,0.00432842001112485,0.0043345023926425,0.00434060517278363,0.00434672125162807,0.00435284332600274,0.00435896389460059,0.00436507526343219,0.00437116955160748,0.004377238697445,0.00438327446490527,0.00438926845034441,0.00439521208958388,0.00440109666529178,0.00440691331467036,0.00441265303744407,0.00441830670414189,0.00442386506466749,0.00442931875715017,0.00443465831706968,0.00443987418664733,0.00444495672449499,0.00444989621551304,0.00445468288102772,0.00445930688915858,0.00446375836540626,0.00446802740345019,0.00447210407614519,0.00447597844670552,0.00447964058006513,0.00448308055440152,0.00448628847281051,0.00448925447511969,0.00449196874982707,0.00449442154615114,0.0044966031861788,0.00449850407709684,0.00450011472349257,0.00450142573970852,0.00450242786223627,0.00450311196213395,0.00450346905745132,0.00450349032564703,0.00450316711598201,0.00450249096187314,0.00450145359319047,0.00450004694848159,0.00449826318710659,0.00449609470126609,0.0044935341279061,0.00449057436048277,0.00448720856056975,0.00448343016929077,0.0044792329185604,0.00447461084211652,0.00446955828632756,0.00446406992075781,0.00445814074847384,0.00445176611607583,0.00444494172343735,0.00443766363313741,0.00442992827956827,0.00442173247770373,0.00441307343151219,0.00440394874199912,0.00439435641486393,0.00438429486775686,0.00437376293712199,0.00436275988461291,0.00435128540306709,0.00433933962202611,0.00432692311278974,0.00431403689299193,0.0043006824306872,0.00428686164793694,0.00427257692388544,0.0042578310973165,0.00424262746868234,0.00422696980159634,0.00421086232378157,0.00419430972746847,0.00417731716923544,0.00415989026928663,0.00414203511016218,0.00412375823487732,0.00410506664448746,0.0040859677950768,0.00406646959416916,0.00404658039656021,0.0040263089995709,0.00400566463772321,0.00398465697684048,0.00396329610757499,0.00394159253836621,0.00391955718783396,0.00389720137661198,0.00387453681862793,0.00385157561183718,0.00382833022841828,0.0038048135044387,0.00378103862900012,0.0037570191328738,0.00373276887663734,0.00370830203832524,0.00368363310060626,0.00365877683750092,0.00363374830065358,0.00360856280517506,0.00358323591507147,0.00355778342827633,0.00353222136130307,0.00350656593353651,0.00348083355118232,0.00345504079089428,0.00342920438309923,0.00340334119504029,0.0033774682135598,0.00335160252764387,0.00332576131075099,0.00329996180294736,0.00327422129287179,0.00324855709955413,0.00322298655411141,0.00319752698134595,0.0031721956812701,0.00314700991058215,0.00312198686411858,0.00309714365630799,0.00307249730265205,0.00304806470125883,0.00302386261445406,0.00299990765049576,0.00297621624541748,0.00295280464502556,0.00292968888707555,0.00290688478365249,0.00288440790377923,0.00286227355627713,0.00284049677290297,0.00281909229178552,0.00279807454118514,0.00277745762359918,0.00275725530023554,0.00273748097587597,0.00271814768414987,0.00269926807323871,0.00268085439203084,0.00266291847674571,0.00264547173804566,0.0026285251486528,0.00261208923148753,0.0025961740483447,0.00258078918912261,0.00256594376161883,0.00255164638190596,0.00253790516529966,0.0025247277179302,0.002512121128928,0.00250009196323259,0.00248864625503349,0.00247778950185069,0.00246752665926143,0.00245786213627875,0.00244879979138638,0.00244034292923347,0.00243249429799164,0.00242525608737598,0.00241862992733043,0.00241261688737699,0.00240721747662742,0.00240243164445473,0.00239825878182109,0.00239469772325808,0.00239174674949414,0.00238940359072287,0.00238766543050506,0.00238652891029646,0.00238599013459268,0.00238604467668147,0.0023866875849923,0.00238791339003212,0.00238971611189556,0.00239208926833666,0.00239502588338888,0.00239851849651942,0.00240255917230308,0.00240713951060071,0.00241225065722629,0.00241788331508657,0.00242402775577649,0.00243067383161283,0.00243781098808831,0.00244542827672855,0.00245351436833319,0.00246205756658267,0.00247104582199147,0.00248046674618841,0.00249030762650463,0.00250055544084941,0.00251119687285384,0.00252221832726223,0.00253360594555103,0.00254534562175498,0.00255742301848005,0.00256982358308252,0.00258253256399409,0.00259553502717253,0.00260881587265772,0.00262235985121272,0.00263615158102995,0.00265017556448223,0.00266441620489885,0.00267885782334684,0.00269348467539792,0.00270828096786217,0.00272323087546924,0.00273831855747824,0.00275352817419778,0.00276884390339804,0.00278424995659628,0.00279973059519843,0.00281527014647922,0.00283085301938426,0.00284646372013701,0.00286208686763494,0.0028777072086189,0.0028933096326,0.00290887918652886,0.00292440108919267,0.00293986074532562,0.00295524375941866,0.00297053594921535,0.00298572335888096,0.00300079227183227,0.00301572922321612,0.00303052101202543,0.00304515471284154,0.00305961768719276,0.00307389759451887,0.00308798240273197,0.00310186039836467,0.00311552019629721,0.00312895074905585,0.00314214135567515,0.00315508167011729,0.00316776170924225,0.00318017186032308,0.0031923028881015,0.00320414594137877,0.00321569255913796,0.00322693467619411,0.00323786462836953,0.00324847515719153,0.00325875941411148,0.00326871096424406,0.00327832378962643,0.00328759229199713,0.00329651129509529,0.00330507604648145,0.00331328221888186,0.00332112591105852,0.00332860364820826,0.00333571238189449,0.00334244948951613,0.00334881277331787,0.00335480045894717,0.00336041119356376,0.00336564404350802,0.00337049849153512,0.00337497443362236,0.00337907217535761,0.00338279242791767,0.00338613630364526,0.00338910531123409,0.00339170135053192,0.0033939267069722,0.00339578404564566,0.00339727640502299,0.00339840719034011,0.00339918016665778,0.00339959945160788,0.00339966950783975,0.00339939513517971,0.00339878146251664,0.00339783393942727,0.00339655832755527,0.00339496069175848,0.00339304739103886,0.00339082506926943,0.00338830064573336,0.00338548130548977,0.00338237448958167,0.00337898788510158,0.00337532941513058,0.00337140722856599,0.00336722968985316,0.00336280536863682,0.00335814302934792,0.00335325162074105,0.00334814026539774,0.00334281824921156,0.00333729501087033,0.00333158013135096,0.00332568332344164,0.00331961442130627,0.00331338337010622,0.00330700021569349,0.00330047509438988,0.00329381822286616,0.00328703988813497,0.0032801504376709,0.00327316026967084,0.00326607982346758,0.00325891957010867,0.00325169000311243,0.00324440162941298,0.00323706496050558,0.00322969050380278,0.00322228875421173,0.00321487018594234,0.00320744524455573,0.00320002433926128,0.00319261783547082,0.00318523604761753,0.00317788923224649,0.00317058758138327,0.0031633412161865,0.00315616018088971,0.00314905443703696,0.00314203385801644,0.00313510822389551,0.00312828721655993,0.0031215804151593,0.00311499729186009,0.00310854720790714,0.00310223940999374,0.00309608302693975,0.00309008706667691,0.00308426041353917,0.0030786118258552,0.00307314993383977,0.00306788323778035,0.00306282010651446,0.00305796877619244,0.00305333734931983,0.00304893379407317,0.00304476594388178,0.00304084149726811,0.00303716801793793,0.00303375293511174,0.00303060354408793,0.00302772700702779,0.00302513035395187,0.00302282048393653,0.00302080416649911,0.0030190880431595,0.0030176786291657,0.00301658231537049,0.00301580537024568,0.00301535394202034,0.00301523406092871,0.00301545164155375,0.00301601248525113,0.00301692228263868,0.00301818661613581,0.00301981096253754,0.00302180069560711,0.00302416108867148,0.00302689731720343,0.00303001446137402,0.00303351750855875,0.00303741135578089,0.0030417008120757,0.00304639060075921,0.00305148536158515,0.00305698965277334,0.00306290795289328,0.00306924466258661,0.00307600410611275,0.00308319053270164,0.00309080811769825,0.00309886096348341,0.00310735310015565,0.00311628848595907,0.00312567100744296,0.00313550447933932,0.00314579264414449,0.00315653917139122,0.00316774765659888,0.00317942161988935,0.00319156450425701,0.00320417967348141,0.00321727040967223,0.00323083991043684,0.00324489128566079,0.00325942755389274,0.00327445163832571,0.00328996636236745,0.00330597444479307,0.0033224784944735,0.00333948100467441,0.00335698434692155,0.00337499076442883,0.00339350236508615,0.00341252111400519,0.00343204882562162,0.00345208715535325,0.00347263759081459,0.00349370144258927,0.00351527983456201,0.00353737369381258,0.00355998374007506,0.00358311047476703,0.00360675416959439,0.0036309148547378,0.00365559230662789,0.00368078603531698,0.00370649527145558,0.00373271895288303,0.00375945571084249,0.00378670385583155,0.00381446136310033,0.00384272585780935,0.0038714945998606,0.00390076446841643,0.00393053194612072,0.00396079310303761,0.00399154358032405,0.0040227785736531,0.00405449281640521,0.00408668056264563,0.00411933556990651,0.00415245108179298,0.00418601981043286,0.00422003391879052,0.00425448500286582,0.00428936407379899,0.00432466153990324,0.00436036718864711,0.00439647016860952,0.00443295897142947,0.00446982141377387,0.00450704461934683,0.00454461500096435,0.00458251824271754,0.00462073928224847,0.00465926229316314,0.00469807066760589,0.00473714699901949,0.00477647306511519,0.00481602981107664,0.00485579733302252,0.00489575486175221,0.00493588074679876,0.00497615244081327,0.00501654648430456,0.00505703849075756,0.00509760313215335,0.00513821412491449,0.00517884421629869,0.00521946517126371,0.00526004775982546,0.00530056174493059,0.00534097587086492,0.00538125785221875,0.00542137436342933,0.00546129102892036,0.00550097241385823,0.00554038201554356,0.00557948225545683,0.00561823447197596,0.00565659891378281,0.00569453473397474,0.00573199998489719,0.00576895161371275,0.00580534545872112,0.00584113624644433,0.00587627758949056,0.00591072198520926,0.00594442081514953,0.00597732434533303,0.00600938172735183,0.00604054100030094,0.00607074909355535,0.0060999518303998,0.00612809393251865,0.00615511902535271,0.00618096964432952,0.00620558724197302,0.00622891219589755,0.00625088381769077,0.00627144036268903,0.00629051904064858,0.00630805602731457,0.00632398647688969,0.00633824453540389,0.00635076335498565,0.00636147510903447,0.00637031100829343,0.00637720131782099,0.00638207537486014,0.00638486160760197,0.00638548755484079,0.00638387988651689,0.00637996442514251,0.00637366616810583,0.00636490931084729,0.00635361727090181,0.00633971271280068,0.00632311757382556,0.00630375309060653,0.0062815398265558,0.00625639770012807,0.00622824601389825,0.00619700348444609,0.00616258827303708,0.00612491801708873,0.00608390986241077,0.0060394804962072,0.00599154618082743,0.0059400227882532,0.00588482583530797,0.0058258705195745,0.00576307175600658,0.00569634421421978,0.00562560235644559,0.00555076047613282,0.00547173273717972,0.00538843321377969,0.00530077593086313,0.00520867490511813,0.00511204418657217,0.00501079790071606,0.00490485029115102,0.00479411576274026,0.00467850892524527,0.00455794463742697,0.00443233805159188,0.00430160465856249,0.00416566033305068,0.00402442137941301,0.00387780457776648,0.00372572723044315,0.00356810720876175,0.0034048630000944,0.00323591375520596,0.00306117933584287,0.00288058036254906,0.00269403826268621,0.00250147531863511,0.00230281471615441,0.00209798059287325,0.00188689808689423,0.00166949338548231,0.00144569377381587,0.00121542768377562,0.00097862474274672,0.000735215822409298,0.000485133087492487,0.000228310044466921,-3.53184098495488e-05,-0.00030581593979844,-0.000583244722525238,-0.00086766539978791,-0.00115913702995547,-0.00145771704022293,-0.00176346117906932,-0.00207642346898536,-0.00239665615949825,-0.0027242096805207,-0.00305913259605216,-0.00340147155826015,-0.00375127126196986,-0.00410857439959086,-0.00447342161650978,-0.0048458514669782,-0.00522590037052542,-0.00561360256892591,-0.00600899008375133,-0.00641209267453799,-0.00682293779760095,-0.00724155056552615,-0.00766795370737245,-0.00810216752961569,-0.00854420987786686,-0.0089940960993961,-0.00945183900649646,-0.00991744884072123,-0.0103909332380281,-0.0108722971948647,-0.0113615430352294,-0.0118586703787432,-0.0123636761097663,-0.0128765543475961,-0.0133972964177806,-0.0139258908245846,-0.0144623232246431,-0.0150065764018388,-0.0155586302434389,-0.0161184617175272,-0.0166860448517671,-0.0172613507135322,-0.0178443473914393,-0.0184349999783206,-0.0190332705556705,-0.0196391181796021,-0.0202524988683492,-0.0208733655913465,-0.0215016682599212,-0.0221373537196312,-0.0227803657442792,-0.0234306450316369,-0.0240881292009102,-0.0247527527919749,-0.025424447266409,-0.0261031410103521,-0.026788759339217,-0.0274812245042839,-0.0281804557011979,-0.0288863690803969,-0.0295988777594921,-0.0303178918376154,-0.0310433184117516,-0.0317750615950712,-0.0325130225372764,-0.0332570994469713,-0.0340071876160682,-0.0347631794462383,-0.0355249644774104,-0.0362924294183205,-0.0370654581791168,-0.0378439319060194,-0.0386277290180255,-0.0394167252456576,-0.0402107936717426,-0.0410098047742088,-0.0418136264708885,-0.0426221241663091,-0.0434351608004502,-0.0442525968994513,-0.0450742906282398,-0.045900097845054,-0.0467298721578269,-0.0475634649823964,-0.0484007256025016,-0.0492415012315267,-0.0500856370759519,-0.0509329764004676,-0.0517833605947029,-0.0526366292415223,-0.053492620186836,-0.0543511696108661,-0.0552121121008118,-0.0560752807248542,-0.0569405071074427,-0.0578076215058042,-0.0586764528876075,-0.0595468290097153,-0.0604185764979572,-0.0612915209278522,-0.0621654869062088,-0.063040298153528,-0.0639157775871314,-0.0647917474049394,-0.0656680291698245,-0.0665444438944574,-0.0674208121265677,-0.0682969540345438,-0.0691726894933019,-0.0700478381703438,-0.0709222196119164,-0.0717956533291931,-0.0726679588843962,-0.0735389559767828,-0.0744084645284229,-0.0752763047696891,-0.0761422973243845,-0.0770062632944327,-0.0778680243440583,-0.0787274027833787,-0.0795842216513395,-0.0804383047979274,-0.0812894769655896,-0.0821375638697948,-0.0829823922786713,-0.0838237900916562,-0.084661586417096,-0.0854956116487369,-0.0863256975410544,-0.0871516772833693,-0.0879733855726917,-0.088790658685235,-0.0896033345465567,-0.090411252800287,-0.0912142548754004,-0.0920121840519862,-0.0928048855254773,-0.0935922064693,-0.0943739960959126,-0.0951501057162001,-0.0959203887972015,-0.0966847010181344,-0.0974429003246928,-0.0981948469815975,-0.0989404036233771,-0.099679435303363,-0.100411809540887,-0.101137396366663,-0.101856068366351,-0.102567700722291,-0.103272171253402,-0.103969360453236,-0.104659151526197,-0.105341430421915,-0.106016085867773,-0.106683009399594,-0.107342095390498,-0.107993241077926,-0.108636346588858,-0.109271314963202,-0.109898052175409,-0.110516467154282,-0.111126471801008,-0.111727981005435,-0.112320912660611,-0.112905187675587,-0.113480729986521,-0.114047466566091,-0.114605327431242,-0.115154245649274,-0.115694157342309,-0.116225001690145,-0.116746720931525,-0.117259260363866,-0.117762568341459,-0.118256596272169,-0.118741298612648,-0.119216632862074,-0.119682559554456,-0.120139042249536,-0.120586047522316,-0.12102354495122,-0.121451507104937,-0.12186990952796,-0.122278730724851,-0.122677952143251,-0.123067558155675,-0.123447536040106,-0.123817875959407,-0.124178570939596,-0.124529616847012,-0.124871012364403,-0.125202758965948,-0.125524860891247,-0.125837325118292,-0.126140161335454,-0.126433381912513,-0.12671700187075,-0.126991038852112,-0.127255513087496,-0.127510447364138,-0.127755866992162,-0.127991799770278,-0.128218275950681,-0.128435328203153,-0.128642991578409,-0.128841303470676,-0.129030303579542,-0.1292100338711,-0.129380538538372,-0.129541863961069,-0.12969405866468,-0.129837173278938,-0.129971260495644,-0.130096375025888,-0.130212573556673,-0.130319914706948,-0.130418458983086,-0.130508268733803,-0.130589408104537,-0.13066194299132,-0.130725940994163,-0.130781471369964,-0.130828604984971,-0.130867414266807,-0.13089797315606,-0.130920357057484,-0.130934642790806,-0.130940908541159,-0.130939233809162,-0.130929699360641,-0.130912387176027,-0.13088738039946,-0.130854763287607,-0.13081462115822,-0.13076704033847,-0.130712108113063,-0.130649912672187,-0.130580543059291,-0.130504089118735,-0.130420641443333,-0.13033029132182,-0.130233130686282,-0.130129252059556,-0.130018748502648,-0.129901713562174,-0.129778241217865,-0.129648425830171,-0.129512362087998,-0.12937014495663,-0.129221869625859,-0.129067631458366,-0.128907525938381,-0.128741648620672,-0.128570095079895,-0.12839296086034,-0.128210341426133,-0.128022332111918,-0.127829028074073,-0.1276305242425,-0.127426915273033,-0.127218295500513,-0.127004758892571,-0.126786399004166,-0.126563308932922,-0.126335581275296,-0.126103308083657,-0.1258665808243,-0.125625490336463,-0.125380126792387,-0.125130579658443,-0.124876937657386,-0.124619288731763,-0.124357720008559,-0.124092317765098,-0.123823167396252,-0.123550353382987,-0.123273959262283,-0.122994067598481,-0.122710759956108,-0.122424116874217,-0.122134217842265,-0.121841141277578,-0.12154496450442,-0.121245763734693,-0.120943614050311,-0.120638589387252,-0.120330762521328,-0.120020205055672,-0.119706987409961,-0.119391178811404,-0.119072847287499,-0.118752059660583,-0.11842888154417,-0.118103377341093,-0.117775610243445,-0.117445642234326,-0.117113534091414,-0.116779345392342,-0.116443134521879,-0.116104958680907,-0.115764873897156,-0.115422935037691,-0.115079195823118,-0.114733708843501,-0.114386525575958,-0.114037696403919,-0.113687270637995,-0.113335296538442,-0.112981821339162,-0.112626891273204,-0.11227055159973,-0.111912846632389,-0.111553819769063,-0.1111935135229,-0.110831969554614,-0.110469228705974,-0.11010533103443,-0.1097403158488,-0.109374221745958,-0.109007086648438,-0.108638947842906,-0.108269842019407,-0.107899805311344,-0.107528873336093,-0.107157081236187,-0.106784463720975,-0.106411055108686,-0.106036889368801,-0.105662000164661,-0.105286420896215,-0.104910184742814,-0.104533324705965,-0.104155873651957,-0.103777864354287,-0.1033993295358,-0.103020301910452,-0.102640814224614,-0.102260899297808,-0.101880590062799,-0.101499919604946,-0.101118921200719,-0.100737628355309,-0.100356074839237,-0.0999742947238811,-0.0995923224158367,-0.0992101926900267,-0.0988279407214831,-0.0984456021157201,-0.0980632129376196,-0.0976808097387458,-0.0972984295830188,-0.0969161100706843,-0.0965338893605135,-0.0961518061901608,-0.0957698998946106,-0.0953882104226612,-0.09500677835139,-0.0946256448985438,-0.094244851932808,-0.0938644419819064,-0.0934844582384924,-0.0931049445637965,-0.0927259454889971,-0.0923475062142766,-0.091969672605529,-0.0915924911886961,-0.0912160091417232,-0.0908402742841162,-0.0904653350640823,-0.09009124054325,-0.0897180403789651,-0.0893457848041643,-0.0889745246048352,-0.0886043110950726,-0.0882351960897416,-0.0878672318747698,-0.0875004711750944,-0.0871349671202985,-0.0867707732079724,-0.0864079432648261,-0.0860465314055945,-0.0856865919897786,-0.0853281795762737,-0.0849713488759347,-0.0846161547021327,-0.0842626519193671,-0.083910895389996,-0.0835609399191467,-0.0832128401978713,-0.0828666507446198,-0.0825224258451135,-0.0821802194907056,-0.0818400853153119,-0.0815020765309957,-0.0811662458622899,-0.0808326454793534,-0.0805013269300576,-0.0801723410711018,-0.0798457379982472,-0.0795215669757677,-0.0791998763652268,-0.0788807135536921,-0.0785641248814844,-0.0782501555695607,-0.0779388496466364,-0.0776302498761667,-0.0773243976832902,-0.07702133308184,-0.0767210946015325,-0.0764237192154421,-0.0761292422678728,-0.0758376974027367,-0.075549116492546,-0.0752635295681317,-0.0749809647491994,-0.074701448175832,-0.074425003941046,-0.0741516540245078,-0.0738814182275142,-0.0736143141093362,-0.0733503569250348,-0.0730895595648508,-0.0728319324952703,-0.0725774837018606,-0.0723262186339693,-0.0720781401513817,-0.0718332484730315,-0.0715915411278598,-0.0713530129079101,-0.0711176558237467,-0.0708854590622713,-0.0706564089470201,-0.0704304889010226,-0.0702076794122945,-0.069987958002042,-0.0697712991956438,-0.0695576744964721,-0.0693470523626105,-0.0691393981865236,-0.0689346742777403,-0.068732839848606,-0.0685338510031513,-0.0683376607291175,-0.0681442188931803,-0.0679534722394123,-0.0677653643910277,-0.0675798358554356,-0.0673968240326238,-0.0672162632268965,-0.0670380846619885,-0.0668622164995742,-0.0666885838611846,-0.0665171088535444,-0.066347710597329,-0.0661803052593426,-0.0660148060881125,-0.0658511234528922,-0.0656891648860601,-0.0655288351288988,-0.065370036180731,-0.0652126673513879,-0.0650566253169795,-0.0649018041789378,-0.0647480955263026,-0.0645953885012083,-0.0644435698675239,-0.0642925240825968,-0.0641421333720516,-0.0639922778075864,-0.0638428353877117,-0.0636936821213656,-0.0635446921143344,-0.0633957376584095,-0.0632466893232043,-0.0630974160505564,-0.0629477852514325,-0.0627976629052562,-0.0626469136615681,-0.0624954009439349,-0.0623429870560154,-0.0621895332896857,-0.0620349000351197,-0.0618789468927234,-0.0617215327868193,-0.0615625160809784,-0.0614017546948937,-0.0612391062226864,-0.0610744280525282,-0.0609075774874697,-0.0607384118673582,-0.0605667886917255,-0.0603925657435246,-0.0602156012135949,-0.0600357538257403,-0.0598528829622947,-0.059666848790049,-0.0594775123864168,-0.0592847358657142,-0.0590883825054246,-0.0588883168723225,-0.0586844049483344,-0.0584765142560145,-0.058264513983511,-0.0580482751088938,-0.0578276705237194,-0.0576025751557113,-0.0573728660904278,-0.0571384226917983,-0.0568991267214094,-0.0566548624564203,-0.0564055168059877,-0.0561509794260817,-0.0558911428325748,-0.0556259025124892,-0.0553551570332892,-0.0550788081501101,-0.0547967609108163,-0.0545089237587859,-0.0542152086333202,-0.0539155310675708,-0.0536098102838861,-0.053297969286475,-0.0529799349513023,-0.0526556381131197,-0.0523250136495489,-0.051988000562132,-0.051644542054267,-0.0512945856059517,-0.0509380830452572,-0.0505749906164609,-0.050205269044767,-0.0498288835975507,-0.0494458041420632,-0.0490560051995369,-0.0486594659956371,-0.0482561705072103,-0.0478461075052832,-0.0474292705942725,-0.0470056582473669,-0.0465752738380393,-0.0461381256676585,-0.0456942269891705,-0.0452435960268301,-0.0447862559919601,-0.044322235094727,-0.0438515665519184,-0.0433742885907119,-0.0428904444484285,-0.0424000823682718,-0.0419032555910592,-0.0414000223429511,-0.0408904458191878,-0.0403745941638486,-0.0398525404456537,-0.0393243626298303,-0.0387901435460698,-0.0382499708526026,-0.0377039369964266,-0.037152139169724,-0.036594679262507,-0.036031663811535,-0.0354632039455449,-0.0348894153268478,-0.0343104180893476,-0.0337263367730416,-0.0331373002550581,-0.0325434416772935,-0.0319448983707093,-0.0313418117763541,-0.0307343273631766,-0.030122594542703,-0.0295067665806484,-0.0288870005055388,-0.0282634570144188,-0.0276363003757197,-0.0270056983293708,-0.0263718219842369,-0.0257348457129689,-0.0250949470443542,-0.0244523065532498,-0.023807107748188,-0.0231595369567467,-0.0225097832087746,-0.0218580381175638,-0.0212044957590611,-0.0205493525492115,-0.0198928071195286,-0.0192350601909889,-0.0185763144463474,-0.017916774400972,-0.0172566462722935,-0.0165961378479691,-0.0159354583528601,-0.0152748183149199,-0.0146144294300911,-0.0139545044263115,-0.0132952569267276,-0.012636901312219,-0.0119796525833328,-0.0113237262217288,-0.0106693380512352,-0.0100167040986159,-0.00936604045414737,-0.00871756313210716,-0.00807148793127196,-0.00742803029552487,-0.00678740517467068,-0.00614982688555795,-0.00551550897360695,-0.0048846640748409,-0.00425750377851837,-0.00363423849046358,-0.00301507729719068,-0.00240022783091805,-0.00178989613556786,-0.00118428653384505,-0.000583601495489955,1.19584932024558e-05,0.000602195058504272,0.00118691206692611,0.00176591575134789,0.0023390148355194,0.00290602065684232,0.00346674728734619,0.004021011652772,0.00456863364967834,0.00510943626048594,0.0056432456663783,0.00616989135797702,0.00668920624371177,0.00720102675580668,0.00770519295380636,0.00820154862556652,0.00868994138563534,0.00917022277095421,0.00964224833380754,0.0101058777319531,0.0105609748158664,0.011007407713035,0.0114450489092429,0.0118737753267808,0.0122934683995279,0.0127040141448476,0.0131053032322457,0.013497231048739,0.0138796977608862,0.0142526083734349,0.0146158727845413,0.0149694058375242,0.0153131273691133,0.0156469622541571,0.0159708404467566,0.0162846970177948,0.0165884721888357,0.0168821113623677,0.0171655651483695,0.0174387893871827,0.0177017451686747,0.0179543988476819,0.018196722055722,0.0184286917089717,0.0186502900125059,0.0188615044607975,0.0190623278344823,0.019252758193395,0.0194327988658872,0.0196024584344385,0.0197617507175731,0.0199106947481055,0.0200493147477371,0.0201776400980295,0.0202957053077818,0.0204035499768459,0.0205012187564095,0.0205887613057841,0.0206662322457384,0.0207336911084214,0.0207912022839215,0.0208388349635142,0.0208766630796467,0.0209047652427161,0.0209232246746982,0.0209321291396886,0.0209315708714189,0.0209216464978098,0.0209024569626334,0.0208741074443518,0.0208367072722075,0.0207903698396376,0.0207352125150898,0.0206713565503182,0.0205989269862414,0.020518052556444,0.0204288655884086,0.0203315019025622,0.0202261007092276,0.0201128045035677,0.0199917589586162,0.0198631128164871,0.0197270177778541,0.019583628389798,0.0194331019321154,0.0192755983021903,0.0191112798985254,0.0189403115030332,0.0187628601621869,0.0185790950671324,0.0183891874328631,0.0181933103765585,0.0179916387951895,0.0177843492424926,0.0175716198054143,0.0173536299801287,0.0171305605477308,0.0169025934497082,0.0166699116632925,0.0164326990767936,0.016191140365017,0.0159454208648666,0.0156957264512306,0.0154422434132522,0.0151851583310854,0.0149246579532325,0.0146609290745591,0.0143941584150833,0.0141245324996341,0.0138522375384726,0.0135774593089704,0.0133003830384343,0.0130211932881677,0.012740073838857,0.0124572075773688,0.0121727763850433,0.0118869610275645,0.0115999410464896,0.0113118946525164,0.0110229986205648,0.0107334281867492,0.0104433569473108,0.0101529567595839,0.00986239764506179,0.00957184769462951,0.00928147297602491,0.00899143744359033,0.00870190285037143,0.00841302866261965,0.0081249719767525,0.00783788743882216,0.00755192716654001,0.00726724067390139,0.00698397479845279,0.00670227363124199,0.00642227844948812,0.00614412765200506,0.00586795669740924,0.00559389804514033,0.00532208109932042,0.00505263215547397,0.00478567435012869,0.00452132761331434,0.00425970862397305,0.00400093076829273,0.00374510410097208,0.00349233530942291,0.00324272768091242,0.00299638107264562,0.00275339188478515,0.00251385303640292,0.00227785394435514,0.0020454805050704,0.00181681507923767,0.00159193647937816,0.00137091996028276,0.00115383721229436,0.00094075635741202,0.000731741948191726,0.0005268549694159,0.000326152842501896,0.000129689432617519,-6.24849415305165e-05,-0.000250323495271292,-0.000433782962945591,-0.000612823580322944,-0.000787409064501544,-0.000957506591334565,-0.00112308677042802,-0.001284123617757,-0.00144059452594851,-0.00159248023228085,-0.00173976478445076,-0.00188243550416091,-0.002020482948582,-0.00215390086974424,-0.00228268617191451,-0.00240683886701638,-0.00252636202815139,-0.00264126174128107,-0.00275154705512997,-0.00285722992937064,-0.00295832518115223,-0.00305485043003553,-0.00314682604139745,-0.00323427506836899,-0.00331722319237076,-0.00339569866231096,-0.00346973223251114,-0.00353935709942507,-0.00360460883721695,-0.0036655253322654,-0.00372214671665924,-0.00377451530075165,-0.003822675504839,-0.0038666737900311,-0.0039065585883795,-0.00394238023233083,-0.00397419088357135,-0.0040020444613288,-0.00402599657019742,-0.00404610442755212,-0.00406242679061731,-0.00407502388325582,-0.00408395732254254,-0.00408929004518683,-0.00409108623386772,-0.00408941124354453,-0.00408433152780581,-0.00407591456531863,-0.0040642287864401,-0.00404934350005207,-0.00403132882067854,-0.00401025559594506,-0.00398619533443851,-0.0039592201340247,-0.0039294026106805,-0.00389681582789638,-0.00386153322670404,-0.00382362855638266,-0.00378317580589648,-0.00374024913611486,-0.00369492281286567,-0.00364727114087169,-0.00359736839861796,-0.00354528877419747,-0.00349110630218094,-0.00343489480155558,-0.00337672781477652,-0.00331667854797313,-0.00325481981235097,-0.0031912239668288,-0.00312596286194937,-0.00305910778510082,-0.0029907294070839,-0.00292089773005924,-0.00284968203690719,-0.00277715084203125,-0.00270337184363495,-0.00262841187750077,-0.00255233687229791,-0.00247521180644427,-0.00239710066654647,-0.00231806640744008,-0.00223817091385099,-0.00215747496369721,-0.00207603819304892,-0.00199391906276252,-0.0019111748268033,-0.00182786150226944,-0.00174403384112875,-0.00165974530367751,-0.00157504803372997,-0.00148999283554459,-0.00140462915249182,-0.00131900504746653,-0.00123316718504658,-0.00114716081539734,-0.00106102975992024,-0.000974816398641872,-0.000888561659338529,-0.00080230500838923,-0.000716084443348851,-0.000629936487231185,-0.00054389618449023,-0.000457997098686287,-0.00037227131182182,-0.000286749425330412,-0.000201460562700585,-0.00011643237371461,-3.1691040280862e-05,5.27387161633374e-05,0.000136833625702982,0.000220571859476873,0.000303933017716986,0.000386898116324836,0.000469449572015434,0.000551571186060869,0.00063324812666698,0.00071446691001792,0.000795215380024741,0.000875482686815465,0.000955259264005379,0.00103453680478756,0.00111330823688485,0.00119156769640532,0.00126931050064482,0.00134653311988073,0.00142323314820255,0.00149940927342537,0.00157506124613353,0.00165018984790207,0.0017247968587452,0.00179888502384081,0.00187245801958112,0.00194552041900001,0.00201807765662806,0.00209013599282702,0.0021617024776552,0.00223278491431589,0.00230339182224121,0.00237353239986387,0.00244321648712923,0.00251245452780006,0.00258125753160597,0.00264963703628991,0.00271760506960334,0.00278517411130151,0.00285235705518976,0.00291916717127171,0.00298561806804971,0.0030517236550267,0.00311749810545844,0.0031829558194036,0.00324811138711893,0.00331297955284534,0.00337757517903011,0.00344191321102935,0.00350600864233406,0.00356987648036158,0.00363353171285324,0.00369698927491785,0.00376026401675941,0.00382337067212544,0.00388632382751139,0.0039491378921554,0.00401182706885616,0.00407440532564537,0.00413688636834416,0.00419928361403141,0.00426161016545046,0.00432387878637885,0.00438610187798416,0.004448291456187,0.00451045913005093,0.0045726160812173,0.0046347730444015,0.00469694028896566,0.00475912760158037,0.00482134426998681,0.00488359906786863,0.00494590024084069,0.00500825549356087,0.00507067197796935,0.00513315628265785,0.00519571442336962,0.00525835183462953,0.00532107336250221,0.00538388325847376,0.00544678517445131,0.0055097821588731,0.0055728766539205,0.0056360704938207,0.00569936490422825,0.0057627605026724,0.0058262573000551,0.00588985470318271,0.00595355151831385,0.00601734595570438,0.00608123563512878,0.00614521759235642,0.00620928828655997,0.00627344360863184,0.00633767889038354,0.00640198891460169,0.00646636792593369,0.00653080964257492,0.00659530726872917,0.00665985350781269,0.00672444057637122,0.006789060218679,0.0068537037219879,0.00691836193239363,0.00698302527128674,0.00704768375235589,0.0071123269991094,0.00717694426288051,0.0072415244412822,0.00730605609707749,0.00737052747743126,0.00743492653350846,0.00749924094038378,0.00756345811722835,0.00762756524773927,0.00769154930077797,0.00775539705118256,0.00781909510072103,0.00788262989915231,0.00794598776536263,0.00800915490854503,0.00807211744939054,0.00813486144125984,0.00819737289130419,0.00825963778150502,0.00832164208960228,0.00838337180988302,0.0084448129738026,0.00850595167041176,0.00856677406656363,0.00862726642687609,0.00868741513342488,0.00874720670514389,0.00880662781691089,0.00886566531829794,0.0089243062519658,0.00898253787168343,0.00904034765995493,0.00909772334523583,0.00915465291872358,0.00921112465070745,0.00926712710646388,0.00932264916168465,0.00937768001742581,0.00943220921456692,0.00948622664777125,0.00953972257893866,0.00959268765014391,0.00964511289605357,0.0096969897558162,0.00974831008442174,0.00979906616352747,0.00984925071174782,0.00989885689440676,0.00994787833275256,0.00999630911263547,0.0100441437926503,0.0100913774117458,0.0101380054963051,0.0101840240666993,0.0102294296433207,0.0102742192521001,0.0103183904295151,0.0103619412270949,0.0104048702154291,0.0104471764876884,0.0104888596626653,0.0105299198873436,0.0105703578390072,0.0106101747268968,0.010649372293425,0.0106879528149602,0.0107259191021903,0.010763274500077,0.010800022887411,0.01083616867598,0.0108717168093584,0.0109066727613316,0.0109410425339664,0.0109748326553379,0.0110080501769267,0.0110407026706958,0.0110727982258601,0.0111043454453589,0.0111353534420421,0.011165831834581,0.0111957907431157,0.0112252407846493,0.0112541930681976,0.0112826591897059,0.0113106512267414,0.0113381817329704,0.0113652637324293,0.0113919107135991,0.0114181366232899,0.0114439558603448,0.0114693832691721,0.0114944341331109,0.0115191241676388,0.0115434695134255,0.0115674867292406,0.0115911927847185,0.0116146050529865,0.0116377413031604,0.011660619692712,0.0116832587597117,0.0117056774149506,0.0117278949339455,0.0117499309488297,0.0117718054401314,0.0117935387284411,0.0118151514659692,0.0118366646279962,0.0118580995042148,0.0118794776899668,0.0119008210773723,0.0119221518463518,0.011943492455541,0.0119648656330976,0.0119862943673995,0.0120078018976332,0.0120294117042731,0.0120511474994468,0.0120730332171881,0.0120950930035728,0.0121173512067374,0.0121398323667779,0.0121625612055258,0.0121855626162011,0.0122088616529398,0.012232483520194,0.0122564535620019,0.0122807972511258,0.0123055401780564,0.0123307080398806,0.0123563266290124,0.0123824218217859,0.0124090195669088,0.0124361458737785,0.0124638268006562,0.0124920884427023,0.0125209569198703,0.0125504583646599,0.0125806189097307,0.0126114646753766,0.0126430217568632,0.0126753162116286,0.0127083740463499,0.0127422212038785,0.0127768835500477,0.0128123868603566,0.0128487568065361,0.012886018943001,0.0129241986931925,0.0129633213358177,0.0130034119909905,0.0130444956062817,0.0130865969426868,0.0131297405605173,0.0131739508052256,0.0132192517931696,0.0132656673973282,0.0133132212329795,0.0133619366433492,0.0134118366852415,0.0134629441146636,0.0135152813724572,0.0135688705699479,0.0136237334746274,0.0136798914958792,0.0137373656707602,0.0137961766498545,0.0138563446832111,0.0139178896063838,0.0139808308265858,0.0140451873089757,0.014110977563089,0.0141782196294305,0.0142469310662427,0.0143171289364656,0.0143888297949039,0.0144620496756178,0.0145368040795557,0.0146131079624426,0.0146909757229393,0.0147704211910876,0.0148514576170572,0.0149340976602092,0.0150183533784922,0.0151042362181825,0.0151917570039852,0.0152809259295079,0.0153717525481198,0.0154642457642103,0.0155584138248586,0.0156542643119245,0.0157518041345729,0.0158510395222404,0.0159519760180562,0.0160546184727232,0.0161589710388665,0.016265037165858,0.0163728195951226,0.016482320355933,0.0165935407616956,0.0167064814067364,0.0168211421635862,0.0169375221807689,0.017055619881094,0.0171754329604541,0.0172969583871264,0.0174201924015782,0.017545130516774,0.0176717675189819,0.0178000974690755,0.0179301137043262,0.0180618088406819,0.0181951747755223,0.0183302026908865,0.0184668830571625,0.0186052056372306,0.0187451594910518,0.0188867329806921,0.0190299137757697,0.0191746888593133,0.0193210445340188,0.0194689664288916,0.0196184395062603,0.019769448069148,0.019921975768986,0.0200760056136554,0.0202315199758392,0.0203885006016679,0.0205469286196416,0.0207067845498153,0.0208680483132287,0.0210306992415634,0.0211947160870076,0.0213600770323089,0.0215267597009996,0.0216947411677731,0.0218639979689965,0.0220345061133364,0.0222062410924804,0.0223791778919357,0.0225532910018861,0.0227285544280903,0.0229049417028005,0.0230824258956808,0.023260979624711,0.0234405750670558,0.0236211839698859,0.0238027776611314,0.0239853270601532,0.0241688026883176,0.024353174679456,0.0245384127901965,0.0247244864101477,0.0249113645719271,0.025099015961018,0.0252874089254413,0.0254765114852299,0.025666291341694,0.0258567158864674,0.0260477522103249,0.026239367111763,0.0264315271053346,0.0266241984297296,0.0268173470555933,0.0270109386930764,0.027204938799113,0.0273993125844212,0.027594025020221,0.027789040844669,0.0279843245690113,0.0281798404834483,0.028375552662714,0.0285714249713697,0.0287674210688158,0.0289635044140212,0.0291596382699742,0.0293557857078604,0.0295519096109707,0.0297479726783453,0.0299439374281617,0.030139766200879,0.0303354211621444,0.0305308643054742,0.0307260574547183,0.0309209622663184,0.0311155402313723,0.0313097526775166,0.0315035607706421,0.0316969255164579,0.0318898077619209,0.0320821681965409,0.03227396735358,0.0324651656111652,0.0326557231933319,0.032845600171016,0.0330347564630072,0.0332231518368891,0.033410745909985,0.0335974981503309,0.0337833678776952,0.0339683142646699,0.0341522963378544,0.0343352729791528,0.0345172029272051,0.0346980447789735,0.0348777569915086,0.0350562978839184,0.0352336256395644,0.0354096983085085,0.0355844738102329,0.0357579099366551,0.0359299643554581,0.0361005946137612,0.0362697581421563,0.0364374122591289,0.0366035141758886,0.0367680210016261,0.0369308897492159,0.0370920773413873,0.0372515406173832,0.0374092363401252,0.037565121203902,0.0377191518426033,0.0378712848385155,0.0380214767316975,0.0381696840299545,0.038315863219423,0.038459970775776,0.0386019631760675,0.0387417969112268,0.0388794284992095,0.0390148144988157,0.0391479115241816,0.0392786762599555,0.0394070654771606,0.0395330360497544,0.0396565449718917,0.0397775493758918,0.0398960065509108,0.0400118739623174,0.0401251092717697,0.0402356703579873,0.040343515338215,0.0404486025903703,0.0405508907758691,0.0406503388631204,0.0407469061516791,0.0408405522970451,0.040931237336089,0.0410189217130873,0.0411035663063475,0.0411851324554076,0.0412635819887868,0.0413388772522654,0.0414109811376717,0.04147985711215,0.0415454692478782,0.041607782252208,0.0416667614981971,0.0417223730555012,0.0417745837215937,0.0418233610532799,0.0418686733984705,0.0419104899281773,0.0419487806686915,0.0419835165339063,0.0420146693577455,0.0420422119266583,0.0420661180121377,0.0420863624032194,0.0421029209389193,0.0421157705405612,0.0421248892439507,0.0421302562313531,0.0421318518632279,0.0421296577096714,0.0421236565815217,0.0421138325610793,0.0421001710323965,0.0420826587110879,0.042061283673609,0.0420360353859577,0.0420069047317513,0.0419738840396336,0.0419369671099636,0.0418961492407376,0.041851427252696,0.0418027995135704,0.0417502659614283,0.0416938281270759,0.0416334891554758,0.0415692538261378,0.0415011285724432,0.0414291214998623,0.0413532424030251,0.0412735027816077,0.041189915854998,0.0411024965757061,0.0410112616414857,0.0409162295061355,0.0408174203889497,0.0407148562827896,0.0406085609607503,0.040498559981398,0.0403848806925554,0.0402675522336118,0.0401466055363405,0.0400220733242041,0.0398939901101303,0.0397623921927474,0.0396273176510624,0.0394888063375754,0.0393468998698243,0.0392016416203559,0.0390530767051163,0.0389012519702605,0.0387462159773827,0.0385880189871671,0.0384267129414624,0.0382623514437882,0.038094989738282,0.0379246846870956,0.0377514947462515,0.0375754799399742,0.0373967018335125,0.0372152235044701,0.0370311095126688,0.0368444258685647,0.0366552400002385,0.0364636207189862,0.0362696381835337,0.0360733638629041,0.0358748704979706,0.0356742320617265,0.0354715237183079,0.0352668217808005,0.0350602036678676,0.0348517478592383,0.0346415338500949,0.0344296421043958,0.0342161540071806,0.0340011518158988,0.0337847186108074,0.0335669382444826,0.0333478952904924,0.0331276749912767,0.0329063632052869,0.0326840463534301,0.0324608113648674,0.0322367456222189,0.0320119369062273,0.0317864733399334,0.0315604433324187,0.0313339355221687,0.0311070387201122,0.030879841852389,0.0306524339028992,0.0304249038556898,0.030197340637237,0.0299698330586772,0.0297424697580431,0.0295153391425597,0.0292885293310541,0.0290621280965392,0.0288362228090281,0.0286109003786329,0.0283862471990073,0.0281623490911894,0.0279392912478997,0.0277171581783538,0.0274960336536445,0.0272760006527432,0.0270571413091776,0.0268395368584414,0.0266232675861868,0.0264084127772545,0.0261950506655912,0.0259832583851075,0.0257731119215277,0.0255646860652777,0.0253580543654604,0.0251532890849642,0.0249504611567545,0.0247496401413926,0.0245508941858293,0.0243542899835178,0.0241598927358885,0.0239677661152267,0.0237779722289923,0.0235905715856196,0.0234056230618355,0.0232231838715303,0.0230433095362204,0.0228660538571346,0.022691468888955,0.022519604915242,0.0223505104255723,0.0221842320944183,0.0220208147617936,0.0218603014156892,0.0217027331763257,0.0215481492822398,0.021396587078221,0.0212480820051165,0.0211026675915178,0.0209603754473418,0.0208212352593186,0.0206852747883925,0.0205525198690439,0.0204229944105368,0.0202967204000948,0.0201737179080067,0.0200540050946579,0.0199375982194848,0.019824511651846,0.0197147578838026,0.0196083475447943,0.0195052894182011,0.0194055904597765,0.0193092558179332,0.019216288855867,0.0191266911754922,0.0190404626431667,0.01895760141718,0.0188781039769778,0.0188019651540917,0.0187291781647422,0.0186597346440779,0.0185936246820161,0.0185308368606444,0.0184713582931415,0.0184151746641767,0.0183622702717405,0.0183126280703598,0.0182662297156484,0.0182230556101433,0.0181830849503741,0.0181462957751096,0.0181126650147242,0.0180821685416266,0.0180547812216903,0.0180304769666234,0.0180092287872178,0.017991008847411,0.0179757885190992,0.0179635384376327,0.0179542285579248,0.0179478282111073,0.0179443061616617,0.017943630664955,0.0179457695251065,0.0179506901531142,0.0179583596251719,0.0179687447411031,0.0179818120828383,0.017997528072862,0.0180158590325522,0.0180367712403399,0.018060230989612,0.0180862046462813,0.0181146587059529,0.0181455598506116,0.0181788750047584,0.0182145713909232,0.0182526165844824,0.0182929785677095,0.0183356257829881,0.0183805271851187,0.0184276522926496,0.0184769712381617,0.0185284548174424,0.0185820745374825,0.0186378026632339,0.0186956122630636,0.0187554772528459,0.0188173724386308,0.0188812735578338,0.0189471573188907,0.0190150014393232,0.0190847846821635,0.0191564868906861,0.0192300890213999,0.0193055731752533,0.0193829226270122,0.0194621218527684,0.0195431565555439,0.0196260136889525,0.0197106814788867,0.0197971494431977,0.0198854084093409,0.0199754505299599,0.0200672692963862,0.0201608595500301,0.0202562174916464,0.0203533406884561,0.0204522280791154,0.0205528799765183,0.0206552980684295,0.0207594854159401,0.0208654464497458,0.0209731869642458,0.0210827141094703,0.021194036380841,0.0213071636067744,0.0214221069341377,0.0215388788115713,0.0216574929706952,0.0217779644052178,0.0219003093479694,0.0220245452458867,0.0221506907329736,0.0222787656012709,0.0224087907698669,0.0225407882519843,0.0226747811201784,0.0228107934696888,0.0229488503799851,0.0230889778745514,0.0232312028789549,0.0233755531772453,0.0235220573667368,0.0236707448112251,0.0238216455926931,0.0239747904615626,0.024130210785547,0.0242879384971664,0.024448006039981,0.024610446313607,0.0247752926175765,0.0249425785941109,0.0251123381698697,0.0252846054967395,0.0254594148917329,0.025636800776065,0.0258167976134755,0.025999439847868,0.0261847618403359,0.0263727978056487,0.026563581748268,0.026757147397965,0.0269535281451103,0.0271527569757094,0.0273548664062574,0.0275598884184844,0.0277678543940664,0.0279787950493715,0.028192740370313,0.0284097195473807,0.0286297609109249,0.028852891866763,0.0290791388321774,0.0293085271723771,0.0295410811374894,0.0297768238001507,0.0300157769937633,0.0302579612514842,0.0305033957460094,0.0307520982302195,0.0310040849787507,0.0312593707305555,0.031517968632511,0.0317798901841318,0.0320451451834461,0.0323137416740945,0.0325856858937084,0.0328609822236236,0.0331396331399807,0.0334216391662635,0.0337069988273277,0.0339957086049677,0.0342877628950712,0.0345831539664097,0.0348818719211107,0.0351839046568502,0.0354892378308105,0.0357978548254429,0.0361097367160794,0.0364248622404269,0.0367432077699803,0.0370647472833904,0.0373894523418181,0.0377172920663042,0.038048233117186,0.0383822396755914,0.0387192734270383,0.0390592935471634,0.0394022566896054,0.0397481169760631,0.0400968259885514,0.0404483327638715,0.040802583790317,0.0411595230066317,0.0415190918032361,0.0418812290257371,0.0422458709807326,0.0426129514439185,0.0429824016705074,0.0433541504079686,0.0437281239110951,0.0441042459593999,0.0444824378768429,0.0448626185538859,0.0452447044718802,0.0456286097297816,0.0460142460731941,0.0464015229257317,0.0467903474226925,0.0471806244470357,0.0475722566676533,0.0479651445799169,0.0483591865484877,0.048754278852375,0.0491503157322243,0.0495471894398145,0.0499447902897446,0.0503430067132882,0.0507417253143913,0.05114083092778,0.0515402066791506,0.0519397340474126,0.0523392929289514,0.0527387617038748,0.0531380173042055,0.0535369352839802,0.0539353898912157,0.0543332541416994,0.054730399894571,0.0551266979296449,0.0555220180264291,0.0559162290447825,0.0563091990071571,0.0567007951823694,0.057090884170849,0.0574793319913133,0.0578660041688078,0.0582507658240483,0.0586334817640027,0.0590140165736474,0.0593922347088309,0.0597680005901748,0.0601411786979446,0.0605116336678204,0.0608792303874973,0.0612438340940449,0.0616053104719511,0.0619635257517723,0.0623183468093078,0.0626696412652217,0.0630172775850334,0.0633611251793933,0.0637010545045571,0.0640369371629717,0.0643686460038913,0.0646960552239341,0.065019040467493,0.0653374789269169,0.0656512494423739,0.0659602326013093,0.066264310837406,0.0665633685289582,0.0668572920965663,0.0671459701000629,0.0674292933345863,0.0677071549257123,0.0679794504235533,0.068246077895731,0.0685069380191294,0.0687619341703375,0.0690109725146967,0.0692539620938676,0.0694908149118306,0.069721446019228,0.0699457735959566,0.0701637190319173,0.0703752070058291,0.0705801655620193,0.0707785261851132,0.0709702238725415,0.0711551972047863,0.0713333884132863,0.0715047434459273,0.0716692120300301,0.0718267477327545,0.0719773080188529,0.0721208543056972,0.0722573520154992,0.0723867706246587,0.0725090837101682,0.0726242689930024,0.0727323083784293,0.0728331879931871,0.0729268982194643,0.0730134337256242,0.0730927934936189,0.0731649808430372,0.0732300034517327,0.0732878733729869,0.0733386070491629,0.0733822253217986,0.0734187534381107,0.073448221053872,0.0734706622326246,0.0734861154411975,0.0734946235415057,0.0734962337786053,0.0734909977649785,0.0734789714610286,0.0734602151517654,0.0734347934196655,0.0734027751136992,0.0733642333145239,0.0733192452958379,0.0732678924819049,0.0732102604012631,0.0731464386366242,0.0730765207709749,0.073000604329896,0.0729187907201165,0.0728311851643297,0.072737896632301,0.0726390377682993,0.0725347248148878,0.0724250775331151,0.0723102191191546,0.072190276117448,0.0720653783304061,0.0719356587247241,0.0718012533343741,0.0716623011603366,0.0715189440671402,0.0713713266762887,0.0712195962566533,0.0710639026119045,0.0709043979650738,0.0707412368403432,0.0705745759421537,0.070404574031734,0.0702313918011572,0.070055191745033,0.0698761380299455,0.0696943963617499,0.0695101338508406,0.0693235188755081,0.0691347209435097,0.0689439105519866,0.0687512590458576,0.0685569384748214,0.0683611214491108,0.0681639809941369,0.0679656904041659,0.0677664230951732,0.0675663524570246,0.0673656517051255,0.0671644937316904,0.0669630509567851,0.0667614951792973,0.0665599974279913,0.0663587278128037,0.0661578553765419,0.065957547947134,0.0657579719905878,0.0655592924648214,0.0653616726745245,0.0651652741272057,0.0649702563905837,0.0647767769514899,0.0645849910764368,0.0643950516740056,0.0642071091592086,0.064021311319978,0.0638378031859333,0.0636567268995757,0.0634782215900528,0.0633024232496413,0.0631294646130967,0.0629594750400084,0.0627925804002945,0.0626289029629646,0.0624685612882828,0.0623116701234635,0.0621583403020241,0.0620086786469119,0.06186278787752,0.0617207665207046,0.0615827088259179,0.0614487046845551,0.0613188395536142,0.0611931943837612,0.0610718455518827,0.0609548647982053,0.0608423191680701,0.0607342709584367,0.0606307776691837,0.0605318919592658,0.0604376616077781,0.0603481294799842,0.0602633334983593,0.0601833066186877,0.0601080768112488,0.0600376670471142,0.0599720952895773,0.0599113744907387,0.059855512593254,0.059804512537248,0.0597583722723929,0.0597170847751425,0.0596806380711083,0.0596490152625547,0.0596221945609909,0.0596001493248303,0.05958284810208,0.0595702546780123,0.0595623281277711,0.0595590228738557,0.0595602887484241,0.0595660710603456,0.0595763106669347,0.059590944050282,0.0596099033980942,0.0596331166889614,0.0596605077819573,0.0596919965104696,0.0597274987801561,0.0597669266709157,0.0598101885427571,0.0598571891454459,0.0599078297318081,0.059962008174565,0.060019619086568,0.0600805539442946,0.0601447012144705,0.06021194648367,0.0602821725907451,0.0603552597619281,0.0604310857484549,0.0605095259665517,0.0605904536396214,0.0606737399424747,0.0607592541474425,0.0608468637721982,0.0609364347291223,0.0610278314760364,0.061120917168139,0.0612155538109715,0.0613116024142402,0.0614089231463149,0.0615073754892255,0.0616068183939839,0.0617071104360528,0.0618081099707893,0.0619096752886866,0.062011664770235,0.0621139370402306,0.0622163511213554,0.062318766586858,0.0624210437121603,0.0625230436252203,0.062624628455482,0.0627256614812473,0.062826007275304,0.0629255318486523,0.0630241027921739,0.0631215894160885,0.0632178628870407,0.0633127963626684,0.0634062651235039,0.0634981467020653,0.0635883210089994,0.063676670456141,0.0637630800763603,0.0638474376400611,0.0639296337682139,0.0640095620418043,0.0640871191075863,0.0641622047800334,0.0642347221393808,0.0643045776256512,0.0643716811285679,0.0644359460732657,0.0644972895017115,0.0645556321497515,0.0646108985197093,0.0646630169484625,0.0647119196709386,0.0647575428789711,0.0647998267754591,0.0648387156237773,0.0648741577924008,0.0649061057947008,0.0649345163238756,0.0649593502829922,0.0649805728101081,0.0649981532984611,0.0650120654117163,0.0650222870942674,0.0650288005765932,0.0650315923756758,0.0650306532904904,0.0650259783925728,0.0650175670116864,0.0650054227166181,0.0649895532911411,0.064969970705175,0.0649466910811854,0.0649197346558703,0.0648891257371958,0.0648548926568381,0.0648170677180986,0.064775687139359,0.0647307909931414,0.0646824231408497,0.0646306311632767,0.0645754662869609,0.0645169833064827,0.0644552405027972,0.0643902995577004,0.064322225464536,0.0642510864352506,0.0641769538039039,0.0640999019267444,0.0640200080789685,0.06393735234829,0.0638520175254461,0.0637640889917641,0.0636736546039227,0.0635808045760439,0.0634856313592542,0.0633882295188562,0.0632886956092542,0.0631871280467815,0.0630836269805754,0.062978294161652,0.0628712328103313,0.062762547482166,0.0626523439325267,0.0625407289800012,0.062427810368766,0.0623136966300912,0.0621984969431357,0.0620823209951951,0.0619652788415648,0.0618474807651882,0.061729037136245,0.0616100582718377,0.0614906542959333,0.0613709349997274,0.0612510097025964,0.0611309871137902,0.0610109751950278,0.0608910810241591,0.0607714106600399,0.060652069008776,0.0605331596914878,0.0604147849137534,0.0602970453368831,0.0601800399511663,0.0600638659512306,0.0599486186136521,0.0598343911769635,0.0597212747241988,0.0596093580681163,0.0594987276392261,0.0593894673767493,0.0592816586226331,0.0591753800187435,0.0590707074073424,0.058967713734965,0.0588664689598051,0.0587670399627164,0.0586694904619313,0.0585738809315911,0.0584802685241775,0.0583887069969231,0.0582992466422844,0.0582119342225624,0.0581268129087395,0.0580439222235994,0.0579632979891897,0.0578849722786774,0.0578089733726486,0.0577353257198976,0.0576640499027477,0.0575951626069368,0.0575286765960979,0.0574646006908546,0.057402939752556,0.0573436946716628,0.0572868623607887,0.057232435752394,0.057180403801126,0.0571307514907955,0.0570834598459817,0.0570385059482423,0.0569958629568988,0.0569555001343693,0.0569173828760113,0.0568814727444329,0.0568477275082219,0.0568161011850384,0.0567865440890095,0.0567590028823679,0.0567334206312676,0.0567097368656979,0.0566878876434156,0.0566678056178135,0.0566494201096436,0.056632657182509,0.0566174397220247,0.0566036875185416,0.0565913173533316,0.0565802430881288,0.0565703757579139,0.0565616236668252,0.0565538924870853,0.0565470853608243,0.0565411030046728,0.0565358438169991,0.0565312039876659,0.0565270776101718,0.0565233567960463,0.0565199317913601,0.0565166910952169,0.056513521580083,0.0565103086138116,0.0565069361832217,0.0565032870190865,0.0564992427223884,0.0564946838916951,0.0564894902515082,0.0564835407814321,0.0564767138460192,0.0564688873251441,0.0564599387447634,0.0564497454079118,0.0564381845257891,0.0564251333487871,0.0564104692973092,0.0563940700922409,0.0563758138849292,0.0563555793865328,0.0563332459965967,0.0563086939307087,0.0562818043470952,0.0562524594720221,0.0562205427238655,0.0561859388357225,0.056148533976428,0.0561082158698515,0.0560648739123524,0.0560183992882711,0.0559686850833413,0.0559156263959063,0.0558591204458282,0.055799066680984,0.0557353668812342,0.0556679252597651,0.0555966485617038,0.0555214461599134,0.0554422301478802,0.0553589154296045,0.0552714198064165,0.0551796640606389,0.0550835720360213,0.0549830707148738,0.0548780902918291,0.0547685642441776,0.0546544293987206,0.0545356259950864,0.0544120977454611,0.0542837918906956,0.0541506592527553,0.0540126542834776,0.0538697351096073,0.053721863574082,0.0535690052735502,0.0534111295921079,0.0532482097312389,0.0530802227359552,0.0529071495171329,0.0527289748700491,0.0525456874891225,0.0523572799788728,0.0521637488611157,0.0519650945784203,0.0517613214938494,0.0515524378870062,0.051338455946424,0.0511193917583448,0.0508952652919274,0.0506661003809313,0.0504319247019268,0.0501927697490883,0.0499486708056284,0.0496996669119298,0.0494458008304407,0.049187119007402,0.0489236715314735,0.0486555120893312,0.0483826979183132,0.0481052897561901,0.0478233517881439,0.0475369515910362,0.0472461600750487,0.0469510514227828,0.0466517030259083,0.0463481954194489,0.0460406122137936,0.0457290400245262,0.045413568400168,0.0450942897479318,0.0447712992575869,0.0444446948235231,0.0441145769651079,0.0437810487454349,0.0434442156885586,0.0431041856953117,0.0427610689578,0.0424149778726723,0.042066026953259,0.0417143327406752,0.0413600137139786,0.0410031901994776,0.040643984279282,0.0402825196991883,0.0399189217759908,0.0395533173043014,0.0391858344629619,0.038816602721135,0.0384457527441553,0.0380734162992161,0.037699726160973,0.0373248160171364,0.0369488203741302,0.0365718744628872,0.0361941141448517,0.0358156758182584,0.0354366963247529,0.0350573128564168,0.0346776628632608,0.0342978839612419,0.033918113840864,0.0335384901764145,0.0331591505358889,0.0327802322916502,0.0324018725318697,0.0320242079727919,0.0316473748718639,0.0312715089417687,0.0308967452654026,0.0305232182118333,0.0301510613532706,0.0297804073830783,0.0294113880348567,0.0290441340026173,0.0286787748620737,0.0283154389930761,0.0279542535032092,0.0275953441525727,0.0272388352797601,0.0268848497290541,0.0265335087788506,0.0261849320713239,0.025839237543343,0.0254965413586534,0.0251569578413323,0.0248205994105232,0.024487576516457,0.0241579975777652,0.0238319689200929,0.0235095947160155,0.0231909769262639,0.02287621524226,0.0225654070299669,0.0222586472750566,0.0219560285293976,0.0216576408588629,0.0213635717924633,0.0210739062728075,0.0207887266078902,0.0205081124242131,0.0202321406212417,0.0199608853272028,0.0196944178562254,0.0194328066668306,0.0191761173217782,0.0189244124492731,0.0186777517055387,0.018436191738767,0.0181997861544528,0.0179685854821233,0.0177426371434729,0.0175219854219163,0.0173066714335704,0.0170967330996811,0.0168922051205075,0.016693118950681,0.0164995027760553,0.0163113814920683,0.0161287766836356,0.0159517066065966,0.0157801861707361,0.0156142269244003,0.0154538370407352,0.0152990213055707,0.0151497811069785,0.015006114426531,0.0148680158322861,0.0147354764735296,0.0146084840773019,0.0144870229467412,0.0143710739612748,0.0142606145786899,0.0141556188391154,0.0140560573709469,0.0139618973987494,0.0138731027531708,0.0137896338828954,0.0137114478686715,0.0136384984394457,0.0135707359906367,0.01350810760458,0.0134505570731748,0.0133980249227647,0.0133504484412827,0.0133077617076875,0.0132698956237218,0.0132367779480177,0.0132083333325779,0.0131844833616562,0.0131651465930604,0.0131502386019003,0.0131396720268,0.0131333566185908,0.0131311992915022,0.0131331041768634,0.0131389726793266,0.0131487035356231,0.0131621928758564,0.0131793342873384,0.0132000188809686,0.0132241353601544,0.013251570092271,0.0132822071826534,0.0133159285511103,0.013352614010948,0.0133921413504831,0.0134343864170289,0.0134792232033278,0.0135265239364081,0.0135761591688294,0.0136279978722863,0.013681907533529,0.0137377542525623,0.0137954028430753,0.0138547169350538,0.0139155590795192,0.0139777908553398,0.0140412729780541,0.0141058654106407,0.0141714274761693,0.0142378179722585,0.0143048952872621,0.0143725175181071,0.0144405425896964,0.0145088283757921,0.0145772328212847,0.0146456140657548,0.0147138305682288,0.0147817412330261,0.0148492055365922,0.0149160836552088,0.0149822365934679,0.0150475263133949,0.0151118158641002,0.0151749695118381,0.0152368528703485,0.0152973330313538,0.0153562786950816,0.0154135603006797,0.0154690501563874,0.0155226225693268,0.0155741539747755,0.0156235230647804,0.0156706109159688,0.015715301116412,0.0157574798913952,0.0157970362279466,0.0158338619979788,0.0158678520798944,0.0158989044785066,0.0159269204431248,0.0159518045836577,0.0159734649845831,0.0159918133166348,0.0160067649460589,0.0160182390412906,0.0160261586769074,0.0160304509347091,0.0160310470017805,0.0160278822653939,0.0160208964046087,0.0160100334784308,0.0159952420103948,0.0159764750694347,0.0159536903469138,0.015926850229681,0.0158959218690301,0.0158608772454387,0.01582169322897,0.0157783516352213,0.015730839276709,0.0156791480095857,0.0156232747755853,0.0155632216391037,0.0154989958193199,0.0154306097172725,0.0153580809378066,0.0152814323063151,0.0152006918802015,0.0151158929549998,0.0150270740650926,0.0149342789789728,0.0148375566890028,0.0147369613956282,0.0146325524860123,0.0145243945070632,0.0144125571328331,0.0142971151262742,0.0141781482953445,0.0140557414434596,0.013929984314297,0.0138009715309676,0.0136688025295742,0.0135335814871845,0.013395417244253,0.0132544232215317,0.0131107173315181,0.0129644218844966,0.0128156634892372,0.0126645729484202,0.0125112851488661,0.0123559389466514,0.0121986770472028,0.0120396458804673,0.0118789954712613,0.0117168793049127,0.0115534541883122,0.0113888801064986,0.0112233200749093,0.0110569399874339,0.010889908460412,0.0107223966727272,0.0105545782021494,0.0103866288580877,0.0102187265109199,0.0100510509180694,0.00988378354700486,0.00971710739534394,0.00955120680824772,0.00938626729329592,0.0092224753330373,0.00906001819541369,0.00889908374226084,0.0087398602360922,0.00858253614537465,0.00842729994850703,0.00827433993671641,0.00812384401608899,0.00797599950895447,0.00783099295484543,0.00768900991125447,0.00755023475441346,0.00741485048031988,0.00728303850623598,0.00715497847288809,0.00703084804759277,0.006910822728536,0.00679507565043203,0.00668377739178786,0.0065770957839976,0.00647519572249006,0.00637823898015057,0.00628638402323706,0.00619978583000817,0.00611859571227836,0.00604296114011273,0.0059730255698706,0.00590892827580409,0.00585080418541406,0.00579878371876199,0.00575299263193233,0.005713551864835,0.00568057739353406,0.00565418008728302,0.00563446557044238,0.00562153408944962,0.00561548038500621,0.00561639356964005,0.00562435701079603,0.00563944821960087,0.00566173874544184,0.00569129407649279,0.00572817354631372,0.00577243024664282,0.00582411094649305,0.00588325601765778,0.00594989936672254,0.0060240683736721,0.00610578383717483,0.00619505992661838,0.00629190414096233,0.00639631727446486,0.00650829338933299,0.00662781979533754,0.00675487703642555,0.00688943888435428,0.00703147233936236,0.00718093763788583,0.00733778826731742,0.00750197098779903,0.00767342586102884,0.00785208628605657,0.00803787904203156,0.00823072433786015,0.00843053586872,0.0086372208793714,0.00885068023419691,0.00907080849389253,0.00929749399872567,0.00953061895826711,0.00977005954749594,0.0100156860091687,0.0102673627623373,0.0105249485168911,0.0107882963939918,0.0110572540522626,0.0113316638195895,0.0116113628303814,0.0118961831681332,0.0121859520131251,0.0124804917950886,0.0127796203506623,0.0130831510854568,0.013390893140541,0.0137026515631557,0.0140182274814604,0.0143374182831077,0.0146600177974403,0.0149858164811002,0.0153146016068383,0.0156461574553037,0.0159802655095936,0.0163167046523412,0.0166552513651155,0.0169956799299061,0.0173377626324626,0.0176812699672561,0.0180259708438303,0.018371632794307,0.0187180221818147,0.0190649044096037,0.019412044130615,0.0197592054572685,0.0201061521712354,0.0204526479329641,0.0207984564907271,0.0211433418889616,0.0214870686756764,0.0218294021086968,0.0221701083605248,0.0225089547215973,0.0228457098017232,0.0231801437294874,0.0235120283494094,0.0238411374166521,0.0241672467890784,0.0244901346164589,0.0248095815266375,0.0251253708084649,0.0254372885913154,0.025745124021014,0.0260486694319993,0.0263477205155577,0.0266420764839685,0.0269315402304064,0.0272159184844521,0.0274950219630712,0.0277686655169248,0.0280366682718826,0.0282988537656191,0.0285550500791792,0.0288050899634045,0.0290488109601237,0.0292860555180136,0.0295166711030438,0.0297405103034249,0.0299574309289928,0.0301672961049645,0.030369974360011,0.0305653397085945,0.0307532717275331,0.0309336556267571,0.0311063823142326,0.0312713484550333,0.0314284565245493,0.0315776148558266,0.0317187376810398,0.031851745167108,0.0319765634454712,0.0320931246360475,0.0322013668654022,0.0323012342791663,0.0323926770487458,0.0324756513723751,0.0325501194705681,0.0326160495760282,0.0326734159180826,0.0327221987017144,0.0327623840812721,0.0327939641289411,0.032816936798068,0.0328313058814318,0.03283708096456,0.0328342773741917,0.0328229161219915,0.0328030238436266,0.0327746327333262,0.0327377804740411,0.0326925101633261,0.0326388702350716,0.0325769143772156,0.0325067014455649,0.0324282953738588,0.0323417650802137,0.0322471843700907,0.0321446318359256,0.0320341907535605,0.0319159489756209,0.031789998821984,0.0316564369674865,0.0315153643270194,0.0313668859381588,0.0312111108414789,0.0310481519586967,0.0308781259687968,0.0307011531822843,0.030517357413717,0.0303268658526644,0.0301298089332433,0.0299263202023758,0.0297165361869192,0.0295005962598099,0.0292786425053644,0.0290508195838765,0.0288172745956535,0.0285781569446285,0.0283336182016856,0.0280838119678306,0.0278288937373405,0.0275690207610245,0.027304351909724,0.0270350475381787,0.0267612693493835,0.0264831802595563,0.026200944263836,0.0259147263028246,0.0256246921300839,0.0253310081806947,0.0250338414409848,0.0247333593195287,0.0244297295195208,0.024123119912617,0.0238136984143389,0.0235016328611316,0.0231870908891578,0.0228702398149137,0.0225512465177476,0.0222302773243569,0.0219074978953412,0.0215830731138792,0.0212571669765972,0.0209299424866932,0.0206015615493757,0.0202721848696726,0.0199419718526664,0.0196110805062029,0.0192796673461225,0.0189478873040559,0.0186158936378224,0.0182838378444718,0.0179518695760017,0.0176201365577828,0.0172887845097204,0.0169579570701735,0.0166277957226517,0.0162984397253094,0.0159700260432546,0.0156426892836829,0.0153165616338483,0.0149917728018761,0.0146684499604227,0.0143467176931832,0.0140266979442485,0.0137085099703036,0.0133922702956639,0.013078092670139,0.0127660880297138,0.0124563644600348,0.0121490271626863,0.0118441784242386,0.0115419175880504,0.0112423410288021,0.0109455421297368,0.0106516112625827,0.0103606357701293,0.0100726999514279,0.00978788504958635,0.00950626924212578,0.00922792763386477,0.00895293225229463,0.00868135204540929,0.00841325288195152,0.00814869755403654,0.00788774578211218,0.00763045422221316,0.00737687647546602,0.00712706309980004,0.00688106162381832,0.00663891656278289,0.00640066943666678,0.00616635879022599,0.00593602021504259,0.00570968637348915,0.00548738702456421,0.00526914905154853,0.00505499649143096,0.00484495056605209,0.00463902971491278,0.00443724962959548,0.0042396232897455,0.00404616100055961,0.0038568704317283,0.00367175665777784,0.00349082219975827,0.00331406706822325,0.00314148880744728,0.00297308254082618,0.00280884101740619,0.00264875465948731,0.00249281161124657,0.00234099778832698,0.00219329692833767,0.00204969064221107,0.00191015846636321,0.00177467791560311,0.00164322453673755,0.00151577196281733,0.00139229196797184,0.00127275452277895,0.00115712785011756,0.00104537848145033,0.000937471313484544,0.000833369665159167,0.000733035334906887,0.000636428658140076,0.000543508564910341,0.000454232637691667,0.000368557169237605,0.00028643722046354,0.000207826678305575,0.000132678313508158,6.09438382932159e-05,-7.42603613587671e-06,-7.24815423014773e-05,-0.000134273799415325,-0.00019285475664328,-0.000248277136715021,-0.000300594379921839,-0.000349860588544853,-0.000396130471755219,-0.000439459291027028,-0.000479902806102745,-0.00051751722155009,-0.000552359133948362,-0.00058448547974132,-0.000613953483792782,-0.000640820608680036,-0.000665144504759167,-0.000686982961035339,-0.000706393856870086,-0.000723435114556507,-0.000738164652792302,-0.000750640341079347,-0.000760919955077291,-0.000769061132937572,-0.000775121332642992,-0.000779157790376882,-0.000781227479944591,-0.000781387073268707,-0.000779692901978193,-0.000776200920110424,-0.000770966667943772,-0.000764045236977044,-0.00075549123607079,-0.00074535875876414,-0.000733701351779514,-0.000720571984726161,-0.000706023021012179,-0.000690106189973328,-0.000672872560225515,-0.00065437251424647,-0.000634655724190771,-0.000613771128941032,-0.000591766912396654,-0.000568690483000142,-0.000544588454499678,-0.000519506627945311,-0.000493489974914782,-0.000466582621963679,-0.000438827836293297,-0.000410268012628276,-0.000380944661294821,-0.000350898397489028,-0.000320168931723654,-0.000288795061440408,-0.000256814663773731,-0.000224264689450847,-0.000191181157811716,-0.000157599152931469,-0.000123552820826827,-8.90753677270065e-05,-5.41990593886195e-05,-1.89552214331336e-05,1.66257593154203e-05,5.2514432515684e-05,8.86822810411469e-05,0.000125101716784029,0.000161746075556368,0.000198589611114468,0.000235607488333534,0.00027277577555987,0.000310071436168566,0.000347472319355079,0.000384957150189557,0.000422505518963162,0.000460097869855998,0.000497715488956524,0.0005353404916625,0.000572955809493788,0.000610545176347501,0.000648093114226084,0.000685584918468899,0.000723006642517934,0.000760345082248249,0.000797587759893667,0.000834722907598124,0.000871739450622903,0.000908626990239766,0.000945375786339881,0.000981976739788045,0.00101842137455143,0.00105470181963174,0.00109081079082915,0.00112674157236616,0.00116248799839879,0.00119804443444239,0.00123340575873864,0.00126856734358982,0.00130352503668601,0.00133827514245009,0.00137281440342483,0.00140713998172567,0.00144124944058241,0.00147514072599199,0.00150881214850426,0.00154226236516164,0.00157549036161285,0.00160849543442028,0.00164127717357966,0.00167383544527004,0.0017061703748512,0.00173828233012487,0.00177017190487535,0.00180183990270453,0.0018332873211754,0.00186451533627696,0.00189552528722306,0.00192631866159672,0.00195689708085078,0.00198726228617496,0.00201741612473808,0.00204736053631419,0.00207709754030027,0.00210662922313234,0.00213595772610646,0.00216508523360993,0.00219401396176724,0.00222274614750457,0.00225128403803612,0.00227962988077449,0.00230778591366719,0.00233575435596054,0.00236353739939149,0.00239113719980742,0.0024185558692133,0.00244579546824497,0.00247285799906649,0.00249974539868919,0.00252645953270936,0.00255300218946124,0.00257937507458181,0.00260557980598289,0.00263161790922605,0.00265749081329531,0.00268319984676153,0.00270874623433256,0.0027341310937828,0.00275935543325576,0.002784420148933,0.00280932602306205,0.00283407372233587,0.0028586637966159,0.00288309667799068,0.00290737268016176,0.00293149199814837,0.00295545470830234,0.00297926076862473,0.00300291001937488,0.00302640218396314,0.00304973687011836,0.00307291357132115,0.00309593166849357,0.00311879043193605,0.00314148902350234,0.00316402649900286,0.00318640181082758,0.00320861381077888,0.00323066125310549,0.0032525427977279,0.00327425701364611,0.00329580238252025,0.0033171773024148,0.00333838009169731,0.00335940899308278,0.00338026217781478,0.00340093774997464,0.0034214337509098,0.00344174816377303,0.00346187891816395,0.00348182389486423,0.00350158093065823,0.00352114782323065,0.0035405223361331,0.00355970220381122,0.00357868513668415,0.00359746882626873,0.00361605095034085,0.00363442917812625,0.00365260117551311,0.00367056461027867,0.00368831715732256,0.00370585650389912,0.00372318035484144,0.00374028643776969,0.00375717250827691,0.00377383635508519,0.00379027580516529,0.00380648872881287,0.00382247304467451,0.0038382267247169,0.00385374779913263,0.00386903436117631,0.0038840845719248,0.00389889666495501,0.00391346895093338,0.00392779982211106,0.0039418877567186,0.00395573132325417,0.00396932918465941,0.00398268010237746,0.00399578294028742,0.00400863666850956,0.00402124036707634,0.00403359322946417,0.00404569456598117,0.0040575438070062,0.00406914050607419,0.00408048434280333,0.00409157512565984,0.00410241279455635,0.00411299742328017,0.00412332922174701,0.00413340853807673,0.0041432358604879,0.00415281181900811,0.00416213718699667,0.00417121288247726,0.00418003996927771,0.00418861965797487,0.00419695330664284,0.0042050424214027,0.00421288865677203,0.00422049381581263,0.00422785985007566,0.0042349888593437,0.00424188309116928,0.00424854494020961,0.00425497694735731,0.00426118179866722,0.00426716232408014,0.00427292149594402,0.00427846242733371,0.00428378837017039,0.00428890271314235,0.00429380897942901,0.00429851082423083,0.0043030120321077,0.00430731651412858,0.00431142830483557,0.00431535155902531,0.0043190905483514,0.00432264965775167,0.00432603338170462,0.00432924632031933,0.00433229317526329,0.00433517874553354,0.00433790792307606,0.00434048568825874,0.00434291710520335,0.00434520731698209,0.00434736154068479,0.00434938506236255,0.00435128323185473,0.00435306145750562,0.00435472520077781,0.00435627997076936,0.00435773131864176,0.00435908483196629,0.004360346128996,0.00436152085287103,0.00436261466576471,0.00436363324297767,0.00436458226698828,0.0043654674214679,0.00436629438526893,0.00436706882639373,0.00436779639595283,0.00436848272212071,0.00436913340409713,0.0043697540060828,0.00437035005127789,0.00437092701591167,0.00437149032331166,0.00437204533802066,0.00437259735997007,0.00437315161871809,0.00437371326776108,0.0043742873789267,0.00437487893685679,0.00437549283358797,0.00437613386323835,0.00437680671680798,0.00437751597710041,0.00437826611377272,0.00437906147852148,0.00437990630041212,0.00438080468135838,0.0043817605917589,0.00438277786629796,0.00438386019991686,0.00438501114396215,0.00438623410251643,0.00438753232891785,0.00438890892247389,0.00439036682537509,0.00439190881981357,0.00439353752531097,0.00439525539626006,0.00439706471968465,0.00439896761322181,0.00440096602333,0.00440306172372653,0.00440525631405703,0.00440755121879985,0.00440994768640764,0.00441244678868796,0.00441504942042429,0.0044177562992394,0.004420567965702,0.00442348478367711,0.00442650694091981,0.00442963444991227,0.00443286714894362,0.00443620470343197,0.00443964660748721,0.00444319218571297,0.00444684059524539,0.00445059082802603,0.00445444171330556,0.0044583919203748,0.00446243996151967,0.00446658419519616,0.00447082282942083,0.00447515392537255,0.00447957540120003,0.00448408503602987,0.00448868047416908,0.00449335922949647,0.00449811869003624,0.00450295612270695,0.00450786867823847,0.0045128533962495,0.00451790721047776,0.00452302695415433,0.00452820936551392,0.00453345109343208,0.00453874870318049,0.00454409868229106,0.00454949744651895,0.00455494134589483,0.00456042667085662,0.00456594965845063,0.00457150649859216,0.00457709334037519,0.00458270629842009,0.00458834145924911,0.0045939948876783,0.00459966263321496,0.00460534073644928,0.00461102523542956,0.00461671217200947,0.00462239759815682,0.00462807758221224,0.00463374821508634,0.00463940561638431,0.00464504594044796,0.00465066538230496,0.00465626018351427,0.00466182663789686,0.00466736109714115,0.00467285997627264,0.00467831975897799,0.00468373700277374,0.00468910834401028,0.00469443050270191,0.00469970028717409,0.00470491459851946,0.00471007043485435,0.00471516489536791,0.00472019518415631,0.0047251586138355,0.00473005260892609,0.00473487470900373,0.00473962257160963,0.00474429397491607,0.0047488868201422,0.00475339913371567,0.00475782906917649,0.00476217490881989,0.00476643506507578,0.00477060808162328,0.00477469263423903,0.00477868753137819,0.00478259171448804,0.00478640425805441,0.00479012436938168,0.00479375138810819,0.00479728478545981,0.00480072416324485,0.00480406925259346,0.00480731991244537,0.00481047612779043,0.00481353800766679,0.00481650578292306,0.00481937980375103,0.0048221605369958,0.00482484856325099,0.00482744457374742,0.00482994936704401,0.00483236384553005,0.00483468901174869,0.00483692596455145,0.00483907589509427,0.00484114008268578,0.00484311989049907,0.0048450167611587,0.0048468322122149,0.00484856783151715,0.00485022527249992,0.00485180624939297,0.00485331253236992,0.00485474594264847,0.00485610834755518,0.00485740165556892,0.00485862781135603,0.00485978879081125,0.0048608865961172,0.00486192325083563,0.00486290079504385,0.00486382128052977,0.00486468676605818,0.00486549931272136,0.0048662609793862,0.00486697381824996,0.00486763987051628,0.004868261162203,0.00486883970009258,0.00486937746783554,0.00486987642221633,0.00487033848959131,0.00487076556250766,0.00487115949651127,0.00487152210715065,0.00487185516718347,0.00487216040399159,0.00487243949720989,0.00487269407657386,0.00487292571998938,0.00487313595182782,0.00487332624144815,0.00487349800194738,0.00487365258913941,0.00487379130076161,0.00487391537590744,0.00487402599468245,0.00487412427808047,0.00487421128807571,0.0048742880279255,0.00487435544267801,0.0048744144198781,0.00487446579046316,0.00487451032984034,0.00487454875913553,0.00487458174660379,0.00487460990919081,0.00487463381423356,0.00487465398128825,0.00487467088407282,0.00487468495251061,0.00487469657486113,0.00487470609992327,0.00487471383929646,0.00487472006968455,0.0048747250352269,0.00487472894984135,0.00487473199956387,0.00487473434486964,0.00487473612296079,0.00487473745000588,0.00487473842331685,0.00487473912344954,0.00487473961621501,0.00487473995459025,0.00487474018051617,0.00487474032657285,0.00487474041752328,0.00487474047171916,0.0181180113587325,0.0181934841656395,0.0182656872523135,0.018334485760314,0.0183997461355147,0.0184613362827675,0.0185191257202844,0.0185729857335387,0.0186227895284897,0.0186684123839321,0.0187097318027727,0.0187466276620365,0.0187789823614078,0.0188066809701091,0.0188296113719229,0.0188476644081628,0.0188607340184021,0.0188687173787723,0.0188715150376457,0.0188690310485167,0.0188611730999042,0.0188478526420975,0.0188289850105702,0.0188044895458929,0.0187742897099804,0.0187383131985134,0.0186964920493797,0.0186487627469784,0.0185950663222434,0.0185353484482458,0.0184695595312408,0.0183976547970315,0.0183195943725248,0.0182353433623627,0.0181448719205171,0.0180481553167482,0.0179451739978266,0.017835913643432,0.0177203652166431,0.0175985250089415,0.0174703946796599,0.017335981289813,0.0171952973302599,0.0170483607441495,0.0168951949436103,0.0167358288206534,0.0165702967522678,0.0163986385996888,0.0162208997018321,0.0160371308628894,0.0158473883340942,0.0156517337896716,0.0154502342969933,0.0152429622809693,0.0150299954827104,0.0148114169125063,0.0145873147971705,0.01435778252181,0.0141229185660854,0.0138828264350322,0.0136376145845225,0.0133873963414524,0.0131322898187473,0.0128724178252827,0.0126079077708252,0.0123388915661013,0.0120655055181142,0.0117878902208278,0.0115061904413441,0.011220555001707,0.010931136656469,0.0106380919661613,0.0103415811668119,0.0100417680356638,0.00973881975324556,0.00943290676195319,0.00912420262130321,0.00881288386002229,0.00849912982514075,0.00818312252826037,0.00786504648916916,0.00754508857697777,0.00722343784895424,0.00690028538723606,0.00657582413359872,0.00625024872246195,0.00592375531231549,0.00559654141574738,0.0052688057282587,0.00494074795604859,0.00461256864295331,0.00428446899672248,0.00395665071481547,0.00362931580989998,0.00330266643523463,0.00297690471011582,0.00265223254556781,0.00232885147045329,0.00200696245817998,0.00168676575417691,0.00136846070431216,0.00105224558442112,0.000738317431112135,0.00042687187401387,0.000118102969625486,-0.000187796963071785,-0.000490637505086473,-0.000790230297820007,-0.00108638920125251,-0.00137893044976607,-0.00166767280546383,-0.00195243770884706,-0.002233049426716,-0.00250933519716481,-0.0027811253715441,-0.00304825355326941,-0.00331055673335767,-0.00356787542257788,-0.00382005378010699,-0.00406693973858591,-0.00430838512547554,-0.00454424578061646,-0.00477438166990094,-0.00499865699497079,-0.00521694029885865,-0.00542910456749507,-0.00563502732700867,-0.00583459073675056,-0.00602768167797927,-0.00621419183814704,-0.00639401779073289,-0.00656706107057227,-0.00673322824463872,-0.00689243097823684,-0.00704458609657051,-0.00718961564165493,-0.00732744692454614,-0.00745801257286572,-0.00758125057360244,-0.00769710431117728,-0.00780552260076335,-0.00790645971685617,-0.00799987541709448,-0.00808573496133579,-0.00816400912599417,-0.00823467421365266,-0.0082977120579674,-0.00835311002388459,-0.00840086100319531,-0.0084409634054565,-0.00847342114431027,-0.00849824361923724,-0.00851544569278376,-0.00852504766330696,-0.00852707523328423,-0.00852155947323797,-0.0085085367813292,-0.00848804883867672,-0.00846014256046283,-0.00842487004288987,-0.00838228850605366,-0.00833246023280298,-0.00827545250365874,-0.00821133752786796,-0.00814019237066981,-0.00806209887685472,-0.00797714359069987,-0.00788541767236614,-0.00778701681084393,-0.00768204113353799,-0.00757059511258436,-0.00745278746799467,-0.00732873106772327,-0.00719854282475529,-0.00706234359131552,-0.00692025805030065,-0.00677241460403801,-0.00661894526047506,-0.00645998551690646,-0.0062956742413456,-0.00612615355165025,-0.00595156869251218,-0.00577206791042193,-0.00558780232672082,-0.00539892580885356,-0.00520559483993459,-0.00500796838674252,-0.00480620776625821,-0.00460047651086182,-0.00439094023230532,-0.00417776648457665,-0.00396112462577234,-0.00374118567909528,-0.00351812219309497,-0.00329210810126734,-0.00306331858113126,-0.00283192991289869,-0.00259811933785559,-0.00236206491657001,-0.00212394538704369,-0.00188394002292298,-0.00164222849188452,-0.00139899071431014,-0.00115440672236531,-0.000908656519594376,-0.000661919941145396,-0.000414376514736285,-0.000166205322473162,8.24151363693374e-05,0.000331307081496994,0.000580293586566624,0.000829198712872031,0.00107784764164025,0.00132606680483432,0.00157368401436025,0.00182052858957746,0.0020664314830135,0.00231122540418555,0.00255474494143273,0.00279682668166533,0.00303730932793862,0.00327603381476076,0.0035128434210467,0.00374758388063126,0.00398010349025688,0.00421025321495423,0.00443788679073619,0.00466286082452774,0.00488503489125583,0.00510427162802627,0.00532043682531699,0.00553339951512015,0.00574303205596754,0.00594921021477657,0.00615181324545641,0.00635072396421744,0.00654582882152922,0.00673701797067586,0.00692418533285967,0.00710722865880706,0.00728604958683376,0.0074605536973294,0.00763065056362375,0.00779625379920118,0.00795728110123329,0.00811365429040216,0.00826529934698916,0.00841214644320885,0.00855412997177078,0.00869118857065442,0.00882326514408648,0.0089503068797133,0.00907226526196535,0.0091890960816128,0.00930075944151465,0.00940721975856761,0.00950844576186504,0.00960441048708031,0.00969509126709103,0.00978046971886427,0.0098605317266267,0.00993526742134737,0.0100046711565654,0.0100687414805988,0.0101274811051723,0.0101808968705068,0.0102289997069135,0.010271804592944,0.0103093305101471,0.0103416003944892,0.0103686410844952,0.0103904832661749,0.0104071614147993,0.0104187137335964,0.0104251820894401,0.0104266119456048,0.0104230522916669,0.0104145555706328,0.0104011776033771,0.0103829775104807,0.0103600176315569,0.0103323634421572,0.0103000834683532,0.0102632491990899,0.0102219349964109,0.0101762180036573,0.0101261780517433,0.0100718975636138,0.0100134614569937,0.00995095704553458,0.00988447393847258,0.00981410393890794,0.00973994094081969,0.00966208082492892,0.00958062135352641,0.00949566206438193,0.00940730416385165,0.00931565041930013,0.00922080505095496,0.00912287362331272,0.00902196293621359,0.0089181809157021,0.00881163650479195,0.00870243955425075,0.00859070071352225,0.0084765313219028,0.00836004330008669,0.00824134904219433,0.00812056130839596,0.00799779311824309,0.00787315764481804,0.00774676810981006,0.00761873767962535,0.00748917936263607,0.00735820590767087,0.00722592970384856,0.007092462681853,0.00695791621674514,0.00682240103240607,0.00668602710770174,0.00654890358445705,0.00641113867732574,0.00627283958563847,0.00613411240730865,0.00599506205487216,0.00585579217373374,0.00571640506269011,0.00557700159679587,0.00543768115263556,0.0052985415360609,0.0051596789124489,0.00502118773953282,0.00488316070285413,0.00474568865388058,0.00460886055083107,0.00447276340224447,0.00433748221332578,0.00420309993509902,0.00406969741639233,0.00393735335867714,0.00380614427377921,0.00367614444447582,0.0035474258879896,0.00342005832238555,0.0032941091358737,0.00316964335901608,0.0030467236398333,0.00292541022180274,0.00280576092473627,0.00268783112852218,0.00257167375971234,0.00245733928093224,0.00234487568308796,0.00223432848034101,0.00212574070781866,0.00201915292202455,0.00191460320391121,0.00181212716457311,0.00171175795351607,0.00161352626945634,0.00151746037359938,0.0014235861053465,0.00133192690037452,0.00124250381103192,0.00115533552899225,0.00107043841010372,0.000987826501371967,0.000907511570010749,0.000829503134494162,0.000753808497541761,0.000680432780966885,0.000609378962316844,0.000540647913232427,0.000474238439453112,0.000410147322393377,0.00034836936221447,0.000288897422315294,0.000231722475165377,0.000176833649402335,0.00012421827811586,7.38619482399266e-05,2.5748550974765e-05,-2.01396668399771e-05,-6.38220504793728e-05,-0.000105319484293031,-0.000144654337948691,-0.000181850412037346,-0.000216932883117161,-0.000249928248272904,-0.000280864269266927,-0.000309769916356955,-0.000336675311855111,-0.000361611673501654,-0.000384611257725902,-0.000405707302865629,-0.000424933972415098,-0.000442326298370546,-0.000457920124740632,-0.000471752051287974,-0.000483859377566347,-0.000494280047316608,-0.000503052593282817,-0.000510216082508368,-0.000515810062170247,-0.000519874506007711,-0.000522449761399862,-0.000523576497144747,-0.000523295651990763,-0.000521648383969214,-0.000518676020574884,-0.000514420009839562,-0.000508921872341339,-0.00050222315419054,-0.000494365381030981,-0.000485390013093181,-0.000475338401334154,-0.000464251744696236,-0.000452171048515343,-0.000439137084106882,-0.000425190349555523,-0.000410371031732817,-0.00039471896956462,-0.000378273618568166,-0.000361074016676559,-0.000343158751366389,-0.00032456592810215,-0.000305333140109128,-0.00028549743948441,-0.000265095309653748,-0.000244162639180017,-0.00022273469692714,-0.000200846108581454,-0.000178530834530703,-0.000155822149099018,-0.000132752621134497,-0.000109354095944299,-8.5657678570495e-05,-6.16937183982969e-05,-3.74917950867299e-05,-1.30807058102796e-05,1.15115462014366e-05,3.62577618403394e-05,6.11315550286334e-05,8.61073603766861e-05,0.000111160439608363,0.000136266886773355,0.000161403632267198,0.000186548445680773,0.000211679937502151,0.000236777559694643,0.000261821605175823,0.000286793206223198,0.000311674331833051,0.000336447784059759,0.00036109719336361,0.000385607012995815,0.00040996251245004,0.000434149770010355,0.000458155664426024,0.000481967865744051,0.0005055748253308,0.0005289657651144,0.000552130666079874,0.000575060256049284,0.000597745996779312,0.000620180070408937,0.000642355365290025,0.000664265461233834,0.000685904614206482,0.00070726774050636,0.000728350400456471,0.000749148781644597,0.000769659681744092,0.000789880490947958,0.000809809174048659,0.000829444252195897,0.000848784784364268,0.000867830348562519,0.000886581022815761,0.000905037365951555,0.000923200398220489,0.000941071581781374,0.000958652801080672,0.000975946343155401,0.000992954877888127,0.00100968143824213,0.00102612940050437,0.00104230246456337,0.00105820463424836,0.00107384019775542,0.00108921370818567,0.00110432996421994,0.00111919399095353,0.00113381102091405,0.0011481864752847,0.00116232594535436,0.00117623517421517,0.00118992003872767,0.0012033865317726,0.0012166407448077,0.0012296888507471,0.00124253708718014,0.00125519173994561,0.00126765912707673,0.00127994558313088,0.00129205744391801,0.00130400103164008,0.00131578264045378,0.00132740852246736,0.00133888487418229,0.00135021782338896,0.00136141341652545,0.0013724776065071,0.00138341624103412,0.00139423505138368,0.00140493964169203,0.00141553547873162,0.00142602788218725,0.00143642201543498,0.00144672287682638,0.00145693529148031,0.00146706390358335,0.00147711316919987,0.00148708734959156,0.00149699050504595,0.00150682648921264,0.00151659894394535,0.00152631129464759,0.00153596674611897,0.00154556827889861,0.00155511864610185,0.00156462037074523,0.00157407574355482,0.00158348682125225,0.00159285542531262,0.00160218314118772,0.00161147131798774,0.00162072106861403,0.00162993327033536,0.00163910856579944,0.00164824736447145,0.00165734984449035,0.00166641595493374,0.00167544541848208,0.00168443773447225,0.00169339218233034,0.00170230782537344,0.00171118351496965,0.00172001789504557,0.00172880940693005,0.00173755629452273,0.00174625660977596,0.00175490821847796,0.00176350880632556,0.00177205588527429,0.00178054680015368,0.00178897873553524,0.00179734872284076,0.00180565364767811,0.00181389025739179,0.00182205516881544,0.00183014487621311,0.00183815575939652,0.00184608409200537,0.00185392604993752,0.00186167771991591,0.00186933510817911,0.00187689414928242,0.00188435071499611,0.00189170062328779,0.00189893964737554,0.00190606352483876,0.00191306796677362,0.00191994866697991,0.00192670131116651,0.00193332158616248,0.00193980518912073,0.00194614783670165,0.00195234527422386,0.00195839328476952,0.00196428769823161,0.00197002440029086,0.00197559934131011,0.00198100854513423,0.0019862481177835,0.00199131425602879,0.00199620325583685,0.00200091152067424,0.00200543556965875,0.00200977204554705,0.00201391772254805,0.002017869513951,0.00202162447955852,0.00202517983291415,0.00202853294831456,0.00203168136759693,0.00203462280669203,0.00203735516193381,0.00203987651611692,0.00204218514429375,0.00204427951930285,0.00204615831702075,0.0020478204213297,0.00204926492879386,0.00205049115303717,0.00205149862881649,0.00205228711578381,0.00205285660193175,0.00205320730671666,0.00205333968385448,0.00205325442378438,0.00205295245579607,0.00205243494981685,0.00205170331785473,0.00205075921509473,0.00204960454064514,0.00204824143793168,0.00204667229473746,0.0020448997428873,0.00204292665757576,0.002040756156338,0.00203839159766326,0.00203583657925098,0.00203309493591018,0.00203017073710301,0.00202706828413388,0.00202379210698597,0.00202034696080734,0.00201673782204942,0.00201296988426099,0.00200904855354128,0.00200497944365604,0.00200076837082065,0.00199642134815518,0.00199194457981658,0.00198734445481355,0.00198262754051002,0.00197780057582356,0.0019728704641255,0.00196784426584959,0.00196272919081687,0.00195753259028459,0.00195226194872712,0.00194692487535704,0.00194152909539511,0.00193608244109841,0.00193059284255582,0.00192506831826056,0.00191951696547004,0.00191394695036341,0.00190836649800768,0.00190278388214283,0.00189720741479718,0.00189164543574464,0.00188610630181517,0.00188059837607038,0.00187513001685633,0.00186970956674585,0.00186434534138284,0.00185904561824148,0.00185381862531334,0.0018486725297354,0.00184361542637191,0.0018386553263636,0.00183380014565789,0.00182905769353348,0.00182443566113317,0.00181994161001847,0.00181558296076009,0.00181136698157823,0.00180730077704688,0.00180339127687603,0.00179964522478568,0.00179606916748574,0.00179266944377584,0.00178945217377929,0.001786423248325,0.00178358831849143,0.00178095278532634,0.00177852178975625,0.00177630020269953,0.00177429261539659,0.00177250332997082,0.00177093635023338,0.00176959537274517,0.00176848377814893,0.00176760462278436,0.00176696063059865,0.00176655418536501,0.00176638732322135,0.00176646172554093,0.00176677871214682,0.0017673392348815,0.0017681438715429,0.00176919282019791,0.00177048589388361,0.00177202251570662,0.00177380171434986,0.00177582211999603,0.00177808196067687,0.00178057905905698,0.00178331082966033,0.00178627427654721,0.00178946599144916,0.00179288215236856,0.00179651852264951,0.00180037045052604,0.00180443286915311,0.00180870029712537,0.00181316683948785,0.00181782618924281,0.00182267162935611,0.00182769603526611,0.00183289187789707,0.00183825122717882,0.00184376575607381,0.00184942674511215,0.00185522508743495,0.00186115129434514,0.00186719550136482,0.00187334747479739,0.00187959661879197,0.00188593198290712,0.00189234227017041,0.00189881584562917,0.0019053407453879,0.00191190468612674,0.00191849507509491,0.00192509902057242,0.00193170334279265,0.00193829458531781,0.00194485902685907,0.00195138269353164,0.00195785137153533,0.00196425062024962,0.00197056578573233,0.00197678201460993,0.00198288426834715,0.00198885733788341,0.00199468585862241,0.00200035432576106,0.00200584710994334,0.00201114847322385,0.00201624258532551,0.0020211135401748,0.00202574537269792,0.00203012207586106,0.00203422761793695,0.0020380459599795,0.00204156107348823,0.00204475695824336,0.00204761766029213,0.00205012729006658,0.00205227004061282,0.00205403020591114,0.00205539219926648,0.00205634057174786,0.00205686003065524,0.0020569354579925,0.00205655192892434,0.00205569473019547,0.00205434937848943,0.00205250163870492,0.00205013754212698,0.00204724340447042,0.00204380584377288,0.00203981179811484,0.00203524854314368,0.00203010370937925,0.00202436529927822,0.0020180217040348,0.0020110617200955,0.00200347456536554,0.00199524989508496,0.00198637781735236,0.00197684890827468,0.00196665422672149,0.0019557853286629,0.00194423428107017,0.00193199367535903,0.00191905664035553,0.00190541685476529,0.0018910685591269,0.00187600656723101,0.00186022627698697,0.00184372368071966,0.00182649537487923,0.00180853856914748,0.00178985109492533,0.00177043141318636,0.00175027862168235,0.00172939246148708,0.00170777332286561,0.00168542225045684,0.00166234094775812,0.0016385317809015,0.00161399778171176,0.00158874265003738,0.00156277075534628,0.00153608713757922,0.00150869750725478,0.00148060824482081,0.00145182639924788,0.0014223596858617,0.00139221648341172,0.00136140583037482,0.00132993742049323,0.00129782159754745,0.00126506934936542,0.00123169230107065,0.00119770270757261,0.00116311344530387,0.00112793800320945,0.00109219047299469,0.00105588553863909,0.00101903846518443,0.000981665086806507,0.000943781794180732,0.000905405521152847,0.000866553730726919,0.000827244400383759,0.000787496006743823,0.000747327509589385,0.000706758335261581,0.000665808359448983,0.000624497889385146,0.000582847645473294,0.000540878742357055,0.000498612669456937,0.000456071270992964,0.000413276725514563,0.000370251524959496,0.000327018453264241,0.000283600564548812,0.000240021160899617,0.000196303769774468,0.000152472121054376,0.000108550123767275,6.45618425092133e-05,2.05314735889975e-05,-2.35166790774018e-05,-6.75582282959779e-05,-0.000111568728120362,-0.00015552369854677,-0.000199398650350708,-0.000243169110037721,-0.000286810644880307,-0.00033029888801295,-0.000373609563557125,-0.000416718511748065,-0.000459601714035067,-0.000502235318127072,-0.000544595662955253,-0.000586659303524468,-0.000628403035625574,-0.000669803920380655,-0.000710839308593405,-0.000751486864877085,-0.00079172459153269,-0.000831530852150287,-0.000870884394906675,-0.000909764375532894,-0.00094815037992548,-0.000986022446375638,-0.00102336108739087,-0.00106014731108411,-0.00109636264210601,-0.00113198914209616,-0.00116700942962987,-0.00120140669963737,-0.00123516474227306,-0.00126826796121298,-0.00130070139135901,-0.00133245071592937,-0.00136350228291502,-0.00139384312088295,-0.00142346095410725,-0.00145234421701023,-0.00148048206789599,-0.00150786440196005,-0.0015344818635592,-0.00156032585772638,-0.00158538856091619,-0.00160966293096763,-0.00163314271627139,-0.00165582246412987,-0.00167769752829868,-0.00169876407569935,-0.00171901909229387,-0.0017384603881126,-0.00175708660142789,-0.00177489720206658,-0.00179189249385527,-0.00180807361619323,-0.00182344254474866,-0.00183800209127517,-0.00185175590254595,-0.00186470845840397,-0.00187686506892756,-0.00188823187071172,-0.00189881582226635,-0.00190862469853364,-0.00191766708452718,-0.00192595236809708,-0.00193349073182557,-0.00194029314405885,-0.00194637134908137,-0.00195173785644035,-0.00195640592942877,-0.00196038957273584,-0.00196370351927502,-0.0019663632162006,-0.00196838481012479,-0.0019697851315476,-0.00197058167851302,-0.00197079259950577,-0.00197043667560392,-0.00196953330190311,-0.00196810246822891,-0.00196616473915487,-0.00196374123334444,-0.0019608536022355,-0.00195752400808735,-0.00195377510141024,-0.00194962999779863,-0.00194511225418991,-0.00194024584457078,-0.00193505513515403,-0.00192956485904925,-0.0019238000904518,-0.00191778621837461,-0.00191154891994815,-0.00190511413331425,-0.00189850803013986,-0.00189175698777746,-0.00188488756109922,-0.00187792645403242,-0.0018709004908242,-0.00186383658706379,-0.00185676172049048,-0.00184970290161638,-0.00184268714419265,-0.00183574143554867,-0.00182889270683373,-0.00182216780319074,-0.00181559345389148,-0.00180919624246349,-0.00180300257683836,-0.0017970386595513,-0.00179133045802178,-0.00178590367494514,-0.0017807837188248,-0.00177599567467462,-0.00177156427492098,-0.00176751387053412,-0.00176386840241805,-0.00176065137308779,-0.00175788581866284,-0.00175559428120502,-0.0017537987814291,-0.00175252079181392,-0.00175178121014142,-0.00175160033349048,-0.00175199783271217,-0.0017529927274125,-0.00175460336146853,-0.00175684737910257,-0.00175974170153936,-0.00176330250427005,-0.00176754519494646,-0.00177248439192841,-0.00177813390350659,-0.00178450670782255,-0.00179161493350697,-0.00179946984105619,-0.00180808180496693,-0.00181746029664784,-0.00182761386812629,-0.00183855013656793,-0.0018502757696257,-0.00186279647163434,-0.00187611697066525,-0.00189024100645642,-0.00190517131923107,-0.00192090963941771,-0.00193745667828351,-0.00195481211949216,-0.00197297461159611,-0.00199194176147293,-0.00201171012871433,-0.00203227522097578,-0.00205363149029358,-0.00207577233037541,-0.0020986900748699,-0.00212237599661928,-0.0021468203078987,-0.00217201216164438,-0.00219793965367298,-0.00222458982589287,-0.00225194867050757,-0.00228000113521043,-0.0023087311293689,-0.00233812153119587,-0.00236815419590473,-0.00239880996484391,-0.00243006867560595,-0.00246190917310529,-0.00249430932161797,-0.00252724601777593,-0.00256069520450783,-0.00259463188591697,-0.00262903014308648,-0.00266386315080106,-0.00269910319517384,-0.00273472169216647,-0.00277068920698927,-0.00280697547436758,-0.00284354941965985,-0.0028803791808123,-0.00291743213113466,-0.00295467490288033,-0.0029920734116134,-0.00302959288134477,-0.00306719787041878,-0.0031048522981316,-0.00314251947206137,-0.00318016211608972,-0.00321774239909403,-0.00325522196428851,-0.00329256195919215,-0.00332972306620069,-0.00336666553373958,-0.00340334920797414,-0.00343973356505251,-0.00347577774385664,-0.00351144057923629,-0.00354668063570038,-0.00358145624154024,-0.00361572552335863,-0.0036494464409783,-0.00368257682270301,-0.00371507440090368,-0.00374689684790223,-0.00377800181212523,-0.00380834695449982,-0.00383788998506365,-0.00386658869976056,-0.00389440101739359,-0.00392128501670681,-0.003947198973567,-0.00397210139821651,-0.00399595107256861,-0.00401870708751615,-0.00404032888022444,-0.00406077627137939,-0.00408000950236188,-0.00409798927231986,-0.00411467677510971,-0.00413003373607778,-0.004144022448654,-0.00415660581072928,-0.00416774736078864,-0.00417741131377175,-0.00418556259663293,-0.00419216688357339,-0.0041971906309185,-0.00420060111161307,-0.00420236644930805,-0.00420245565201274,-0.00420083864528672,-0.00419748630494617,-0.00419237048925925,-0.00418546407060663,-0.00417674096658308,-0.00416617617051643,-0.00415374578138037,-0.00413942703307886,-0.00412319832308007,-0.00410503924037818,-0.00408493059276194,-0.00406285443336964,-0.00403879408651037,-0.00401273417273281,-0.00398466063312321,-0.00395456075281491,-0.00392242318369198,-0.00388823796627041,-0.0038519965507415,-0.00381369181716229,-0.00377331809477897,-0.00373087118046967,-0.00368634835629405,-0.00363974840613787,-0.00359107163144134,-0.00354031986600098,-0.00348749648983556,-0.0034326064421074,-0.003375656233091,-0.00331665395518192,-0.0032556092929395,-0.00319253353215789,-0.00312743956796055,-0.00306034191191472,-0.00299125669816297,-0.00292020168856937,-0.0028471962768791,-0.00277226149189094,-0.00269541999964346,-0.0026166961046158,-0.00253611574994545,-0.00245370651666558,-0.00236949762196557,-0.00228351991647888,-0.00219580588060393,-0.0021063896198641,-0.00201530685931337,-0.00192259493699518,-0.00182829279646261,-0.00173244097836921,-0.00163508161113969,-0.001536258400731,-0.00143601661949473,-0.00133440309415244,-0.00123146619289628,-0.00112725581162757,-0.0010218233593471,-0.000915221742710984,-0.000807505349766783,-0.00069873003288505,-0.00058895309090171,-0.000478233250487496,-0.000366630646760987,-0.000254206803162282,-0.000141024610604748,-2.71483059226532e-05,8.73565503670836e-05,0.000202423096970499,0.000317983195370656,0.000433967454010998,0.000550305253088501,0.000666924769936892,0.000783753004979963,0.000900715808234732,0.00101773790634403,0.00113474293011794,0.00125165344256343,0.00136839096738119,0.00148487601790872,0.00160102812648857,0.00171676587424061,0.0018320069212173,0.00194666803692045,0.00206066513115847,0.00217391328522287,0.00228632678336237,0.00239781914453346,0.00250830315440609,0.00261769089760338,0.00272589379015408,0.00283282261213731,0.00293838754049838,0.0030424981820153,0.00314506360639556,0.00324599237948279,0.00334519259655317,0.00344257191568176,0.00353803759115916,0.00363149650693904,0.00372285521009757,0.00381201994428615,0.00389889668315939,0.00398339116376015,0.00406540891984389,0.00414485531512507,0.00422163557642908,0.00429565482673365,0.00436681811808394,0.00443503046436578,0.00450019687392242,0.00456222238200082,0.00462101208301367,0.00467647116260387,0.00472850492949944,0.004777018847147,0.00482191856511308,0.00486310995024322,0.00490049911756887,0.00493399246095217,0.00496349668346043,0.00498891882746318,0.00501016630444489,0.005027146924527,0.00503976892569418,0.00504794100272063,0.0050515723357923,0.00505057261882269,0.00504485208746041,0.00503432154678662,0.00501889239870221,0.00499847666900523,0.00497298703415931,0.00494233684775489,0.00490644016666537,0.00486521177690131,0.00481856721916675,0.00476642281412291,0.00470869568736513,0.00464530379411991,0.00457616594366855,0.00450120182350551,0.00442033202324005,0.00433347805825059,0.00424056239310117,0.0041415084647303,0.00403624070542301,0.00392468456557769,0.0038067665362794,0.00368241417169232,0.00355155611128429,0.0034141221018973,0.00327004301967779,0.00311925089188106,0.00296167891856412,0.0027972614941817,0.00262593422910075,0.00244763397104927,0.00226229882651486,0.00206986818210939,0.00187028272591555,0.00166348446883164,0.00144941676593129,0.00122802433785391,0.000999253292242536,0.000763051145245066,0.000519366843095426,0.000268150783790775,9.35483888085954e-06,-0.000257067624614645,-0.000531161722145124,-0.000812971029409003,-0.00110253755995966,-0.0013999017426226,-0.0017051023987097,-0.00201817671901669,-0.00233916024059077,-0.0026680868232556,-0.00300498862588185,-0.00334989608239168,-0.00370283787748687,-0.00406384092209068,-0.00443293032849445,-0.00481012938520081,-0.00519545953145686,-0.00558894033147131,-0.00599058944830999,-0.0064004226174659,-0.00681845362010115,-0.00724469425595952,-0.00767915431594974,-0.00812184155440152,-0.00857276166099785,-0.00903191823238775,-0.00949931274348447,-0.00997494451845616,-0.0104588107014187,-0.0109509062268412,-0.0114512237896763,-0.0119597538152283,-0.0124764844287758,-0.0130014014249645,-0.0135344882369922,-0.0140757259056066,-0.0146250930479382,-0.0151825658261953,-0.0157481179162444,-0.0163217204761082,-0.0169033421144094,-0.0174929488587952,-0.0180905041243754,-0.0186959686822116,-0.0193093006278956,-0.0199304553502544,-0.0205593855002217,-0.0211960409599229,-0.0218403688120154,-0.0224923133093308,-0.0231518158448669,-0.0238188149221788,-0.0244932461262201,-0.0251750420946869,-0.0258641324899183,-0.0265604439714087,-0.0272639001689857,-0.02797442165671,-0.0286919259275586,-0.0294163273689479,-0.0301475372391577,-0.0308854636447108,-0.0316300115187744,-0.0323810826006427,-0.0331385754163631,-0.033902385260566,-0.0346724041795575,-0.0354485209557414,-0.0362306210934281,-0.0370185868060934,-0.0378122970051514,-0.0386116272903031,-0.0394164499415179,-0.0402266339127051,-0.0410420448271336,-0.041862544974661,-0.0426879933108223,-0.0435182454578352,-0.0443531537075766,-0.0451925670265786,-0.046036331063094,-0.0468842881562787,-0.0477362773475356,-0.0485921343940631,-0.0494516917846492,-0.0503147787577525,-0.051181221321906,-0.0520508422784787,-0.0529234612468283,-0.0537988946918729,-0.0546769559541082,-0.0555574552820854,-0.0564401998673701,-0.0573249938820011,-0.0582116385184663,-0.059099932032203,-0.0599896697866258,-0.0608806443006873,-0.0617726452989776,-0.0626654597643562,-0.0635588719931059,-0.0644526636525986,-0.0653466138414587,-0.0662404991522056,-0.0671340937363507,-0.0680271693719246,-0.0689194955334084,-0.069810839464033,-0.0707009662504129,-0.0715896388994822,-0.0724766184176898,-0.0733616638924015,-0.0742445325754652,-0.0751249799688879,-0.0760027599125675,-0.0768776246740191,-0.0777493250400373,-0.0786176104102319,-0.07948222889237,-0.0803429273994553,-0.081199451748472,-0.0820515467607199,-0.0828989563636636,-0.083741423694217,-0.0845786912033801,-0.085410500762146,-0.0862365937686018,-0.0870567112561336,-0.087870594002647,-0.0886779826407128,-0.0894786177685542,-0.0902722400617839,-0.0910585903857994,-0.0918374099087401,-0.0926084402149141,-0.0933714234185994,-0.0941261022781243,-0.0948722203101391,-0.0956095219039855,-0.096337752436069,-0.0970566583841408,-0.0977659874413939,-0.0984654886302754,-0.0991549124159178,-0.0998340108191061,-0.100502537528693,-0.101160248013364,-0.101806899632671,-0.102442251747256,-0.103066065828168,-0.103678105565199,-0.104278136974153,-0.104865928502973,-0.105441251136631,-0.106003878500715,-0.106553586963639,-0.107090155737406,-0.107613366976861,-0.108123005877362,-0.108618860770812,-0.109100723219986,-0.109568388111084,-0.110021653744457,-0.110460321923466,-0.110884198041389,-0.111293091166347,-0.111686814124187,-0.112065183579287,-0.112428020113243,-0.112775148301389,-0.113106396787121,-0.113421598353997,-0.113720589995574,-0.114003212982975,-0.114269312930137,-0.114518739856733,-0.11475134824874,-0.114966997116623,-0.115165550051144,-0.115346875276758,-0.115510845702629,-0.11565733897124,-0.115786237504601,-0.115897428548033,-0.115990804211555,-0.116066261508853,-0.116123702393842,-0.116163033794835,-0.116184167646337,-0.116187020918478,-0.116171515644095,-0.116137578943476,-0.116085143046787,-0.116014145314207,-0.115924528253781,-0.115816239537019,-0.115689232012264,-0.115543463715866,-0.115378897881185,-0.11519550294545,-0.114993252554512,-0.11477212556552,-0.114532106047555,-0.114273183280243,-0.113995351750399,-0.113698611146734,-0.113382966352668,-0.113048427437269,-0.112695009644364,-0.112322733379848,-0.111931624197248,-0.111521712781567,-0.111093034931451,-0.110645631539689,-0.110179548572111,-0.109694837044903,-0.109191553000363,-0.108669757481149,-0.108129516503038,-0.107570901026236,-0.106993986925286,-0.10639885495758,-0.105785590730504,-0.10515428466726,-0.104505031971387,-0.103837932590003,-0.103153091175796,-0.102450617047778,-0.101730624150836,-0.100993231014104,-0.10023856070819,-0.0994667408012566,-0.0986779033139753,-0.0978721846733712,-0.0970497256655809,-0.0962106713875347,-0.0953551711975737,-0.094483378665009,-0.0935954515186366,-0.0926915515942169,-0.091771844780927,-0.0908365009667931,-0.0898856939831132,-0.0889196015478728,-0.0879384052081532,-0.0869422902815283,-0.0859314457964578,-0.0849060644316819,-0.0838663424546219,-0.08281247965879,-0.0817446793002043,-0.080663148032809,-0.0795680958428999,-0.0784597359825517,-0.0773382849020521,-0.076203962181335,-0.075056990460408,-0.0738975953687729,-0.0727260054538412,-0.0715424521083359,-0.0703471694966772,-0.0691403944803635,-0.067922366542343,-0.0666933277103745,-0.0654535224793777,-0.0642031977327816,-0.0629426026628798,-0.0616719886902003,-0.0603916093818951,-0.0591017203691616,-0.0578025792636996,-0.056494445573216,-0.0551775806159925,-0.0538522474345278,-0.0525187107082734,-0.0511772366654851,-0.0498280929942116,-0.0484715487524406,-0.047107874277426,-0.0457373410942234,-0.0443602218234672,-0.0429767900884176,-0.04158732042131,-0.0401920881690396,-0.0387913693982249,-0.0373854407996926,-0.0359745795924278,-0.0345590634270353,-0.0331391702887639,-0.0317151784001456,-0.0302873661233036,-0.0288560118619832,-0.0274213939633647,-0.0259837906197203,-0.0245434797699762,-0.0231007390012472,-0.0216558454504138,-0.0202090757058118,-0.018760705709109,-0.0173110106574401,-0.0158602649058778,-0.0144087418703198,-0.0129567139308707,-0.0115044523358018,-0.0100522271061737,-0.00860030694120763,-0.00714895912449066,-0.00569844943110288,-0.00424904203575519,-0.00280099942202869,-0.00135458229280535,8.99505180188463e-05,0.00153234213244601,0.00297233771382171,0.00440968455072123,0.00584413213918474,0.00727543226320952,0.00870333907340788,0.0101276091637402,0.011548001646233,0.0129642782235939,0.0143762032596345,0.015783543847416,0.0171860698750313,0.0185835540889422,0.0199757721547913,0.0213625027156096,0.0227435274473434,0.0241186311116257,0.0254876016057226,0.026850230009586,0.0282063106299482,0.029555641041399,0.0308980221243882,0.0322332581000982,0.0335611565621362,0.0348815285049971,0.0361941883492586,0.037498953963471,0.0387956466827081,0.0400840913237513,0.041364116196885,0.0426355531142871,0.0438982373949998,0.0451520078664784,0.0463967068627174,0.0476321802189525,0.0488582772629483,0.0500748508028855,0.0512817571118653,0.0524788559090604,0.0536660103375431,0.0548430869388242,0.0560099556241449,0.0571664896425691,0.0583125655459421,0.0594480631507779,0.0605728654971358,0.0616868588045603,0.06278993242516,0.0638819787939101,0.0649628933762654,0.0660325746131797,0.0670909238636289,0.0681378453447408,0.0691732460696409,0.0701970357831331,0.0712091268953299,0.0722094344133533,0.0731978758712283,0.0741743712581021,0.0751388429449311,0.07609121560978,0.0770314161618738,0.0779593736645487,0.0788750192572472,0.0797782860767084,0.0806691091775101,0.0815474254521215,0.0824131735506237,0.0832662938002613,0.0841067281249829,0.0849344199651418,0.0857493141975228,0.0865513570558567,0.0873404960519874,0.0881166798978594,0.0888798584284919,0.0896299825261012,0.0903670040455337,0.0910908757411607,0.0918015511954017,0.0924989847490387,0.0931831314334781,0.0938539469051065,0.0945113873818919,0.0951554095823731,0.0957859706671929,0.0964030281833196,0.0970065400110854,0.0975964643141726,0.098172759492676,0.0987353841393675,0.0992842969992849,0.0998194569327574,0.100340822881967,0.100848353841151,0.101342008830531,0.10182174687408,0.102287526981182,0.102739308132286,0.103177049268612,0.10360070928597,0.104010247032749,0.104405621312128,0.104786790888535,0.105153714498416,0.105506350865318,0.105844658719323,0.106168596820841,0.10647812398875,0.106773199132876,0.107053781290812,0.107319829669038,0.107571303688343,0.107808163033492,0.108030367707106,0.108237878087697,0.108430654991812,0.108608659740213,0.108771854228015,0.108920200998685,0.109053663321839,0.109172205274716,0.109275791827246,0.109364388930589,0.109437963609011,0.109496484054978,0.10953991972735,0.109568241452515,0.109581421528346,0.10957943383081,0.109562253923101,0.109529859167099,0.109482228836995,0.109419344234891,0.109341188808193,0.109247748268615,0.109139010712609,0.109014966743033,0.108875609591859,0.108720935243715,0.108550942560057,0.108365633403763,0.108165012763947,0.107949088880764,0.107717873369992,0.1074713813472,0.107209631551257,0.106932646466992,0.106640452446756,0.106333079830672,0.106010563065351,0.105672940820852,0.10532025610566,0.104952556379477,0.104569893663592,0.104172324648622,0.103759910799412,0.103332718456873,0.10289081893651,0.102434288623478,0.101963209063948,0.1014776670526,0.100977754716034,0.10046356959192,0.0999352147036978,0.0993927986306623,0.0988364355732531,0.0982662454133778,0.0976823537695988,0.0970848920470346,0.0964739974818269,0.0958498131800349,0.0952124881508231,0.0945621773338132,0.0938990416204812,0.0932232478694853,0.0925349689158156,0.0918343835736648,0.0911216766329322,0.0903970388492779,0.0896606669276621,0.0889127634993142,0.0881535370920831,0.0873832020941224,0.0866019787108708,0.0858100929153037,0.0850077763914525,0.0841952664711802,0.0833728060642189,0.082540643581482,0.0816990328516716,0.080848233031215,0.0799885085075799,0.0791201287960177,0.0782433684297935,0.0773585068439729,0.0764658282528445,0.0755656215210633,0.0746581800286128,0.0737438015296904,0.0728227880056325,0.0718954455120012,0.0709620840199621,0.0700230172520918,0.06907856251277,0.0681290405133156,0.0671747751920315,0.0662160935293296,0.0652533253581153,0.0642868031696096,0.0633168619147996,0.0623438388017172,0.0613680730887433,0.0603899058741479,0.0594096798820853,0.0584277392452644,0.0574444292845187,0.0564600962855063,0.0554750872727771,0.0544897497814348,0.0535044316266406,0.052519480671211,0.0515352445915543,0.0505520706421954,0.0495703054191432,0.0485902946223561,0.0476123828175668,0.0466369131977195,0.0456642273442787,0.04469466498867,0.0437285637741087,0.0427662590180788,0.0418080834757248,0.0408543671044157,0.0399054368297406,0.0389616163131912,0.0380232257217862,0.0370905814998902,0.0361639961434747,0.0352437779770726,0.0343302309336704,0.0334236543377843,0.0325243426919541,0.0316325854668925,0.0307486668955141,0.0298728657710691,0.0290054552496023,0.0281467026569516,0.0272968693005,0.0264562102858877,0.0256249743388792,0.0248034036325816,0.0239917336202004,0.0231901928735117,0.0223990029272236,0.0216183781293923,0.0208485254980537,0.0200896445842215,0.0193419273414001,0.0186055580017481,0.0178807129590241,0.0171675606584338,0.0164662614934941,0.0157769677100171,0.015099823317314,0.0144349640067092,0.0137825170774444,0.0131426013700495,0.0125153272072432,0.0119007963424234,0.0112991019157929,0.0107103284181604,0.0101345516624497,0.009571838762938,0.00902224812223808,0.00848582942602959,0.0079626236455366,0.00745266304774017,0.00695597121330659,0.0064725630622045,0.00600244488697471,0.0055456143936084,0.00510206074998187,0.00467176464178752,0.00425469833589262,0.00385082575105,0.00346010253587751,0.0030824761540143,0.00271788597635501,0.00236626338025606,0.00202753185560096,0.00170160711760448,0.00138839722622827,0.00108780271207382,0.000799716708612032,0.000524025090602118,0.000260606618546508,9.33308902219096e-06,-0.000229930509276921,-0.000457325833957802,-0.000673001021983006,-0.000877110517544272,-0.0010698148949422,-0.00125128067666412,-0.00142168014685684,-0.00158119116039555,-0.00172999694775439,-0.00186828591588808,-0.00199625144533828,-0.00211409168378125,-0.00222200933623719,-0.00232021145216438,-0.00240890920966412,-0.00248831769702501,-0.00255865569183763,-0.00262014543791243,-0.00267301242023559,-0.00271748513819909,-0.00275379487734295,-0.00278217547984802,-0.00280286311401887,-0.00281609604299665,-0.00282211439294195,-0.00282115992092757,-0.00281347578278087,-0.0027993063011148,-0.00277889673378588,-0.00275249304301612,-0.00272034166541438,-0.00268268928313128,-0.00263978259637974,-0.00259186809755108,-0.00253919184715379,-0.0024819992517996,-0.00242053484445881,-0.00235504206720343,-0.00228576305665353,-0.00221293843233792,-0.0021368070881769,-0.00205760598729015,-0.001975569960329,-0.00189093150752698,-0.00180392060465802,-0.00171476451308691,-0.00162368759409107,-0.00153091112762778,-0.00143665313571475,-0.00134112821058612,-0.00124454734778051,-0.00114711778431087,-0.00104904284205999,-0.000950521776538856,-0.000851749631138494,-0.000752917096998979,-0.000654210378612731,-0.00055581106527201,-0.000457896008463574,-0.000360637205306165,-0.000264201688119114,-0.000168751420202941,-7.444319790539e-05,1.85714409611161e-05,0.000110146302292291,0.000200140614404331,0.000288419100242761,0.000374852043052376,0.000459315345480624,0.000541690582094412,0.000621865045298058,0.000699731784647722,0.00077518963956532,0.000848143265462589,0.00091850315329342,0.000986185642560131,0.00105111292780681,0.00111321305864021,0.00117241993332586,0.00122867328601423,0.00128191866765876,0.00133210742069467,0.00137919664755434,0.00142314917310135,0.00146393350107259,0.00150152376462338,0.00153589967107762,0.00156704644099041,0.00159495474163673,0.00161962061504543,0.00164104540070336,0.00165923565305996,0.00167420305396759,0.00168596432019806,0.00169454110618076,0.00169995990211218,0.00170225192759105,0.00170145302093725,0.00169760352435686,0.00169074816511947,0.00168093593291679,0.00166821995357559,0.0016526573593005,0.0016343091556251,0.00161324008525252,0.00158951848896873,0.00156321616381443,0.00153440821870265,0.0015031729276712,0.00146959158096043,0.00143374833410785,0.00139573005525247,0.00135562617084201,0.00131352850993686,0.00126953114730474,0.00122373024550003,0.00117622389612171,0.00112711196044345,0.00107649590960834,0.00102447866458028,0.000971164436042789,0.000916658564434787,0.000861067360311104,0.000804497945214109,0.000747058093240677,0.000688856073486681,0.000630000493548766,0.000570600144260733,0.000510763845839128,0.00045060029560964,0.00039021791748286,0.000329724713344684,0.00026922811652317,0.000208834847490025,0.000148650771951148,8.87807614766992e-05,2.93285568170596e-05,-2.96033659532244e-05,-8.79139263257938e-05,-0.00014550356714996,-0.000202274379196804,-0.000258130222372184,-0.000312976843459846,-0.000366721990280883,-0.00041927552216094,-0.000470549516601776,-0.00052045837205912,-0.000568918906734189,-0.000615850453291759,-0.000661174949423266,-0.000704817024179108,-0.000746704080000016,-0.00078676637038304,-0.000824937073123591,-0.000861152359080869,-0.000895351456419853,-0.000927476710288997,-0.000957473637898652,-0.000985290978971108,-0.00101088074153911,-0.00103419824307578,-0.00105520214694465,-0.00107385449416463,-0.00109012073049039,-0.0011039697288146,-0.00111537380690441,-0.00112430874049015,-0.00113075377172994,-0.00113469161307956,-0.0011361084466025,-0.00113499391876044,-0.00113134113072989,-0.00112514662429614,-0.00111641036338082,-0.00110513571126424,-0.00109132940356917,-0.00107500151707701,-0.00105616543445227,-0.00103483780495601,-0.0010110385012331,-0.000984790572262564,-0.000956120192564491,-0.000925056607760848,-0.000891632076591592,-0.000855881809491138,-0.000817843903833648,-0.000777559275959044,-0.000735071590094799,-0.000690427184291586,-0.000643674993493719,-0.000594866469867982,-0.000544055500516913,-0.000491298322704863,-0.000436653436727363,-0.000380181516556149,-0.000321945318393964,-0.000262009587274763,-0.000200440961846334,-0.000137307877473518,-7.26804678011229e-05,-6.63046491641958e-06,6.07689017482597e-05,0.00012944300763193,0.000199315936239262,0.000270310583171665,0.000342348760854164,0.000415351303817468,0.000489238174395065,0.000563928568695919,0.00063934102271427,0.000715393518439074,0.000792003589826797,0.000869088428502636,0.000946564989056788,0.0010243500938041,0.00110236053687734,0.00118051318752629,0.00125872509249695,0.00133691357736767,0.00141499634672113,0.0014928915830339,0.00157051804416779,0.00164779515935033,0.00172464312353429,0.00180098299002983,0.00187673676130519,0.00195182747785581,0.0020261793050445,0.00209971761781945,0.00217236908321996,0.00224406174058367,0.00231472507937246,0.0023842901145382,0.00245268945935319,0.0025198573956342,0.00258572994129307,0.00265024491515078,0.00271334199895587,0.00277496279655227,0.00283505089014601,0.00289355189362398,0.00295041350288266,0.00300558554312842,0.0030590200131156,0.0031106711262928,0.00316049534883203,0.00320845143451976,0.00325450045649249,0.00329860583580429,0.00334073336681784,0.00338085123941488,0.00341893005802625,0.00345494285748517,0.00348886511571141,0.0035206747632385,0.00355035218960044,0.00357788024659738,0.0036032442484643,0.00362643196897047,0.00364743363548085,0.00366624192001446,0.00368285192733861,0.00369726118014106,0.0037094696013258,0.00371947949348139,0.00372729551557411,0.00373292465692101,0.003736376208501,0.0037376617316657,0.00373679502431418,0.00373379208459832,0.00372867107222861,0.00372145226745225,0.00371215802777803,0.00370081274252459,0.0036874427852708,0.00367207646428918,0.00365474397104537,0.0036354773268482,0.00361431032773687,0.00359127848769335,0.00356641898026912,0.0035397705787173,0.00351137359472136,0.00348126981581333,0.00344950244157504,0.00341611601871671,0.00338115637512827,0.00334467055299897,0.00330670674110083,0.00326731420633239,0.00322654322461875,0.00318444501126443,0.00314107165085541,0.00309647602680598,0.00305071175064597,0.00300383309114341,0.0029558949033567,0.00290695255770981,0.00285706186918288,0.00280627902671001,0.00275466052287472,0.00270226308399239,0.0026491436006671,0.00259535905890918,0.00254096647189843,0.00248602281247605,0.00243058494644671,0.00237470956676976,0.00231845312871717,0.00226187178607335,0.00220502132845011,0.00214795711978755,0.00209073403810961,0.00203340641660011,0.00197602798606278,0.00191865181882648,0.00186133027415374,0.00180411494520845,0.00174705660763562,0.0016902051698032,0.00163360962475331,0.00157731800390724,0.00152137733256538,0.00146583358724047,0.00141073165485915,0.00135611529386429,0.00130202709724714,0.00124850845753552,0.00119559953376095,0.00114333922042467,0.00109176511847926,0.00104091350833954,0.000990819324933047,0.000941516134797756,0.000893036115231258,0.000845410035493015,0.000798667240057967,0.000752835633916966,0.000707941669916628,0.00066401033812823,0.000621065157232442,0.000579128167904045,0.000538219928178013,0.000498359510775702,0.000459564502367258,0.000421851004743958,0.000385233637871793,0.000349725544795242,0.000315338398357862,0.00028208240970418,0.00024996633852528,0.000218997505008435,0.000189181803449279,0.000160523717483162,0.00013302633689064,0.000106691375930332,8.15191931509243e-05,5.75088126326029e-05,3.46579466068807e-05,1.29630194025226e-05,-7.58080733587869e-06,-2.69796082111792e-05,-4.52406664742758e-05,-6.23724453183346e-05,-7.8384558123741e-05,-9.32877377115182e-05,-0.000107093804663534,-0.000119815634768288,-0.00013146712565146,-0.000142063162650664,-0.000151619583994065,-0.000160153145342622,-0.000167681483755718,-0.00017422308113987,-0.00017979722724003,-0.000184423982232709,-0.000188124138979877,-0.00019091918500213,-0.000192831264229134,-0.000193883138584764,-0.000194098149463698,-0.000193500179155492,-0.000192113612271335,-0.000189963297227839,-0.00018707450784122,-0.000183472905084265,-0.000179184499057346,-0.000174235611223648,-0.000168652836957551,-0.000162463008453853,-0.000155693158044171,-0.000148370481965542,-0.000140522304624822,-0.000132176043401018,-0.000123359174026183,-0.00011409919658397,-0.000104423602163357,-9.43598402034665e-05,-8.39352865637541e-05,-7.31772123521565e-05,-6.21127535421182e-05,-5.07688814076976e-05,-3.91723738042192e-05,-2.73497873202021e-05,-1.53274303245378e-05,-3.13133693112365e-06,9.21275809861141e-06,2.16794434966194e-05,3.42436546556896e-05,4.68806958083218e-05,5.95662612036495e-05,7.22764552708013e-05,8.49878117588312e-05,9.76773118450681e-05,0.000110322401205439,0.000122901006042017,0.000135391548064717,0.000147772958425689,0.000160024690606592,0.000172126732260518,0.00018405961601187,0.000195804429219057,0.000207342822706304,0.000218657018472363,0.000229729816385286,0.000240544599873834,0.000251085340627402,0.000261336602317666,0.000271283543356362,0.000280911918704824,0.000290208080752045,0.000299158979279112,0.000307752160528988,0.00031597576540157,0.000323818526794911,0.000331269766114406,0.000338319388972583,0.000344957880102994,0.000351176297512362,0.000356966265895918,0.000362319969341493,0.000367230143348542,0.000371690066188806,0.000375693549635822,0.000379234929090914,0.00038230905313374,0.000384911272525701,0.000387037428694871,0.000388683841731359,0.000389847297922213,0.000390525036855104,0.000390714738120112,0.000390414507638959,0.000389622863651079,0.000388338722385845,0.000386561383450176,0.000384290514960648,0.000381526138448993,0.000378268613569697,0.000374518622638166,0.000370277155027619,0.000365545491452501,0.000360325188165802,0.000354618061097333,0.000348426169959534,0.000341751802346942,0.000334597457854926,0.000326965832242726,0.000318859801665277,0.000310282406997716,0.000301236838275861,0.000291726419275283,0.000281754592250936,0.000271324902858609,0.00026044098527873,0.00024910654756241,0.000237325357218762,0.000225101227061839,0.000212438001334712,0.000199339542127449,0.000185809716104937,0.00017185238155969,0.000157471375803962,0.00014267050291466,0.000127453521843755,0.000111824134905995,9.57859766549513e-05,7.93426031575391e-05,6.24974816763578e-05,4.52539807683519e-05,2.76153608074614e-05,9.58476493811238e-06,-8.83478953442142e-06,-2.76404193115577e-05,-4.68293828224118e-05,-6.6399087494627e-05,-8.63470965721571e-05,-0.000106671135477898,-0.000127369097719809,-0.000148439050339893,-0.00016987923890612,-0.000191688092048079,-0.0002138642255378,-0.000236406445917857,-0.000259313753679515,-0.00028258534599426,-0.000306220619002713,-0.000330219169665453,-0.000354580797180817,-0.000379305503975293,-0.000404393496272587,-0.000429845184247958,-0.000455661181774823,-0.000481842305771063,-0.000508389575152915,-0.000535304209404705,-0.000562587626772992,-0.000590241442093969,-0.000618267464263266,-0.000646667693357623,-0.00067544431741806,-0.000704599708904394,-0.000734136420831159,-0.000764057182595155,-0.000794364895504956,-0.00082506262802285,-0.000856153610729753,-0.000887641231023675,-0.00091952902756249,-0.000951820684461683,-0.000984520025257637,-0.00101763100664712,-0.00105115771201354,-0.00108510434475049,-0.00111947522139308,-0.00115427476456735,-0.00118950749576785,-0.00122517802797354,-0.00126129105811182,-0.00129785135938027,-0.0013348637734359,-0.00137233320246109,-0.00141026460111529,-0.00144866296838164,-0.00148753333931725,-0.00152688077671558,-0.00156671036268899,-0.00160702719017948,-0.00164783635440535,-0.00168914294425126,-0.00173095203360912,-0.00177326867267682,-0.00181609787922121,-0.0018594446298121,-0.00190331385103328,-0.00194771041067689,-0.00199263910892647,-0.00203810466953445,-0.0020841117309993,-0.00213066483774758,-0.0021777684313258,-0.00222542684160668,-0.00227364427801453,-0.00232242482077379,-0.00237177241218515,-0.00242169084793314,-0.00247218376842943,-0.00252325465019546,-0.00257490679728841,-0.00262714333277397,-0.00267996719024964,-0.00273338110542208,-0.00278738760774192,-0.00284198901209954,-0.00289718741058526,-0.00295298466431765,-0.00300938239534383,-0.0030663819786152,-0.00312398453404243,-0.00318219091863356,-0.00324100171871913,-0.00330041724226849,-0.00336043751130144,-0.00342106225439972,-0.00348229089932282,-0.00354412256573286,-0.00360655605803339,-0.00366958985832709,-0.00373322211949776,-0.00379745065842204,-0.00386227294931687,-0.00392768611722892,-0.00399368693167188,-0.00406027180041763,-0.00412743676344845,-0.00419517748707656,-0.00426348925823771,-0.0043323669789658,-0.00440180516105626,-0.00447179792092556,-0.00454233897467456,-0.00461342163336345,-0.00468503879850658,-0.00475718295779533,-0.00482984618105707,-0.00490302011645812,-0.00497669598695878,-0.00505086458702881,-0.00512551627963214,-0.00520064099348963,-0.00527622822062803,-0.00535226701422326,-0.00542874598674632,-0.00550565330842064,-0.00558297670599952,-0.00566070346187186,-0.00573882041350448,-0.005817313953229,-0.00589617002838098,-0.00597537414179888,-0.00605491135268968,-0.00613476627786854,-0.00621492309337993,-0.00629536553650699,-0.00637607690817532,-0.00645704007575718,-0.00653823747628192,-0.00661965112005787,-0.00670126259471106,-0.00678305306964584,-0.00686500330093149,-0.00694709363661876,-0.00702930402249044,-0.00711161400824825,-0.00719400275413854,-0.00727644903801863,-0.00735893126286439,-0.00744142746471997,-0.00752391532109086,-0.00760637215977917,-0.00768877496816043,-0.0077711004029009,-0.00785332480011404,-0.0079354241859532,-0.00801737428763647,-0.00809915054490007,-0.00818072812187615,-0.00826208191938967,-0.00834318658766804,-0.0084240165394569,-0.00850454596353531,-0.00858474883862251,-0.00866459894766789,-0.00874406989251544,-0.00882313510893326,-0.00890176788199827,-0.0089799413618251,-0.00905762857962767,-0.00913480246410118,-0.00921143585811167,-0.00928750153567876,-0.00936297221923744,-0.00943782059716564,-0.00951201934156217,-0.00958554112625892,-0.00965835864505115,-0.0097304446301289,-0.00980177187069176,-0.0098723132317296,-0.00994204167295074,-0.0100109302678383,-0.010078952222816,-0.010146080896504,-0.010212289819045,-0.0102775527114797,-0.0103418435051514,-0.0104051363611171,-0.0104674056895442,-0.0105286261690713,-0.0105887727661098,-0.010647820754066,-0.0107057457324587,-0.0107625236459109,-0.0108181308029912,-0.0108725438948817,-0.0109257400138499,-0.0109776966715001,-0.0110283918167823,-0.0110778038537331,-0.0111259116589258,-0.0111726945986052,-0.0112181325454832,-0.0112622058951738,-0.0113048955822415,-0.0113461830958409,-0.0113860504949236,-0.0114244804229895,-0.0114614561223597,-0.0114969614479504,-0.0115309808805228,-0.0115634995393906,-0.0115945031945614,-0.0116239782782911,-0.0116519118960304,-0.0116782918367432,-0.0117031065825782,-0.0117263453178736,-0.011747997937478,-0.0117680550543675,-0.0117865080065441,-0.0118033488631959,-0.011818570430103,-0.0118321662542752,-0.0118441306278045,-0.0118544585909211,-0.0118631459342395,-0.0118701892001823,-0.0118755856835719,-0.0118793334313786,-0.0118814312416186,-0.0118818786613901,-0.0118806759840423,-0.0118778242454709,-0.0118733252195364,-0.011867181412599,-0.0118593960571686,-0.0118499731046667,-0.0118389172173014,-0.0118262337590546,-0.0118119287857838,-0.011796009034442,-0.0117784819114206,-0.01175935548002,-0.0117386384470559,-0.0117163401486092,-0.0116924705349273,-0.0116670401544903,-0.0116400601372529,-0.0116115421770779,-0.0115814985133731,-0.0115499419119512,-0.0115168856451276,-0.0114823434710766,-0.0114463296124667,-0.0114088587343947,-0.0113699459216447,-0.0113296066552938,-0.0112878567886907,-0.0112447125228342,-0.0112001903811786,-0.0111543071838966,-0.0111070800216305,-0.0110585262287622,-0.0110086633562356,-0.0109575091439651,-0.0109050814928651,-0.0108513984365364,-0.010796478112646,-0.0107403387340394,-0.0106829985596228,-0.0106244758650548,-0.0105647889132886,-0.010503955925004,-0.010441995048971,-0.0103789243323873,-0.0103147616912324,-0.0102495248806819,-0.0101832314656285,-0.0101158987913503,-0.0100475439543733,-0.00997818377357165,-0.00990783476155257,-0.00983651309636936,-0.009764234593608,-0.00969101467889254,-0.00961686836085378,-0.00954181020460657,-0.00946585430577996,-0.00938901426514459,-0.00931130316388054,-0.00923273353952882,-0.00915331736267027,-0.00907306601437418,-0.00899199026445894,-0.00891010025060557,-0.00882740545836344,-0.00874391470208698,-0.00865963610684137,-0.00857457709131506,-0.00848874435177508,-0.00840214384710005,-0.00831478078492421,-0.00822665960892495,-0.0081377839872853,-0.00804815680236121,-0.0079577801415827,-0.00786665528961564,-0.00777478272180943,-0.00768216209895347,-0.0075887922633638,-0.00749467123632004,-0.00739979621687088,-0.00730416358202471,-0.00720776888834013,-0.00711060687492903,-0.00701267146788338,-0.00691395578613526,-0.00681445214875664,-0.00671415208370346,-0.00661304633800692,-0.00651112488941328,-0.00640837695947127,-0.00630479102806396,-0.00620035484937994,-0.00609505546931686,-0.00598887924430688,-0.00588181186155177,-0.00577383836065375,-0.00566494315662658,-0.00555511006426877,-0.00544432232387861,-0.00533256262828864,-0.00521981315119578,-0.00510605557676078,-0.00499127113044791,-0.00487544061107378,-0.00475854442403261,-0.00464056261566381,-0.0045214749087255,-0.00440126073893527,-0.00427989929253768,-0.00415736954485642,-0.00403365029978756,-0.00390872023018779,-0.00378255791911003,-0.00365514190183712,-0.00352645070866256,-0.00339646290836606,-0.00326515715232995,-0.00313251221924112,-0.00299850706032164,-0.00286312084502994,-0.00272633300717306,-0.00258812329136959,-0.00244847179980164,-0.00230735903919321,-0.00216476596795105,-0.0020206740434036,-0.00187506526907273,-0.0017279222419119,-0.00157922819944421,-0.00142896706673284,-0.00127712350311619,-0.0011236829486396,-0.000968631670115187,-0.000811956806741063,-0.000653646415210976,-0.000493689514245694,-0.000332076128477234,-0.000168797331617209,-3.84528884079606e-06,0.000162786701681823,0.000331104168174305,0.000501111425630492,0.000672811537244894,0.000846206276963296,0.00102129609321864,0.0011980800739165,0.00137655591273339,0.00155671987679031,0.00173856677576267,0.00192208993248642,0.00210728115511921,0.00229413071091372,0.0024826273016588,0.00267275804084268,0.00286450843259071,0.00305786235242855,0.00325280202991971,0.00344930803322505,0.00364735925562927,0.00384693290407735,0.00404800448976246,0.00425054782080445,0.00445453499705593,0.00465993640707011,0.00486672072726251,0.00507485492329649,0.00528430425372041,0.0054950322758816,0.00570700085413862,0.00592017017039168,0.0061344987369487,0.00634994341174152,0.00656645941590429,0.0067840003537229,0.00700251823496212,0.0072219634995738,0.00744228504478693,0.0076634302545771,0.00788534503151088,0.00810797383095681,0.00833125969765237,0.00855514430461379,0.00877956799437172,0.00900446982251282,0.00922978760350436,0.00945545795877652,0.00968141636703439,0.00990759721676794,0.010133933860925,0.0103603586737102,0.0105868031094701,0.0108131977636216,0.0110394724355758,0.0112655561936106,0.0114913774416384,0.0117168639878162,0.0119419431149394,0.0121665416525605,0.0123905860507693,0.0126140024555691,0.012836716785781,0.0130586548114057,0.01327974223337,0.0134999047645797,0.0137190682122043,0.0139371585611102,0.0141541020583607,0.0143698252986962,0.0145842553109086,0.0147973196450191,0.0150089464601675,0.0152190646131182,0.0154276037472879,0.0156344943821958,0.0158396680032388,0.0160430571516928,0.0162445955148372,0.0164442180161003,0.0166418609051184,0.0168374618476033,0.017030960014911,0.0172222961732031,0.0174114127720912,0.0175982540326525,0.0177827660347072,0.0179648968032452,0.0181445963938911,0.0183218169772971,0.018496512922351,0.0186686408780846,0.0188381598541724,0.0190050312999055,0.0191692191815334,0.0193306900578607,0.0194894131539884,0.0196453604330924,0.019798506666127,0.0199488294993486,0.0200963095195516,0.0202409303169116,0.0203826785453304,0.0205215439801802,0.0206575195733486,0.0207906015054849,0.0209207892353544,0.0210480855462069,0.0211724965890646,0.0212940319228413,0.0214127045512096,0.0215285309561298,0.0216415311279608,0.0217517285920763,0.02185915043191,0.0219638273083631,0.022065793475509,0.0221650867925276,0.022261748731811,0.022355824383185,0.0224473624541961,0.0225364152664156,0.0226230387477161,0.0227072924204866,0.0227892393857489,0.0228689463031465,0.022946483366781,0.023021924276876,0.0230953462072537,0.0231668297686139,0.0232364589676126,0.0233043211617366,0.0233705070099773,0.0234351104193144,0.0234982284870214,0.0235599614388152,0.0236204125628733,0.0236796881397513,0.0237378973682349,0.0237951522871688,0.0238515676933065,0.023907261055237,0.0239623524234392,0.0240169643365285,0.0240712217237595,0.0241252518038568,0.0241791839802504,0.0242331497327993,0.0242872825060856,0.0243417175943723,0.0243965920233203,0.0244520444285676,0.0245082149312749,0.024565245010746,0.0246232773742379,0.0246824558240749,0.0247429251221905,0.0248048308522194,0.02486831927927,0.0249335372075123,0.0250006318357176,0.0250697506108902,0.0251410410801308,0.0252146507408774,0.025290726889673,0.0253694164696124,0.025450865916618,0.0255352210047024,0.0256226266903751,0.0257132269563551,0.0258071646547498,0.0259045813498632,0.0260056171607963,0.0261104106040063,0.0262190984359907,0.0263318154962628,0.0264486945507855,0.0265698661360296,0.0266954584038266,0.0268255969671829,0.0269604047472253,0.0271000018214427,0.0272445052733897,0.0273940290440193,0.0275486837848058,0.0277085767128234,0.0278738114679406,0.0280444879722931,0.02822070229219,0.0284025465026111,0.0285901085544478,0.0287834721446374,0.0289827165893409,0.029187916700311,0.0293991426645945,0.0296164599277108,0.0298399290804371,0.0300696057493362,0.0303055404911551,0.0305477786912207,0.0307963604659533,0.0310513205696154,0.0313126883054108,0.0315804874410428,0.0318547361288368,0.0321354468305274,0.0324226262468114,0.0327162752517547,0.0330163888321425,0.0333229560318529,0.0336359599013301,0.0339553774522299,0.0342811796173065,0.0346133312156007,0.0349517909229886,0.0352965112481407,0.0356474385139373,0.036004512844383,0.0363676681570572,0.0367368321611297,0.0371119263609681,0.0374928660653533,0.0378795604023152,0.0382719123395991,0.0386698187107652,0.039073170246918,0.039481851614056,0.039895741456033,0.0403147124431103,0.0407386313260788,0.0411673589959188,0.0416007505489641,0.0420386553575301,0.0424809171459638,0.0429273740720644,0.0433778588138174,0.0438321986613827,0.0442902156142731,0.0447517264836534,0.0452165429996884,0.0456844719238586,0.0461553151661583,0.0466288699070904,0.0471049287243644,0.0475832797242047,0.0480637066771705,0.048545989158377,0.0490299026920082,0.0495152189000083,0.0500017056548359,0.0504891272361598,0.0509772444913707,0.0514658149997851,0.0519545932404067,0.0524433307631169,0.0529317763631554,0.0534196762587521,0.0539067742717636,0.054392812011169,0.0548775290592756,0.0553606631604829,0.055841950412454,0.0563211254595385,0.0567979216882964,0.0572720714249631,0.0577433061346903,0.0582113566224018,0.0586759532351114,0.0591368260655385,0.0595937051568551,0.0600463207083921,0.0604944032821426,0.0609376840098908,0.0613758948008005,0.061808768549298,0.0622360393430718,0.0626574426710205,0.0630727156309816,0.0634815971370784,0.0638838281265078,0.0642791517655967,0.0646673136549576,0.0650480620335816,0.0654211479817032,0.0657863256222684,0.0661433523208361,0.0664919888837514,0.0668319997544299,0.0671631532075904,0.0674852215412757,0.0677979812665128,0.0681012132944503,0.0683947031208238,0.0686782410076064,0.0689516221616874,0.0692146469104307,0.0694671208739621,0.0697088551340442,0.0699396663993922,0.070159377167295,0.0703678158814048,0.0705648170855613,0.070750221573517,0.0709238765344366,0.0710856356940458,0.0712353594513127,0.0713729150105419,0.0714981765087644,0.071611025138313,0.0717113492644731,0.0717990445381023,0.0718740140031228,0.0719361681987848,0.0719854252566074,0.0720217109919049,0.0720449589898107,0.0720551106857166,0.0720521154400516,0.0720359306073158,0.0720065215993026,0.0719638619424422,0.071907933329204,0.0718387256634942,0.0717562370999992,0.0716604740774305,0.0715514513456175,0.0714291919864085,0.0712937274283383,0.0711450974550334,0.0709833502073225,0.0708085421790315,0.0706207382064395,0.0704200114513764,0.0702064433779539,0.06998012372293,0.0697411504597087,0.0694896297559833,0.0692256759250243,0.0689494113706172,0.0686609665256665,0.0683604797844946,0.0680480974288634,0.0677239735477502,0.0673882699509158,0.0670411560763053,0.0666828088913333,0.0663134127881069,0.0659331594726394,0.0655422478481224,0.0651408838923185,0.0647292805291382,0.0643076574944809,0.0638762411964206,0.0634352645698221,0.0629849669254768,0.0625255937938547,0.0620573967635744,0.0615806333147007,0.0610955666469743,0.0606024655030901,0.0601016039871429,0.0595932613783624,0.0590777219402627,0.0585552747253329,0.0580262133754054,0.0574908359178445,0.056949444557699,0.0564023454659662,0.0558498485641186,0.0552922673050516,0.0547299184506103,0.0541631218458615,0.0535922001902748,0.053017478805989,0.0524392854033389,0.0518579498438163,0.0512738039006472,0.0506871810171647,0.050098416063167,0.0495078450894514,0.0489158050807175,0.0483226337070314,0.0477286690740535,0.047134249472232,0.0465397131251624,0.0459453979373147,0.0453516412413319,0.0447587795451051,0.0441671482788337,0.0435770815422827,0.042988911852448,0.0424029698918445,0.0418195842576256,0.0412390812117488,0.0406617844323991,0.0400880147668847,0.0395180899862158,0.0389523245415817,0.0383910293229407,0.0378345114199312,0.0372830738853201,0.0367370155011943,0.036196630548105,0.0356622085773748,0.0351340341867754,0.0346123867997752,0.0340975404485601,0.0335897635610259,0.0330893187519431,0.0325964626184805,0.0321114455402816,0.0316345114842816,0.0311658978144525,0.0307058351066564,0.0302545469687858,0.0298122498663646,0.0293791529537793,0.0289554579113081,0.0285413587881074,0.0281370418513166,0.0277426854414324,0.027358459834098,0.0269845271084462,0.0266210410221324,0.0262681468931869,0.0259259814888143,0.0255946729212573,0.0252743405508354,0.0249650948962687,0.0246670375523882,0.0243802611153257,0.0241048491152706,0.0238408759568745,0.0235884068673759,0.0233474978525139,0.0231181956602906,0.0229005377526403,0.0226945522850478,0.0225002580941567,0.0223176646933976,0.0221467722766618,0.0219875717300349,0.0218400446516031,0.0217041633793321,0.0215798910270135,0.0214671815282655,0.0213659796885692,0.0212762212453138,0.0211978329358127,0.0211307325732454,0.0210748291304725,0.0210300228316687,0.0209962052517059,0.0209732594232139,0.0209610599512341,0.020959473135379,0.020968357099398,0.0209875619280499,0.0210169298111678,0.0210562951947997,0.0211054849392979,0.0211643184842236,0.0212326080199278,0.0213101586656641,0.0213967686540796,0.0214922295219247,0.0215963263068156,0.0217088377498756,0.0218295365040775,0.021958189348104,0.0220945574055342,0.0222383963691622,0.0223894567302461,0.0225474840124787,0.0227122190104663,0.0228833980324991,0.0230607531473917,0.0232440124351672,0.0234329002413563,0.0236271374346742,0.0238264416678383,0.0240305276412831,0.0242391073695297,0.0244518904499566,0.0246685843337205,0.024888894598571,0.0251125252233041,0.0253391788635971,0.0255685571289638,0.0258003608605653,0.0260342904096116,0.0262700459160885,0.0265073275875443,0.0267458359776705,0.0269852722644087,0.0272253385273174,0.0274657380239291,0.0277061754648302,0.027946357287197,0.0281859919265202,0.0284247900862559,0.0286624650051405,0.0288987327219109,0.0291333123371681,0.0293659262721252,0.0295963005239836,0.0298241649176881,0.0300492533538133,0.0302713040523373,0.030490059792062,0.0307052681454429,0.0309166817085959,0.031124058326248,0.0313271613114039,0.0315257596595095,0.0317196282568966,0.0319085480833034,0.0320923064082687,0.0322706969812027,0.0324435202149378,0.0326105833625723,0.0327717006874247,0.0329266936259276,0.033075390943292,0.033217628881782,0.0333532513014498,0.0334821098131859,0.0336040639039476,0.0337189810540337,0.0338267368462831,0.0339272150670848,0.0340203077990929,0.0341059155055458,0.0341839471061027,0.0342543200441139,0.0343169603452495,0.0343718026674219,0.0344187903419469,0.0344578754058976,0.0344890186256119,0.0345121895113268,0.0345273663229229,0.0345345360667679,0.0345336944836523,0.0345248460278268,0.0345080038371583,0.0344831896944335,0.0344504339798477,0.0344097756147177,0.0343612619964725,0.0343049489249843,0.0342409005203175,0.0341691891319722,0.0340898952397141,0.0340031073460884,0.0339089218607259,0.0338074429765577,0.0336987825380635,0.0335830599016881,0.0334604017885661,0.0333309421297052,0.0331948219037894,0.0330521889677681,0.0329031978804048,0.0327480097189696,0.0325867918892637,0.0324197179291744,0.0322469673059622,0.0320687252074965,0.0318851823276536,0.031696534646103,0.031502983202712,0.0313047338668076,0.0311019971015409,0.0308949877236013,0.0306839246585282,0.0304690306918846,0.0302505322165573,0.0300286589764487,0.0298036438068352,0.0295757223716654,0.0293451328980811,0.0291121159084416,0.02887691395014,0.0286397713234965,0.0284009338080221,0.0281606483873451,0.0279191629730941,0.0276767261280325,0.0274335867887449,0.0271899939881707,0.0269461965782877,0.0267024429532408,0.0264589807732135,0.0262160566893389,0.0259739160699477,0.025732802728448,0.0254929586531257,0.0252546237391611,0.0250180355231466,0.0247834289203959,0.024551035965326,0.0243210855551909,0.0240938031974429,0.0238694107609937,0.0236481262316456,0.023430163471953,0.0232157319857746,0.0230050366877667,0.0227982776780654,0.0225956500224,0.0223973435378707,0.02220354258462,0.0220144258636221,0.0218301662208046,0.0216509304577112,0.0214768791489039,0.0213081664663032,0.0211449400106474,0.0209873406502489,0.0208355023672168,0.0206895521113075,0.0205496096615562,0.0204157874958306,0.0202881906684441,0.0201669166959496,0.0200520554512309,0.0199436890659979,0.0198418918417845,0.0197467301695375,0.0196582624578737,0.0195765390700743,0.0195016022698739,0.0194334861760962,0.0193722167261723,0.0193178116485723,0.0192702804441675,0.0192296243765342,0.0191958364711952,0.0191689015237917,0.0191487961171652,0.0191354886473186,0.0191289393582173,0.0191291003853807,0.0191359158082039,0.0191493217109394,0.019169246252261,0.0191956097433263,0.0192283247342398,0.0192672961088132,0.0193124211875083,0.0193635898384382,0.0194206845962973,0.0194835807890794,0.0195521466724348,0.0196262435715119,0.0197057260301188,0.019790441967034,0.0198802328392889,0.0199749338122339,0.0200743739361982,0.0201783763295415,0.0202867583678948,0.020399331879379,0.020515903345583,0.0206362741080757,0.0207602405802243,0.0208875944640847,0.0210181229721265,0.0211516090535483,0.0212878316249349,0.0214265658050035,0.0215675831531844,0.0217106519117787,0.0218555372514279,0.0220020015196305,0.0221498044920375,0.0222987036262564,0.0224484543178909,0.0225988101585411,0.0227495231954865,0.0229003441927808,0.0230510228934786,0.0232013082827186,0.0233509488513814,0.0234996928600455,0.0236472886029605,0.0237934846717646,0.0239380302186663,0.0240806752188179,0.024221170731606,0.0243592691605883,0.0244947245118059,0.0246272926502026,0.0247567315538855,0.0248828015659619,0.0250052656436988,0.0251238896047468,0.0252384423701786,0.0253486962040946,0.0254544269495555,0.0255554142605996,0.0256514418301106,0.0257422976133045,0.0258277740466091,0.0259076682617211,0.0259817822946262,0.0260499232893758,0.0261119036964174,0.0261675414652862,0.0262166602314655,0.0262590894972355,0.026294664806338,0.0263232279122861,0.0263446269401567,0.0263587165417112,0.0263653580436993,0.0263644195892046,0.0263557762719011,0.0263393102630953,0.0263149109314379,0.0262824749551933,0.0262419064269697,0.0261931169508145,0.0261360257315932,0.0260705596565752,0.0259966533691621,0.0259142493346995,0.0258232978983192,0.0257237573347707,0.0256155938902037,0.0254987818158797,0.0253733033937942,0.0252391489542015,0.0250963168850396,0.0249448136332636,0.0247846536981057,0.0246158596162801,0.0244384619391688,0.0242524992020242,0.0240580178852409,0.0238550723677513,0.0236437248726067,0.0234240454048153,0.0231961116815151,0.0229600090545681,0.0227158304256694,0.0224636761540721,0.0222036539570319,0.0219358788030885,0.0216604727983015,0.0213775650655705,0.0210872916171704,0.0207897952206423,0.020485225258186,0.0201737375797039,0.0198554943496533,0.0195306638878676,0.0191994205045145,0.0188619443293632,0.0185184211355364,0.0181690421579262,0.017814003906459,0.017453507974399,0.017087760841884,0.0167169736748909,0.0163413621198304,0.0159611460939748,0.0155765495719235,0.0151878003683162,0.0147951299170033,0.0143987730468895,0.0139989677546686,0.0135959549746663,0.013189978346012,0.0127812839773573,0.0123701202093649,0.0119567373751903,0.0115413875591817,0.0111243243540217,0.0107058026165361,0.0102860782223965,0.00986540781994263,0.00944404858335009,0.00902225796536719,0.00860029344984488,0.00817841230428402,0.00775687133262293,0.00733592662848659,0.00691583332911842,0.0064968453702134,0.00607921524187097,0.00566319374588335,0.00524902975457264,0.00483696997138922,0.00442725869348119,0.00402013757644303,0.00361584540144776,0.00321461784496482,0.00281668725126316,0.0024222824078962,0.00203162832436208,0.00164494601412952,0.00126245228021641,0.000884359504505172,0.000510875440974946,0.000142203013027428,-0.000221459884920803,-0.000579920581410229,-0.000932991817309326,-0.0012804919304233,-0.00162224503518347,-0.00195808119726435,-0.00228783660297985,-0.00261135372331403,-0.00292848147244671,-0.0032390753606386,-0.00354299764134529,-0.00384011745243397,-0.00413031095138168,-0.00441346144433865,-0.00468945950894508,-0.00495820311079434,-0.00521959771344048,-0.00547355638185352,-0.00571999987923051,-0.00595885675707621,-0.00619006343847197,-0.00641356429445716,-0.00662931171345204,-0.00683726616365652,-0.00703739624836437,-0.00722967875413833,-0.00741409869179734,-0.00759064933017214,-0.00775933222259078,-0.00792015722606174,-0.0080731425131267,-0.00821831457636106,-0.00835570822550612,-0.00848536657722252,-0.00860734103745985,-0.00872169127644318,-0.00882848519628316,-0.00892779889122147,-0.0090197166005302,-0.00910433065408885,-0.00918174141066724,-0.00925205718894954,-0.00931539419133955,-0.00937187642059326,-0.00942163558933022,-0.00946481102248058,-0.00950154955273027,-0.00953200540903309,-0.00955634009826441,-0.00957472228009558,-0.00958732763517299,-0.00959433872669244,-0.00959594485546352,-0.00959234190856488,-0.00958373220169748,-0.00957032431534752,-0.00955233292487642,-0.00952997862465942,-0.00950348774639913,-0.00947309217174546,-0.00943902913936018,-0.00940154104656853,-0.00936087524574524,-0.00931728383558605,-0.00927102344742037,-0.00922235502672535,-0.00917154361000662,-0.00911885809721559,-0.00906457101987667,-0.00900895830510277,-0.00895229903568026,-0.00889487520640914,-0.00883697147688771,-0.00877887492093564,-0.00872087477285262,-0.00866326217071263,-0.0086063298968977,-0.0085503721160778,-0.00849568411084664,-0.00844256201522635,-0.00839130254625694,-0.00834220273388805,-0.00829555964939298,-0.00825167013252785,-0.00821083051766103,-0.00817333635909958,-0.00813948215584119,-0.00810956107598188,-0.00808386468101094,-0.00806268265022617,-0.00804630250550362,-0.00803500933665774,-0.00802908552762745,-0.00802881048372428,-0.00803446036017953,-0.00804630779222723,-0.00806462162695941,-0.00808966665719061,-0.00812170335756803,-0.00816098762316276,-0.00820777051077641,-0.00826229798319717,-0.0083248106566378,-0.00839554355158578,-0.00847472584729594,-0.00856258064015363,-0.00865932470613397,-0.00876516826758128,-0.00888031476452991,-0.00900496063078489,-0.00913929507497795,-0.00928349986681154,-0.00943774912869937,-0.0096022091330088,-0.00977703810510627,-0.00996238603240412,-0.010158394479603,-0.0103651964103202,-0.0105829160152882,-0.0108116685473052,-0.0110515601631119,-0.0113026877723664,-0.0115651388938832,-0.011838991519294,-0.0121243139842868,-0.0124211648475705,-0.0127295927777078,-0.0130496364479536,-0.0133813244392283,-0.0137246751513498,-0.0140796967226417,-0.0144463869580268,-0.0148247332657103,-0.0152147126025492,-0.0156162914281964,-0.0160294256681034,-0.0164540606854534,-0.0168901312620942,-0.0173375615885292,-0.017796265263018,-0.0182661452998297,-0.0187470941466851,-0.0192389937114157,-0.0197417153978599,-0.0202551201510076,-0.0207790585113962,-0.0213133706787542,-0.0218578865848777,-0.0224124259757179,-0.0229767985026491,-0.0235508038228768,-0.0241342317089403,-0.0247268621672566,-0.0253284655656416,-0.0259388027697374,-0.0265576252882653,-0.0271846754270105,-0.0278196864514437,-0.0284623827578691,-0.0291124800529887,-0.0297696855417566,-0.030433698123399,-0.0311042085954572,-0.0317808998657094,-0.0324634471718168,-0.0331515183085304,-0.0338447738622898,-0.0345428674530308,-0.0352454459830192,-0.0359521498925168,-0.0366626134220816,-0.0373764648812946,-0.0380933269237004,-0.0388128168277427,-0.0395345467834677,-0.0402581241847649,-0.0409831519269037,-0.041709228709119,-0.0424359493419961,-0.043162905059393,-0.0438896838346433,-0.0446158707007711,-0.0453410480744477,-0.0460647960834157,-0.0467866928970969,-0.0475063150600943,-0.0482232378283019,-0.0489370355073272,-0.0496472817929302,-0.0503535501131809,-0.0510554139720312,-0.0517524472939959,-0.0524442247696308,-0.0531303222014971,-0.0538103168502993,-0.054483787780886,-0.0551503162078026,-0.0558094858400755,-0.0564608832249122,-0.0571040980900038,-0.0577387236841105,-0.0583643571156111,-0.0589805996887058,-0.0595870572369595,-0.0601833404538699,-0.060769065220147,-0.0613438529273964,-0.061907330797899,-0.0624591322001759,-0.0629988969600387,-0.0635262716668274,-0.064040909974541,-0.0645424728975681,-0.0650306291007313,-0.0655050551833612,-0.0659654359571243,-0.0664114647173229,-0.0668428435073944,-0.0672592833763528,-0.06766050462892,-0.0680462370680998,-0.0684162202299494,-0.0687702036103124,-0.0691079468832807,-0.0694292201111586,-0.0697338039457151,-0.0700214898205174,-0.0702920801341512,-0.0705453884241391,-0.0707812395313784,-0.0709994697549251,-0.0711999269969571,-0.0713824708977601,-0.0715469729605989,-0.0716933166663379,-0.0718213975776781,-0.0719311234328994,-0.0720224142290027,-0.0720952022941667,-0.0721494323494292,-0.0721850615595213,-0.0722020595727983,-0.0722004085502137,-0.072180103183304,-0.0721411507011519,-0.0720835708663111,-0.072007395959687,-0.0719126707543844,-0.0717994524785317,-0.0716678107671084,-0.0715178276028159,-0.0713495972460374,-0.071163226153949,-0.0709588328888574,-0.0707365480158544,-0.0704965139898862,-0.0702388850323489,-0.0699638269973211,-0.0696715172275576,-0.0693621444003819,-0.0690359083636301,-0.0686930199618124,-0.068333700852658,-0.067958183314227,-0.0675667100427809,-0.0671595339416112,-0.0667369179010351,-0.0662991345697748,-0.0658464661179496,-0.0653792039919205,-0.0648976486612341,-0.0644021093579155,-0.0638929038083693,-0.0633703579581601,-0.0628348056899537,-0.0622865885349058,-0.0617260553777889,-0.0611535621561571,-0.0605694715538497,-0.0599741526891436,-0.05936798079787,-0.0587513369118095,-0.0581246075326885,-0.0574881843021091,-0.0568424636677495,-0.0561878465461681,-0.0555247379825513,-0.0548535468077442,-0.0541746852929121,-0.0534885688021747,-0.0527956154435599,-0.0520962457186269,-0.0513908821711075,-0.0506799490349163,-0.0499638718818793,-0.0492430772695302,-0.0485179923893257,-0.0477890447156251,-0.0470566616557763,-0.0463212702016571,-0.0455832965830092,-0.0448431659229069,-0.0441013018956932,-0.0433581263877167,-0.0426140591611966,-0.0418695175215401,-0.0411249159884293,-0.0403806659709936,-0.0396371754473725,-0.0388948486489701,-0.0381540857496972,-0.0374152825604947,-0.0366788302294153,-0.0359451149475377,-0.0352145176609832,-0.0344874137892967,-0.0337641729504451,-0.0330451586926796,-0.0323307282334977,-0.0316212322059312,-0.030917014412383,-0.0302184115862215,-0.0295257531613288,-0.028839361049793,-0.0281595494279237,-0.0274866245307628,-0.0268208844552528,-0.0261626189722079,-0.0255121093472301,-0.0248696281706958,-0.024235439196932,-0.0236097971926903,-0.0229929477950151,-0.0223851273785938,-0.0217865629326631,-0.0211974719475373,-0.0206180623108103,-0.020048532213274,-0.0194890700645869,-0.0189398544187165,-0.0184010539091627,-0.0178728271939645,-0.0173553229104761,-0.0168486796398928,-0.0163530258814929,-0.015868480036555,-0.0153951504018963,-0.0149331351729668,-0.014482522456428,-0.0140433902921321,-0.0136158066844098,-0.0131998296425646,-0.0127955072304615,-0.012402877625091,-0.0120219691839778,-0.0116528005212955,-0.0112953805925415,-0.010949708787618,-0.0106157750321532,-0.0102935598968957,-0.00998303471500192,-0.00968416170703395,-0.00939689411347347,-0.0091211763345538,-0.00885694407720519,-0.0086041245089028,-0.00836263641820023,-0.0081323903817267,-0.00791328893741999,-0.00770522676376282,-0.00750809086478611,-0.00732176076059764,-0.00714610868319164,-0.00698099977729038,-0.00682629230596585,-0.00668183786078645,-0.00654748157623153,-0.00642306234811343,-0.00630841305574516,-0.00620336078759066,-0.00610772707013294,-0.00602132809969414,-0.00594397497694131,-0.00587547394381117,-0.00581562662258687,-0.00576423025685964,-0.0057210779541094,-0.00568595892963877,-0.00565865875159639,-0.00563895958682667,-0.0056266404472851,-0.00562147743675935,-0.00562324399763982,-0.00563171115748501,-0.00564664777512986,-0.00566782078608878,-0.00569499544700799,-0.00572793557892565,-0.00576640380910162,-0.00581016181118316,-0.00585897054347679,-0.0059125904851014,-0.00597078186980222,-0.00603330491721004,-0.00609992006133488,-0.00617038817608867,-0.00624447079763688,-0.00632193034338467,-0.00640253032740881,-0.00648603557215247,-0.00657221241620599,-0.00666082891800292,-0.00675165505526701,-0.00684446292005185,-0.00693902690922138,-0.00703512391022607,-0.00713253348203659,-0.00723103803110294,-0.00733042298221461,-0.00743047694414404,-0.0075309918699628,-0.0076317632119257,-0.00773259007082521,-0.00783327533972642,-0.00793362584199965,-0.00803345246357494,-0.00813257027934934,-0.00823079867368488,-0.0083279614549431,-0.00842388696400854,-0.00851840817676017,-0.00861136280045667,-0.00870259336400955,-0.00879194730212447,-0.00887927703329771,-0.00896444003166078,-0.00904729889267363,-0.00912772139267405,-0.00920558054229607,-0.00928075463377723,-0.00935312728218209,-0.00942258746057491,-0.00948902952917982,-0.00955235325857332,-0.00961246384696012,-0.00966927193158927,-0.00972269359437247,-0.00977265036177156,-0.00981906919902902,-0.0098618824988205,-0.00990102806441246,-0.00993644908741331,-0.00996809412021056,-0.00999591704319215,-0.010019877026854,-0.0100399384888991,-0.0100560710464391,-0.0100682494634135,-0.0100764535933442,-0.010080668317548,-0.0100808834789321,-0.0100770938115016,-0.0100692988657115,-0.0100575029297957,-0.0100417149472113,-0.0100219484303374,-0.00999822137057026,-0.00997055614495925,-0.00993897941953019,-0.00990352204944204,-0.00986421897612744,-0.00982110912156868,-0.00977423527986113,-0.00972364400621658,-0.0096693855035606,-0.00961151350687861,-0.00955008516546632,-0.00948516092324028,-0.0094168043972652,-0.0093450822546537,-0.00927006408799458,-0.00919182228946488,-0.00911043192377998,-0.00902597060013685,-0.00893851834330342,-0.00884815746400708,-0.00875497242877426,-0.00865904972937195,-0.00856047775199962,-0.00845934664637905,-0.00835574819488781,-0.00824977568188,-0.00814152376333623,-0.00803108833698248,-0.00791856641301577,-0.00780405598557177,-0.00768765590506732,-0.00756946575154818,-0.00744958570916959,-0.00732811644193441,-0.00720515897081038,-0.00708081455234547,-0.00695518455889676,-0.00682837036058519,-0.00670047320908461,-0.00657159412335087,-0.00644183377739439,-0.00631129239019493,-0.0061800696178538,-0.00604826444807443,-0.00591597509705947,-0.00578329890890887,-0.00565033225759914,-0.00551717045161956,-0.00538390764133706,-0.00525063672915813,-0.00511744928255236,-0.00498443544999751,-0.00485168387990248,-0.00471928164255964,-0.00458731415517466,-0.00445586511001756,-0.00432501640573432,-0.00419484808185454,-0.00406543825652643,-0.00393686306750622,-0.00380919661642476,-0.00368251091635012,-0.00355687584266065,-0.00343235908723897,-0.00330902611599338,-0.00318694012970896,-0.00306616202822708,-0.00294675037794782,-0.002828761382646,-0.00271224885758791,-0.00259726420693146,-0.00248385640438922,-0.00237207197713021,-0.00226195499289232,-0.0021535470502743,-0.00204688727217216,-0.00194201230232181,-0.00183895630490659,-0.0017377509671847,-0.00163842550508903,-0.00154100667174842,-0.00144551876887698,-0.00135198366097459,-0.00126042079227965,-0.00117084720641213,-0.0010832775686428,-0.000997724190721871,-0.000914197058198264,-0.000832703860158104,-0.000753250021309448,-0.000675838736338092,-0.000600471006457501,-0.000527145678074163,-0.00045585948348812,-0.000386607083546863,-0.000319381112169491,-0.000254172222656833,-0.000190969135702085,-0.000129758689015502,-7.05258884758595e-05,-1.32539607205774e-05,4.20755929142091e-05,9.54829411928565e-05,0.00014698986660833,0.000196619707929131,0.000244397301755097,0.000290348923172205,0.000334502225596395,0.000376886179896312,0.000417531012884486,0.000456468145266093,0.000493730129133931,0.000529350585097627,0.000563364139134381,0.000595806359247666,0.000626713692019298,0.000656123399139341,0.000684073493997206,0.000710602678416046,0.000735750279611175,0.000759556187451848,0.000782060792104231,0.00080330492213185,0.000823329783128099,0.000842176896953647,0.000859888041649736,0.000876505192096457,0.00089207046148314,0.000906626043656062,0.000920214156406579,0.000932876985760518,0.000944656631327393,0.000955595052765954,0.00096573401742019,0.000975115049177425,0.000983779378597846,0.000991767894362412,0.000999121096083646,0.00100587904852118,0.00101208133724144,0.00101776702575825,0.0010229746141886,0.00102774199945529,0.00103210643706539,0.00103610450449118,0.00103977206617721,0.00104314424019492,0.00104625536656324,0.0010491389772513,0.0010518277678768,0.00105435357111084,0.00105674733179761,0.00105903908379461,0.00106125792853675,0.00106343201532506,0.00106558852333848,0.00106775364536461,0.00106995257324322,0.00107220948501372,0.00107454753375561,0.00107698883810865,0.00107955447445733,0.00108226447076224,0.0010851378020185,0.00108819238731964,0.0010914450885033,0.00109491171035325,0.00109860700233016,0.00110254466180205,0.00110673733874342,0.00111119664187049,0.00111593314617842,0.00112095640184483,0.00112627494446254,0.0011318963065631,0.00113782703039117,0.0011440726818889,0.0011506378658481,0.00115752624218695,0.00116474054330695,0.00117228259248498,0.00118015332325445,0.00118835279972895,0.00119688023782097,0.00120573402730772,0.00121491175469548,0.0012244102268337,0.00123422549522948,0.00124435288101295,0.00125478700050366,0.00126552179132806,0.00127655053903816,0.0012878659041814,0.00129945994977204,0.00131132416911459,0.00132344951392997,0.00133582642273583,0.00134844484943226,0.00136129429204511,0.00137436382157945,0.00138764211093628,0.00140111746384634,0.00141477784377565,0.00142861090275809,0.0014426040101115,0.00145674428099438,0.00147101860476161,0.0014854136730783,0.00149991600775217,0.00151451198824587,0.00152918787883201,0.00154392985535468,0.00155872403156281,0.00157355648498169,0.00158841328229061,0.00160328050417569,0.00161814426962836,0.00163299075966155,0.00164780624041706,0.00166257708563898,0.00167728979848952,0.00169193103268518,0.00170648761293259,0.0017209465546448,0.00173529508292063,0.00174952065077096,0.00176361095657752,0.00177755396077102,0.00179133790171732,0.0018049513108015,0.00181838302670161,0.00183162220884514,0.00184465835004267,0.00185748128829474,0.00187008121776936,0.00188244869894918,0.00189457466794857,0.00190645044500247,0.00191806774213004,0.00192941866997749,0.00194049574384602,0.00195129188891154,0.00196180044464411,0.00197201516843656,0.00198193023845292,0.00199154025570801,0.00200084024539111,0.00200982565744708,0.00201849236642975,0.00202683667064306,0.00203485529058656,0.00204254536672284,0.00204990445658514,0.00205693053124379,0.00206362197115117,0.00206997756138536,0.00207599648631364,0.00208167832369743,0.00208702303826071,0.00209203097474436,0.00209670285046936,0.00210103974743249,0.002105043103958,0.00210871470592937,0.00211205667762517,0.00211507147218369,0.00211776186172053,0.00212013092712398,0.00212218204755262,0.00212391888966027,0.00212534539657261,0.00212646577664048,0.00212728449199417,0.00212780624692312,0.00212803597610517,0.00212797883270929,0.0021276401763955,0.00212702556123493,0.00212614072357339,0.0021249915698609,0.00212358416446934,0.00212192471752018,0.00212001957274357,0.00211787519538973,0.00211549816021294,0.00211289513954812,0.00211007289149911,0.00210703824825725,0.00210379810456818,0.00210035940636409,0.00209672913957809,0.00209291431915678,0.00208892197828647,0.00208475915784765,0.00208043289611166,0.00207595021869278,0.00207131812876809,0.00206654359757691,0.00206163355521063,0.00205659488170315,0.00205143439843175,0.00204615885983682,0.00204077494546815,0.00203528925236498,0.00202970828777621,0.00202403846222664,0.00201828608293389,0.00201245734758036,0.00200655833844349,0.00200059501688716,0.00199457321821606,0.00198849864689406,0.00198237687212705,0.00197621332381008,0.00197001328883756,0.00196378190777523,0.00195752417189145,0.00195124492054497,0.00194494883892599,0.00193864045614608,0.00193232414367237,0.00192600411410075,0.0019196844202621,0.00191336895465549,0.001907061449201,0.00190076547530495,0.0018944844442296,0.0018882216077593,0.0018819800591539,0.00187576273438052,0.00186957241361442,0.00186341172299899,0.00185728313665479,0.00185118897892726,0.00184513142686226,0.00183911251289835,0.00183313412776467,0.00182719802357307,0.0018213058170929,0.00181545899319654,0.001809658908464,0.00180390679493446,0.00179820376399272,0.00179255081037834,0.00178694881630555,0.0017813985556817,0.00177590069841247,0.00177045581478166,0.00176506437989335,0.00175972677816482,0.00175444330785804,0.00174921418563857,0.00174403955115047,0.00173891947159591,0.00173385394630857,0.0017288429113097,0.00172388624383656,0.00171898376683263,0.00171413525338985,0.00170934043113328,0.00170459898653863,0.0016999105691737,0.00169527479585484,0.00169069125471026,0.00168615950914219,0.00168167910168028,0.00167724955771916,0.00167287038913318,0.00166854109776213,0.00166426117876222,0.00166003012381688,0.0016558474242024,0.00165171257370368,0.00164762507137598,0.00164358442414892,0.00163959014926976,0.0016356417765833,0.00163173885064629,0.00162788093267476,0.00162406760232288,0.00162029845929278,0.00161657312477497,0.00161289124271942,0.00160925248093792,0.00160565653203884,0.00160210311419559,0.00159859197175089,0.00159512287565892,0.00159169562376821,0.00158831004094843,0.00158496597906481,0.00158166331680384,0.00157840195935481,0.00157518183795163,0.00157200290928008,0.00156886515475576,0.00156576857967816,0.00156271321226686,0.00155969910258591,0.0015567263213628,0.00155379495870856,0.00155090512274597,0.00154805693815282,0.00154525054462731,0.00154248609528295,0.00153976375498021,0.00153708369860281,0.00153444610928606,0.00153185117660516,0.00152929909473097,0.00152679006056098,0.00152432427183326,0.00152190192523101,0.00151952321448526,0.00151718832848339,0.00151489744939072,0.00151265075079239,0.00151044839586288,0.00150829053556995,0.00150617730692007,0.0015041088312516,0.00150208521258233,0.00150010653601727,0.00149817286622255,0.00149628424597108,0.00149444069476506,0.0014926422075407,0.00149088875345935,0.00148918027478955,0.00148751668588394,0.00148589787225456,0.00148432368974989,0.00148279396383642,0.00148130848898698,0.00147986702817814,0.00147846931249785,0.00147711504086492,0.00147580387986096,0.00147453546367527,0.00147330939416267,0.0014721252410136,0.00147098254203573,0.00146988080354584,0.00146881950087035,0.00146779807895238,0.00146681595306286,0.00146587250961267,0.00146496710706271,0.00146409907692824,0.00146326772487359,0.00146247233189297,0.00146171215557295,0.00146098643143164,0.00146029437432938,0.00145963517994557,0.00145900802631574,0.00145841207542316,0.00145784647483876,0.0014573103594031,0.00145680285294392,0.00145632307002268,0.00145587011770345,0.00145544309733738,0.00145504110635601,0.0014546632400664,0.00145430859344155,0.00145397626289923,0.00145366534806246,0.00145337495349531,0.001453104190407,0.00145285217831831,0.00145261804668371,0.00145240093646365,0.00145220000164097,0.00145201441067586,0.00145184334789417,0.00145168601480398,0.00145154163133584,0.00145140943700224,0.00145128869197239,0.00145117867805891,0.00145107869961332,0.00145098808432759,0.00145090618393933,0.00145083237483896,0.00145076605857717,0.00145070666227212,0.00145065363891567,0.00145060646757878,0.00145056465351661,0.00145052772817461,0.00145049524909682,0.00145046679973869,0.0014504419891867,0.0014504204517879,0.00145040184669295,0.00145038585731659,0.00145037219071994,0.00145036057691966,0.001450350768129,0.00145034253793659,0.00145033568042882,0.00145033000926243,0.00145032535669402,0.00145032157257331,0.00145031852330734,0.00145031609080322,0.00145031417139671,0.00145031267477431,0.00145031152289652,0.0014503106489299,0.00145030999619544,0.00145030951714064,0.00145030917234236,0.00145030892954753,0.00145030876275815,0.00145030865136646,0.0014503085793458,0.00145030853450207,0.00145030850778983,0,7.99871020124819e-05,7.66686730000361e-05,7.32147493218392e-05,6.96269543186377e-05,6.59070878517194e-05,6.20571262504102e-05,5.80792220649974e-05,5.39757036277753e-05,4.97490744247216e-05,4.54020122808048e-05,4.09373683636846e-05,3.63581660119405e-05,3.16675993902032e-05,2.68690319766285e-05,2.19659948894856e-05,1.69621850598864e-05,1.18614632577292e-05,6.66785197774369e-06,1.38553319248627e-06,-3.98115401797905e-06,-9.42771595083616e-06,-1.49495068717705e-05,-2.05417317012506e-05,-2.61994487852912e-05,-3.19175727379988e-05,-3.7690877344506e-05,-4.35139985148665e-05,-4.93814372719559e-05,-5.528756275738e-05,-6.12266152423685e-05,-6.71927091276149e-05,-7.31798359159645e-05,-7.91818671427996e-05,-8.51925572438565e-05,-9.12055463411637e-05,-9.72143629275994e-05,-0.000103212426430511,-0.000109193049632961,-0.000115149440932164,-0.000121074706411518,-0.000126961851701489,-0.000132803783604068,-0.000138593311458539,-0.000144323148222526,-0.000149985911240862,-0.000155574122678019,-0.000161080209588764,-0.000166496503603866,-0.000171815240205427,-0.000177028557569466,-0.000182128494956805,-0.000187106990632811,-0.00019195587930242,-0.000196666889053409,-0.000201231637806484,-0.000205641629275898,-0.000209888248457087,-0.000213962756669222,-0.00021785628619643,-0.000221559834591073,-0.000225064258726031,-0.000228360268706672,-0.000231438421787803,-0.000234289116483623,-0.00023690258710226,-0.000239268898990886,-0.000241377944845206,-0.00024321944251143,-0.000244782934794012,-0.00024605779188552,-0.000247033217148591,-0.000247698257106587,-0.000248041816643094,-0.000248052680567244,-0.000247719542871722,-0.0002470310451862,-0.000245975826108366,-0.000244542583273397,-0.000242720150183803,-0.000240497589955271,-0.000237864308219683,-0.000234810187439734,-0.000231325744801589,-0.000227402315630586,-0.000223032263879392,-0.00021820922062608,-0.000212928350653256,-0.000207186646016339,-0.000200983244026077,-0.000194319765254192,-0.000187200665041437,-0.00017963358959801,-0.000171629725239401,-0.000163204126755911,-0.000154376008577886,-0.000145168980544038,-0.000135611209003149,-0.000125735483998723,-0.000115579174681994,-0.000105184058074975,-9.45960109402354e-05,-8.38645607085398e-05,-7.3042298859299e-05,-6.21841683387143e-05,-5.13466448486301e-05,-4.05868393641047e-05,-2.99615552539576e-05,-1.95263372024974e-05,-9.33455030336511e-06,5.63473947848281e-07,1.01211923475234e-05,1.92964794731784e-05,2.80521141210778e-05,3.63561135969491e-05,4.41819153991201e-05,5.15084136252526e-05,5.83198638283954e-05,6.46056747171664e-05,7.03601079337281e-05,7.55819082372006e-05,8.02738860017083e-05,8.44424723375412e-05,8.80972647153769e-05,9.12505780635946e-05,9.39170132201583e-05,9.61130515970427e-05,9.78566821325938e-05,9.91670641692366e-05,0.000100064227859865,0.000100568812083862,0.000100701838625915,0.000100484520495126,9.99381016893296e-05,9.90837253812653e-05,9.79423273723412e-05,9.65345516760752e-05,9.48806852120142e-05,9.30006087808462e-05,9.0913761726083e-05,8.86391179409276e-05,8.61951711356411e-05,8.35999275362997e-05,8.08709044236508e-05,7.80251331407248e-05,7.50791653991306e-05,7.20490818917167e-05,6.89505023742411e-05,6.57985965148312e-05,6.26080949268117e-05,5.93932999011712e-05,5.61680954365689e-05,5.29459562369806e-05,4.97399554065213e-05,4.65627706188257e-05,4.3426688582239e-05,4.03436076537571e-05,3.73250384844339e-05,3.438210260652e-05,3.15255288932097e-05,2.87656478412043e-05,2.61123836472962e-05,2.35752440713582e-05,2.11633080950957e-05,1.88852114072179e-05,1.67491297726179e-05,1.47627603657267e-05,1.29333011757177e-05,1.12674286254846e-05,9.77127357710238e-06,8.45039593567153e-06,7.30975810073892e-06,6.35369755720011e-06,5.58589894107675e-06,5.00936595992929e-06,4.62639359160959e-06,4.43854102641882e-06,4.44660585685597e-06,4.65060005601717e-06,5.04972831283888e-06,5.64236931415926e-06,6.42606057239467e-06,7.39748739528312e-06,8.55247657923636e-06,9.88599537698857e-06,1.13921562449326e-05,1.3064227812408e-05,1.48946524360944e-05,1.68750706068723e-05,1.8996352367219e-05,2.12486357755899e-05,2.36213723215084e-05,2.61033790608361e-05,2.86828971022453e-05,3.13476559383082e-05,3.40849429832195e-05,3.68816775623317e-05,3.97244884980733e-05,4.25997943521005e-05,4.54938853195579e-05,4.83930057369845e-05,5.12834361557721e-05,5.4151573950792e-05,5.6984011473582e-05,5.97676108238486e-05,6.24895743976291e-05,6.51375104740465e-05,6.76994932197559e-05,7.0164116617975e-05,7.2520541958181e-05,7.4758538653092e-05,7.68685182802233e-05,7.88415618644209e-05,8.06694405286173e-05,8.23446297416059e-05,8.386031747727e-05,8.52104066679602e-05,8.63895123915191e-05,8.73929542716152e-05,8.82167445971326e-05,8.88575726787875e-05,8.93127859611376e-05,8.95803683981164e-05,8.96589165816537e-05,8.95476140891915e-05,8.92462044825605e-05,8.87549633561205e-05,8.80746697946334e-05,8.72065775625493e-05,8.61523863060001e-05,8.49142130120613e-05,8.34945639331466e-05,8.1896307149408e-05,8.01226459083461e-05,7.81770928530573e-05,7.60634452230853e-05,7.37857610878176e-05,7.13483366505882e-05,6.87556846446155e-05,6.60125138241437e-05,6.31237095451744e-05,6.00943154174319e-05,5.69295159981997e-05,5.3634620492668e-05,5.0215047424456e-05,4.6676310229872e-05,4.30240037294811e-05,3.92637914305091e-05,3.54013936121229e-05,3.14425761463108e-05,2.73931400072598e-05,2.32589114235147e-05,1.90457326286302e-05,1.4759453166386e-05,1.04059217104387e-05,5.99097835975171e-06,1.52044737525281e-06,-2.99986967454424e-06,-7.56420038990069e-06,-1.21668076682735e-05,-1.68019955108165e-05,-2.14641145294264e-05,-2.61475671761782e-05,-3.08468127157152e-05,-3.55563719585394e-05,-4.0270831770467e-05,-4.49848493744298e-05,-4.96931564562576e-05,-5.43905630849793e-05,-5.90719614595205e-05,-6.37323294902792e-05,-6.83667342212951e-05,-7.29703350992143e-05,-7.75383870965964e-05,-8.20662436928979e-05,-8.65493597156236e-05,-9.0983294045742e-05,-9.53637121909774e-05,-9.96863887264103e-05,-0.000103947209605406,-0.000108142174341477,-0.000112267398061163,-0.000116319113429415,-0.00012029367244638,-0.000124187548113504,-0.000127997335969129,-0.000131719755493205,-0.000135351651380487,-0.000138889994680563,-0.00014233188380371,-0.000145674545390802,-0.000148915335044995,-0.000152051737925769,-0.000155081369203593,-0.000158001974372936,-0.000160811429421816,-0.000163507740858753,-0.000166089045596167,-0.000168553610687463,-0.000170899832916621,-0.0001731262382403,-0.000175231481081251,-0.000177214343473182,-0.000179073734057048,-0.000180808686927374,-0.000182418360327855,-0.00018390203519696,-0.00018525911356343,-0.00018648911679261,-0.000187591683683996,-0.000188566568421566,-0.000189413638378346,-0.000190132871776903,-0.000190724355207884,-0.000191188281010423,-0.000191524944517274,-0.000191734741169623,-0.000191818163506951,-0.000191775798038115,-0.000191608322000917,-0.000191316500018418,-0.000190901180662041,-0.000190363292933921,-0.00018970384268267,-0.000188923908969468,-0.000188024640404245,-0.00018700725147412,-0.000185873018890701,-0.000184623277987236,-0.000183259419201371,-0.000181782884685244,-0.000180195165090687,-0.000178497796583799,-0.000176692358151854,-0.000174780469274071,-0.000172763788038014,-0.000170644009793938,-0.000168422866451219,-0.000166102126532934,-0.000163683596116924,-0.000161169120805509,-0.000158560588878076,-0.000155859935792708,-0.000153069150213981,-0.000150190281750634,-0.000147225450591299,-0.000144176859223808,-0.000141046806413771,-0.000137837703599901,-0.000134552093830934,-0.000131192673323186,-0.00012776231565226,-0.000124264098505483,-0.000120701332811542,-0.000117077593928568,-0.000113396754407778,-0.000109663017660354,-0.000105880951643464,-0.000102055521451211,-9.81921194593916e-05,-9.42965914429105e-05,-9.0375256878843e-05,-8.64349214893018e-05,-8.24828799928178e-05,-7.85269070453423e-05,-7.4575234490541e-05,-7.06365133234608e-05,-6.67197592152799e-05,-6.28342810506015e-05,-5.8989592679401e-05,-5.51953089484116e-05,-5.1461028002455e-05,-4.77962027683305e-05,-4.42100053759473e-05,-4.07111889554022e-05,-3.73079517013535e-05,-3.40078082626595e-05,-3.08174733632304e-05,-2.77427620904245e-05,-2.47885105295717e-05,-2.19585194374565e-05,-1.92555225143405e-05,-1.66811796472703e-05,-1.42360943487028e-05,-1.19198535870951e-05,-9.73108736641512e-06,-7.66754479916221e-06,-5.72618304993649e-06,-3.90326539604626e-06,-2.1944647332797e-06,-5.94969110851058e-07,9.00413736040512e-07,2.29715542192236e-06,3.60091157589407e-06,4.81743369016088e-06,5.9524892276285e-06,7.01179063202243e-06,8.00093351250621e-06,8.92534396756571e-06,9.79023477136638e-06,1.06005699659576e-05,1.13610372775149e-05,1.20760276959807e-05,1.27496215171917e-05,1.33855801366521e-05,1.39873428965345e-05,1.45580283164989e-05,1.51004390790501e-05,1.56170701857594e-05,1.61101197498452e-05,1.65815019405992e-05,1.70328616435778e-05,1.7465590446207e-05,1.7880843601813e-05,1.82795576647858e-05,1.86624685257273e-05,1.90301296082471e-05,1.93829300190987e-05,1.97211124706694e-05,2.00447908190265e-05,2.03539670835837e-05,2.06485478351538e-05,2.09283598575577e-05,2.11931650054421e-05,2.14426741972219e-05,2.16765604969531e-05,2.18944712525476e-05,2.20960392702152e-05,2.2280893016426e-05,2.24486658491883e-05,2.25990042901011e-05,2.27315753565638e-05,2.28460729808097e-05,2.29422235487665e-05,2.30197905968662e-05,2.30785787092868e-05,2.31184366612973e-05,2.31392598570544e-05,2.31409921119859e-05,2.31236268305505e-05,2.3087207630263e-05,2.30318284626975e-05,2.2957633280796e-05,2.28648153010949e-05,2.27536159079175e-05,2.26243232432947e-05,2.24772705253971e-05,2.23128341355003e-05,2.21314315108651e-05,2.19335188772094e-05,2.1719588852932e-05,2.14901679548322e-05,2.12458140311333e-05,2.09871136468971e-05,2.07146794432627e-05,2.04291474894471e-05,2.01311746447137e-05,1.98214359448099e-05,1.95006220264395e-05,1.9169436601366e-05,1.88285939896433e-05,1.84788167204939e-05,1.8120833207182e-05,1.77553755016831e-05,1.73831771340133e-05,1.70049710395631e-05,1.66214875772647e-05,1.62334526405726e-05,1.58415858623404e-05,1.54465989142911e-05,1.50491939014006e-05,1.46500618507005e-05,1.42498812936197e-05,1.38493169410123e-05,1.34490184492894e-05,1.30496192759129e-05,1.26517356229686e-05,1.22559654666945e-05,1.18628876713354e-05,1.1473061184996e-05,1.10870243152121e-05,1.07052940821516e-05,1.03283656468205e-05,9.9567118120791e-06,9.59078259411654e-06,9.23100486227308e-06,8.87778204466082e-06,8.5314938967013e-06,8.19249633039146e-06,7.86112130264638e-06,7.53767676051065e-06,7.22244664033787e-06,6.91569091853909e-06,6.61764571183686e-06,6.32852342475395e-06,6.04851294212349e-06,5.77777986450825e-06,5.51646678456988e-06,5.26469360194372e-06,5.02255787459931e-06,4.79013520488132e-06,4.56747965821378e-06,4.35462421234482e-06,4.15158123527517e-06,3.95834298992041e-06,3.77488216372381e-06,3.60115242138432e-06,3.43708897876382e-06,3.28260919641582e-06,3.13761319086468e-06,3.0019844617828e-06,2.87559053366911e-06,2.75828361050254e-06,2.64990124215769e-06,2.55026700102159e-06,2.45919116694492e-06,2.37647141882076e-06,2.30189353202497e-06,2.23523208037722e-06,2.17625114102421e-06,2.124705001663e-06,2.08033886845652e-06,2.04288957329074e-06,2.01208627942807e-06,1.98765118433319e-06,1.96930021882646e-06,1.95674374164727e-06,1.94968722804726e-06,1.94783195218637e-06,1.95087566233834e-06,1.95851324769156e-06,1.97043739640079e-06,1.98633924390797e-06,2.00590901074018e-06,2.02883662944481e-06,2.05481235983265e-06,2.08352739184368e-06,2.11467443558648e-06,2.14794829789429e-06,2.18304644470074e-06,2.21966954904416e-06,2.25752202394434e-06,2.29631254028417e-06,2.33575452854642e-06,2.37556666408695e-06,2.41547333585355e-06,2.45520509813135e-06,2.4944991047918e-06,2.53309952562199e-06,2.57075794509593e-06,2.6072337430327e-06,2.64229445669575e-06,2.6757161243696e-06,2.70728360995346e-06,2.73679090862476e-06,2.76404143324544e-06,2.78884828130294e-06,2.81103448248037e-06,2.83043322677617e-06,2.84688807312972e-06,2.86025313808377e-06,2.87039326468674e-06,2.87718417170055e-06,2.88051258290692e-06,2.88027633665432e-06,2.87638447593348e-06,2.86875731916793e-06,2.85732651147865e-06,2.84203505650574e-06,2.82283732930266e-06,2.79969907004528e-06,2.77259735869707e-06,2.74152057095235e-06,2.70646831574458e-06,2.6674513545254e-06,2.62449150251285e-06,2.57762151181524e-06,2.52688493710459e-06,2.47233598439558e-06,2.4140393428667e-06,2.35207000018334e-06,2.28651304134443e-06,2.21746343148123e-06,2.1450257834052e-06,2.06931411016534e-06,1.99045156270596e-06,1.9085701532329e-06,1.82381046438199e-06,1.73632134485655e-06,1.64625959206497e-06,1.55378962241048e-06,1.45908312941794e-06,1.36231873017548e-06,1.26368160028711e-06,1.16336309795816e-06,1.06156037789004e-06,9.58475995288012e-07,8.54317500667036e-07,7.49297026286788e-07,6.43630864279043e-07,5.37539037056417e-07,4.31244860609609e-07,3.24974501359279e-07,2.18956527157574e-07,1.13421452947564e-07,8.6012818525591e-09,-9.52709580072028e-08,-1.97961680043282e-07,-2.99237208701945e-07,-3.98864251239563e-07,-4.96610370686289e-07,-5.92244459645883e-07,-6.85537214362673e-07,-7.76261608176169e-07,-8.64193363462121e-07,-9.49111421857073e-07,-1.03079841168221e-06,-1.10904111165488e-06,-1.18363091010463e-06,-1.2543642590743e-06,-1.32104312252322e-06,-1.38347541765206e-06,-1.44147544858114e-06,-1.4948643317159e-06,-1.54347041193739e-06,-1.58712966871494e-06,-1.62568611096134e-06,-1.65899215969195e-06,-1.68690901757376e-06,-1.70930702481694e-06,-1.72606600064209e-06,-1.73707556898068e-06,-1.74223546773461e-06,-1.74145584098517e-06,-1.7346575131947e-06,-1.72177224432198e-06,-1.70274296504899e-06,-1.67752399138701e-06,-1.64608121832558e-06,-1.60839229168108e-06,-1.56444675729426e-06,-1.51424618715767e-06,-1.45780428218324e-06,-1.39514695091797e-06,-1.32631236386335e-06,-1.25135098310355e-06,-1.17032556683824e-06,-1.08331114880185e-06,-9.90394992446929e-07,-8.91676519775356e-07,-7.87267214986606e-07,-6.7729050330298e-07,-5.61881605245021e-07,-4.41187366681528e-07,-3.15366064943846e-07,-1.84587191785074e-07,-4.90312141087842e-08,9.11106870079767e-08,2.35636898374657e-07,3.84335676852608e-07,5.36985470484495e-07,6.93355257049e-07,8.53204898958355e-07,1.01628551406416e-06,1.18233986065065e-06,1.35110273484246e-06,1.52230137942955e-06,1.69565590257392e-06,1.87087970529402e-06,2.04767991564877e-06,2.22575782842741e-06,2.40480934898639e-06,2.58452543980183e-06,2.76459256833266e-06,2.94469315503029e-06,3.1245060200585e-06,3.30370682740441e-06,3.48196852500201e-06,3.65896177999606e-06,3.83435540802016e-06,4.0078167954068e-06,4.17901231356509e-06,4.34760772503005e-06,4.5132685803995e-06,4.67566060567345e-06,4.83445007941688e-06,4.9893041993666e-06,5.13989143842344e-06,5.28588189008163e-06,5.42694760308476e-06,5.56276290546512e-06,5.69300471791202e-06,5.81735285712631e-06,5.93549032979011e-06,6.04710361675961e-06,6.15188294827897e-06,6.24952257136189e-06,6.33972100923166e-06,6.42218131350573e-06,6.49661131016128e-06,6.56272384028881e-06,6.62023699598852e-06,6.66887435222304e-06,6.70836519567515e-06,6.73844475119166e-06,6.75885440650989e-06,6.76934193605434e-06,6.76966172435609e-06,6.75957498996304e-06,6.73885001047699e-06,6.70726234976507e-06,6.66459508766749e-06,6.61063905261182e-06,6.54519305694559e-06,6.46806413558826e-06,6.37906778869907e-06,6.27802822884913e-06,6.16477863238547e-06,6.03916139497399e-06,5.90102839150269e-06,5.75024124046131e-06,5.58667157211229e-06,5.41020130039732e-06,5.2207228990464e-06,5.01813968075294e-06,4.80236607920854e-06,4.57332793385445e-06,4.33096277687849e-06,4.07522012155995e-06,3.80606175148616e-06,3.52346201025044e-06,3.22740809072675e-06,2.91790032299569e-06,2.5949524607256e-06,2.25859196534544e-06,1.90886028701102e-06,1.54581314155012e-06,1.1695207827794e-06,7.80068269350814e-07,3.77555725136237e-07,-3.79014070961414e-08,-4.66172119447349e-07,-9.07109601191482e-07,-1.36055101078968e-06,-1.82631725754046e-06,-2.30421279320131e-06,-2.79402541453633e-06,-3.29552607718307e-06,-3.80846872178459e-06,-4.33259011234192e-06,-4.86760968726203e-06,-5.41322942397213e-06,-5.9691337172792e-06,-6.53498927138518e-06,-7.11044500595077e-06,-7.695131976607e-06,-8.28866330989438e-06,-8.89063415265672e-06,-9.50062163529788e-06,-1.01181848492313e-05,-1.07428648390227e-05,-1.1374184608409e-05,-1.20116491398687e-05,-1.26547454275556e-05,-1.33029425235069e-05,-1.39556915962728e-05,-1.46124260017423e-05,-1.52725613653476e-05,-1.59354956747884e-05,-1.6600609383615e-05,-1.72672655251302e-05,-1.79348098353514e-05,-1.86025708849118e-05,-1.92698602191534e-05,-1.99359725058523e-05,-2.06001856895704e-05,-2.12617611519868e-05,-2.19199438782e-05,-2.25739626280724e-05,-2.32230301126174e-05,-2.3866343175305e-05,-2.45030829777431e-05,-2.51324151895622e-05,-2.57534901831943e-05,-2.63654432340645e-05,-2.69673947269041e-05,-2.75584503693551e-05,-2.81377014140763e-05,-2.87042248911622e-05,-2.92570838533474e-05,-2.97953276372125e-05,-3.03179921440841e-05,-3.08241001448174e-05,-3.13126616134449e-05,-3.17826740957646e-05,-3.22331231200675e-05,-3.26629826589118e-05,-3.30712156511367e-05,-3.34567745947948e-05,-3.38186022240364e-05,-3.41556322841531e-05,-3.44667904210267e-05,-3.47509952029795e-05,-3.50071592950746e-05,-3.52341908087359e-05,-3.54309948517296e-05,-3.55964753061947e-05,-3.57295368640957e-05,-3.58290873525321e-05,-3.58940403837743e-05,-3.59233183672893e-05,-3.59158559228236e-05,-3.58706037347644e-05,-3.57865328895631e-05,-3.56626397383397e-05,-3.54979513263421e-05,-3.52915314291804e-05,-3.50424872321946e-05,-3.47499766849228e-05,-3.44132165557196e-05,-3.40314912026301e-05,-3.36041620647306e-05,-3.31306778638628e-05,-3.26105854889713e-05,-3.20435415139737e-05,-3.14293242762538e-05,-3.07678464156339e-05,-3.00591677427661e-05,-2.93035082730483e-05,-2.85012612271898e-05,-2.76530057642371e-05,-2.67595191778052e-05,-2.58217882534743e-05,-2.48410194567663e-05,-2.3818647598726e-05,-2.27563426120469e-05,-2.16560140671256e-05,-2.05198130666918e-05,-1.93501311820674e-05,-1.81495961343878e-05,-1.69210639810657e-05,-1.56676076408994e-05,-1.43925016794968e-05,-1.30992033777404e-05,-1.17913302166575e-05,-1.04726340265202e-05,-9.14697216249311e-06,-7.81827617689964e-06,-6.49051855431022e-06,-5.16767815382383e-06,-3.85370505868229e-06,-2.55248556370585e-06,-1.2678080333465e-06,-3.33033716576336e-09,1.23745048315714e-06,2.45122573793322e-06,3.63489932381049e-06,4.78560829801763e-06,5.90073954091037e-06,6.97794237665417e-06,8.01513713959102e-06,9.01051978293614e-06,9.96256272332375e-06,1.08700121957401e-05,1.17318824562878e-05,1.2547447215515e-05,1.33162287127022e-05,1.40379848522889e-05,1.4712694819809e-05,1.53405435783451e-05,1.592190562048e-05,1.64573283171934e-05,1.69475151667437e-05,1.73933092053984e-05,1.77956768007718e-05,1.81556920073015e-05,1.84745216249712e-05,1.8753411066373e-05,1.89936711053229e-05,1.91966655520193e-05,1.93637998752785e-05,1.94965107719871e-05,1.95962566679536e-05,1.96645091214078e-05,1.97027450900234e-05,1.97124400152836e-05,1.96950616732842e-05,1.96520647383282e-05,1.95848860048285e-05,1.949494021301e-05,1.9383616425098e-05,1.92522749009249e-05,1.9102244424537e-05,1.89348200363287e-05,1.87512611286066e-05,1.85527898660613e-05,1.83405898960243e-05,1.8115805316543e-05,1.78795398739265e-05,1.76328563643731e-05,1.7376776217352e-05,1.71122792408354e-05,1.68403035112285e-05,1.65617453931886e-05,1.62774596767822e-05,1.59882598210659e-05,1.56949182947702e-05,1.53981670064618e-05,1.50986978179448e-05,1.47971631352158e-05,1.44941765725672e-05,1.41903136866538e-05,1.38861127776707e-05,1.3582075755024e-05,1.32786690656625e-05,1.29763246836958e-05,1.26754411596984e-05,1.2376384728062e-05,1.20794904712868e-05,1.17850635399995e-05,1.14933804271295e-05,1.12046902946321e-05,1.09192163511695e-05,1.06371572788332e-05,1.03586887065044e-05,1.00839647273702e-05,9.81311945774405e-06,9.54626863370386e-06,9.28351124237494e-06,9.02493118360792e-06,8.77059895770934e-06,8.52057337462093e-06,8.27490327975824e-06,8.03362929111678e-06,7.79678554204636e-06,7.56440142359255e-06,7.33650332040026e-06,7.11311633375296e-06,6.89426598492367e-06,6.67997989178999e-06,6.47028941172523e-06,6.26523124361462e-06,6.06484898173698e-06,5.86919461403835e-06,5.67832995760102e-06,5.49232802387343e-06,5.31127430607788e-06,5.13526798127982e-06,4.96442301956175e-06,4.79886919347921e-06,4.63875298037418e-06,4.48423835056012e-06,4.33550743478674e-06,4.19276106438998e-06,4.05621917778237e-06,3.92612108665244e-06,3.80272559604138e-06,3.68631097297581e-06,3.57717475823072e-06,3.47563341641889e-06,3.38202181985464e-06,3.29669256228255e-06,3.22001509890125e-06,3.15237470947805e-06,3.09417128226911e-06,3.04581791687152e-06,3.00773934531389e-06,2.98037017123056e-06,2.96415292738239e-06,2.95953595286962e-06,2.96697109278005e-06,2.98691122411739e-06,3.01980761376053e-06,3.06610711430129e-06,3.12624920499735e-06,3.20066288769663e-06,3.28976344894606e-06,3.39394910096836e-06,3.51359751605282e-06,3.64906227048835e-06,3.80066921648646e-06,3.96871280213809e-06,4.15345236178541e-06,4.35510840107213e-06,4.57385890247812e-06,4.80983567816527e-06,5.06312079935839e-06,5.33374313269486e-06,5.6216750153079e-06,5.92682910056583e-06,6.24905540722379e-06,6.58813860554032e-06,6.94379557276449e-06,7.31567324992015e-06,7.7033468301093e-06,8.10631830754256e-06,8.52401541418142e-06,8.95579096787252e-06,9.40092265301357e-06,9.85861325082226e-06,1.03279913320981e-05,1.08081124209894e-05,1.12979606336511e-05,1.1796450790442e-05,1.2302430994874e-05,1.28146856677126e-05,1.33319390195783e-05,1.38528589398125e-05,1.43760612747092e-05,1.49001144638733e-05,1.54235444990714e-05,1.59448401667751e-05,1.64624585324031e-05,1.69748306223108e-05,1.74803672578347e-05,1.7977464994481e-05,1.84645121192664e-05,1.89398946602772e-05,1.94020023634514e-05,1.98492345934364e-05,2.02800061178537e-05,2.0692752737075e-05,2.10859367252968e-05,2.14580520525318e-05,2.18076293610359e-05,2.21332406737584e-05,2.24335038169357e-05,2.27070865432485e-05,2.2952710345892e-05,2.31691539580017e-05,2.33552565356921e-05,2.35099205271013e-05,2.36321142327604e-05,2.37208740654915e-05,2.37753065206328e-05,2.3794589869985e-05,2.37779755946164e-05,2.37247895731743e-05,2.36344330435626e-05,2.35063833566142e-05,2.33401945408107e-05,2.31354976974602e-05,2.28920012461248e-05,2.26094910394615e-05,2.22878303667131e-05,2.19269598641823e-05,2.15268973503529e-05,2.10877376031144e-05,2.06096520952567e-05,2.0092888703388e-05,1.95377714052262e-05,1.89446999788595e-05,1.83141497167236e-05,1.76466711660356e-05,1.69428899068494e-05,1.62035063783249e-05,1.5429295763203e-05,1.46211079391284e-05,1.37798675051756e-05,1.29065738914977e-05,1.20023015594117e-05,1.1068200298431e-05,1.01054956265084e-05,9.11548929964038e-06,8.09955993672819e-06,7.0591637645976e-06,5.99583548789844e-06,4.91118928821772e-06,3.80691995670833e-06,2.68480416355191e-06,1.54670186678849e-06,3.94557862413297e-07,-7.69596522620652e-07,-1.9436415951337e-06,-3.12536731980357e-06,-4.31247120552189e-06,-5.50255605879808e-06,-6.69312761202804e-06,-7.88159203757646e-06,-9.0652533611419e-06,-1.02413107927728e-05,-1.14068559989257e-05,-1.25588703441901e-05,-1.36942221383189e-05,-1.48096639326729e-05,-1.59018299198009e-05,-1.69672334996663e-05,-1.80022650887735e-05,-1.90031902626044e-05,-1.99661483378365e-05,-2.0887151518773e-05,-2.17620847519726e-05,-2.25867064548536e-05,-2.33566503089139e-05,-2.4067428333982e-05,-2.47144354867121e-05,-2.52929560564715e-05,-2.57981721599647e-05,-2.62251746646009e-05,-2.65689768977548e-05,-2.68245315226505e-05,-2.69867509798058e-05,-2.7050531902207e-05,-2.70107839120508e-05,-2.68624631915874e-05,-2.66006111871416e-05,-2.62203987491522e-05,-2.5717175928008e-05,-2.50865275316743e-05,-2.43243344018543e-05,-2.34268401784763e-05,-2.23907230972988e-05,-2.12131721024711e-05,-1.9891966259354e-05,-1.84255561303005e-05,-1.68131454403057e-05,-1.50547710266943e-05,-1.31513787570295e-05,-1.11048928387184e-05,-8.91827576011885e-06,-6.59557602360888e-06,-4.14196088298346e-06,-1.56373150249703e-06,1.13168167374146e-06,3.93574501498985e-06,6.83887023787688e-06,9.83048553653519e-06,1.28991285544087e-05,1.60325595028009e-05,1.92178918208465e-05,2.2441736956944e-05,2.56903591931675e-05,2.8949835984865e-05,3.22062190784098e-05,3.54456917148298e-05,3.86547175203998e-05,4.18201771986808e-05,4.49294898257771e-05,4.79707163561945e-05,5.09326438103731e-05,5.38048494762135e-05,5.65777452627642e-05,5.92426030516565e-05,6.17915624714993e-05,6.42176229557583e-05,6.65146222345045e-05,6.86772035609949e-05,7.07007740002666e-05,7.25814560325966e-05,7.43160345702308e-05,7.59019012753258e-05,7.7336997822113e-05,7.86197594867507e-05,7.97490601890738e-05,8.07241598639145e-05,8.15446548125629e-05,8.22104314833422e-05,8.27216239572375e-05,8.30785752699301e-05,8.32818025839717e-05,8.3331966133437e-05,8.32298417943571e-05,8.29762970840182e-05,8.25722703602788e-05,8.20187529730785e-05,8.13167741123312e-05,8.04673880965877e-05,7.94716638539391e-05,7.83306763580717e-05,7.70454997972309e-05,7.56172022704626e-05,7.40468418231324e-05,7.23354636519829e-05,7.04840983281069e-05,6.84937609046078e-05,6.63654507906406e-05,6.41001522898969e-05,6.16988357167647e-05,5.91624590172779e-05,5.64919698347287e-05,5.36883079709314e-05,5.07524082059641e-05,4.76852034495059e-05,4.44876282066266e-05,4.11606223503867e-05,3.77051352031949e-05,3.41221299377196e-05,3.04125883172097e-05,2.6577515805799e-05,2.26179470897789e-05,1.85349520622387e-05,1.43296423356174e-05,1.00031783615284e-05,5.55677725390391e-06,9.91721430042974e-07,-3.69063179237773e-06,-8.48883947824133e-06,-1.34013610419165e-05,-1.84265446628203e-05,-2.35626118676759e-05,-2.88076399419419e-05,-3.41595417629095e-05,-3.96160425616028e-05,-4.51746530156331e-05,-5.08326379445936e-05,-5.65869797178251e-05,-6.24343352813262e-05,-6.83709854553977e-05,-7.43927748338095e-05,-8.04950402063962e-05,-8.66725249068076e-05,-9.29192758208153e-05,-9.92285189321445e-05,-0.000105592508171351,-0.000112002340887035,-0.000118447731367069,-0.000124916731348317,-0.000131395383161885,-0.000137867286785613,-0.000144313056231139,-0.00015070963285162,-0.000157029412592816,-0.00016323912994388,-0.000169298422046765,-0.00017515797034311,-0.00018075708204669,-0.000186020526967111,-0.000190854384038896,-0.000195140574582179,-0.000198729667755734,-0.000201431449573175,-0.000203002684955297,-0.000203131557224749,-0.000201418627070311,-0.00019735518814763,-0.000190302292872991,-0.000179478539302579,-0.000163973063829774,-0.000142811676818268,-0.00011511267623291,-8.03569025250345e-05,-3.87368722334159e-05,8.56104916652917e-06,5.93676210672205e-05,0.000110961751600696,0.000160760413969417,0.000206897475536359,0.000248431096210824,0.000285207107748111,0.000317572984156135,0.000346110197238274,0.000371453263913277,0.000394193195013241,0.000414838499979238,0.000433808067109138,0.000451438710628468,0.000467997797403965,0.000483696318414557,0.000498700510105816,0.0005131414837865,0.000527122916073293,0.00054072707048885,0.000554019464829454,0.000567052473366697,0.000579868105246241,0.000592500151210049,0.00060497584767925,0.000617317172197243,0.000629541856815293,0.000641664184995479,0.00065369562169426,0.000665645314307992,0.000677520493155566,0.000689326793407691,0.000701068515273039,0.000712748835402423,0.000724369979552168,0.000735933364326032,0.000747439714115072,0.000758889158047237,0.000770281310751578,0.000781615339956306,0.00079289002333386,0.00080410379652962,0.000815254793928757,0.000826340883421206,0.000837359696191593,0.000848308652368204,0.000859184983215158,0.000869985750431814,0.000880707863023959,0.000891348092131247,0.000901903084130393,0.000912369372281119,0.000922743387141323,0.000933021465937885,0.000943199861048433,0.000953274747727939,0.000963242231195441,0.000973098353176015,0.000982839097978978,0.000992460398178865,0.0010019581399611,0.00101132816818557,0.00102056629120627,0.00102966828548592,0.00103862990004196,0.00104744686074825,0.00105611487451399,0.00106462963335906,0.00107298681840622,0.0010811821038061,0.00108921116059869,0.00109706966052801,0.00110475327981867,0.00111225770291844,0.00111957862621351,0.00112671176172396,0.00113365284078136,0.00114039761768926,0.00114694187337124,0.00115328141901189,0.00115941209968586,0.00116532979797594,0.00117103043758188,0.00117650998691735,0.00118176446269246,0.001186789933477,0.00119158252324716,0.00119613841491543,0.00120045385384344,0.00120452515132896,0.00120834868806119,0.00121192091754851,0.00121523836951511,0.00121829765325626,0.00122109546095216,0.00122362857093754,0.00122589385092449,0.0012278882611728,0.0012296088576038,0.00123105279485543,0.00123221732927382,0.00123309982183605,0.00123369774100433,0.00123400866551322,0.00123403028708352,0.00123376041304811,0.00123319696889777,0.0012323380007425,0.0012311816776808,0.00122972629407415,0.00122797027172608,0.00122591216196308,0.00122355064761327,0.00122088454488295,0.00121791280512414,0.0012146345164933,0.00121104890550382,0.00120715533847097,0.00120295332284172,0.00119844250840596,0.00119362268839819,0.00118849380047742,0.00118305592759073,0.00117730929872217,0.00117125428952559,0.00116489142284124,0.00115822136909433,0.00115124494657393,0.00114396312159289,0.0011363770085303,0.00112848786976212,0.00112029711547912,0.00111180630339343,0.00110301713833219,0.0010939314717201,0.00108455130095206,0.00107487876865259,0.00106491616183194,0.00105466591094672,0.00104413058885713,0.0010333129096764,0.00102221572753144,0.00101084203523966,0.000999194962891609,0.000987277776346329,0.000975093875640348,0.00096264679331548,0.000949940192664395,0.000936977865901439,0.00092376373226763,0.00091030183606694,0.000896596344636486,0.000882651546257385,0.00086847184801439,0.000854061773593179,0.000839425961024487,0.000824569160387506,0.000809496231472917,0.000794212141397271,0.000778721962177958,0.000763030868275699,0.000747144134115946,0.000731067131578611,0.000714805327460932,0.000698364280922903,0.000681749640924212,0.000664967143651357,0.000648022609933296,0.000630921942651075,0.000613671124147869,0.000596276213629315,0.000578743344563482,0.000561078722093489,0.000543288620464821,0.000525379380467456,0.000507357406897807,0.000489229166036664,0.000471001183136671,0.000452680039937203,0.000434272372200062,0.000415784867270008,0.000397224261668716,0.000378597338734854,0.000359910926303747,0.000341171894409242,0.000322387153014331,0.000303563649780098,0.000284708367872116,0.000265828323820549,0.000246930565415415,0.000228022169633996,0.000209110240630417,0.000190201907765919,0.000171304323670546,0.000152424662365092,0.000133570117424958,0.000114747900179041,9.59652379509679e-05,7.72293723595718e-05,5.85475576682926e-05,3.99270591759371e-05,2.13751516453531e-05,2.89911776193974e-06,-1.54937533634047e-05,-3.37961676500353e-05,-5.2000827465426e-05,-7.0100433021747e-05,-8.80876837468791e-05,-0.000105955279630282,-0.000123695922545214,-0.000141302317559627,-0.000158767174236185,-0.000176083207912153,-0.000193243140965832,-0.000210239704082682,-0.000227065637537854,-0.000243713692484104,-0.000260176632246867,-0.000276447233650251,-0.000292518288363325,-0.000308382604275237,-0.000324033006917634,-0.000339462340931129,-0.000354663471581002,-0.000369629286341072,-0.000384352696556095,-0.000398826639182531,-0.000413044078626634,-0.000426998008682011,-0.000440681454565356,-0.000454087475073278,-0.000467209164873389,-0.000480039656936826,-0.000492572125131291,-0.000504799786985755,-0.000516715906632687,-0.000528313797949598,-0.000539586827912025,-0.000550528420183827,-0.000561132058958275,-0.000571391293046619,-0.00058129974023069,-0.000590851091905625,-0.000600039118027612,-0.000608857672374952,-0.000617300698148304,-0.000625362233925592,-0.000633036419988187,-0.000640317505037041,-0.000647199853313796,-0.00065367795214083,-0.000659746419899854,-0.000665400014466272,-0.000670633642114227,-0.000675442366913054,-0.000679821420613347,-0.000683766213036813,-0.000687272342971917,-0.000690335609590476,-0.000692952024383298,-0.000695117823624358,-0.000696829481363681,-0.000698083722940696,-0.000698877539007353,-0.000699208200062668,-0.000699073271468759,-0.000698470628926501,-0.000697398474391181,-0.000695855352395497,-0.000693840166732518,-0.000691352197459333,-0.000688391118168707,-0.000684957013472431,-0.000681050396630634,-0.000676672227246711,-0.000671823928937998,-0.000666507406890143,-0.000660725065206147,-0.000654479823936516,-0.000647775135686673,-0.000640615001676587,-0.000633003987098368,-0.000624947235641576,-0.000616450483043818,-0.000607520069527356,-0.000598162950969566,-0.000588386708636202,-0.000578199557313169,-0.000567610351675185,-0.000556628590737435,-0.000545264420244204,-0.00053352863283869,-0.000521432665876342,-0.000508988596742074,-0.000496209135544726,-0.000483107615091141,-0.000469697978044539,-0.000455994761193679,-0.000442013076776063,-0.000427768590820707,-0.000413277498500203,-0.000398556496509855,-0.000383622752524584,-0.000368493871805681,-0.000353187861057383,-0.000337723089651742,-0.000322118248375983,-0.000306392305906428,-0.000290564463212073,-0.00027465410612916,-0.000258680756375057,-0.000242664021279926,-0.000226623542526172,-0.000210578944197126,-0.000194549780475714,-0.000178555483316634,-0.000162615310429381,-0.000146748293911814,-0.000130973189864811,-0.000115308429303213,-9.97720706810562e-05,-8.43817543145359e-05,-6.91546589915576e-05,-5.41074610275055e-05,-3.92562959782017e-05,-2.46167232165612e-05,-1.02036935616528e-05,3.96847990009885e-06,1.78861476908265e-05,3.15363464286206e-05,4.49068178750983e-05,5.79860245358554e-05,7.07631618112742e-05,8.32281667379475e-05,9.53717233735107e-05,0.000107185264919138,0.000118660972688395,0.000129791772052315,0.000140571325513733,0.00015099402306995,0.000161054970030938,0.000170749972487505,0.000180075520630887,0.000189028770124652,0.000197607521726692,0.000205810199358628,0.000213635826815078,0.000221084003315955,0.000228154878088749,0.000234849124174902,0.000241167911638848,0.000247112880348371,0.000252686112488368,0.000257890104953973,0.000262727741768637,0.000267202266653541,0.000271317255871067,0.000275076591448681,0.000278484434876797,0.000281545201368361,0.000284263534764323,0.000286644283156709,0.000288692475278671,0.000290413297705114,0.000291812072908265,0.000292894238216004,0.00029366532569236,0.000294130942954982,0.000294296754944343,0.000294168466651423,0.000293751806808448,0.000293052512543523,0.000292076314993561,0.000290828925856371,0.000289316024870159,0.000287543248210259,0.00028551617779525,0.00028324033147499,0.00028072115406623,0.000277964009226972,0.000274974172143505,0.000271756823003177,0.000268317041229482,0.000264659800448375,0.000260789964154268,0.000256712282060562,0.000252431387111646,0.000247951793123619,0.000243277893025973,0.000238413957667327,0.000233364135168418,0.000228132450802082,0.000222722807374925,0.000217138986073312,0.00021138464775064,0.000205463334642053,0.000199378472476197,0.000193133372962756,0.000186731236626325,0.000180175155963302,0.000173468118909254,0.000166613012595851,0.000159612627372574,0.000152469661069909,0.000145186723480795,0.000137766341051587,0.000130210961756222,0.000122522960131571,0.000114704642455304,0.000106758252052835,9.86859747187097e-05,9.04899442372431e-05,8.21722479776577e-05,7.37349325427017e-05,6.51800094492172e-05,5.65094608414307e-05,4.77252452123489e-05,3.88293031180487e-05,2.9823562879977e-05,2.07099462526672e-05,1.1490374041162e-05,2.16677166017809e-06,-7.25892537573047e-06,-1.67847660488551e-05,-2.64087785396827e-05,-3.61289650444296e-05,-4.59432967060969e-05,-5.58497086814713e-05,-6.58460953525952e-05,-7.59303056999394e-05,-8.61001388461902e-05,-9.63533397717597e-05,-0.000106687595208932,-0.000117100529730296,-0.000127589702040298,-0.000138152601466046,-0.000148786644658561,-0.000159489172527755,-0.000170257447411171,-0.00018108865048172,-0.000191979879409193,-0.000202928146262937,-0.000213930375657145,-0.000224983403152024,-0.000236083973910117,-0.000247228741615479,-0.000258414267666707,-0.000269637020634039,-0.00028089337598497,-0.000292179616086519,-0.000303491930472161,-0.000314826416377367,-0.000326179079544048,-0.000337545835300351,-0.000348922509912114,-0.000360304842202869,-0.000371688485443861,-0.000383069009513348,-0.000394441903316375,-0.000405802577462838,-0.000417146367204857,-0.00042846853561937,-0.000439764277035307,-0.000451028720723931,-0.00046225693483605,-0.000473443930562992,-0.00048458466651588,-0.000495674053325498,-0.000506706958459516,-0.000517678211247458,-0.000528582608100112,-0.000539414917918979,-0.000550169887685054,-0.000560842248226862,-0.000571426720160792,-0.000581918019987471,-0.000592310866335044,-0.000602599986338381,-0.000612780122147216,-0.000622846037552541,-0.000632792524722953,-0.000642614411042741,-0.000652306566042801,-0.000661863908411026,-0.0006712814130692,-0.000680554118304838,-0.000689677132942185,-0.000698645643536139,-0.000707454921580322,-0.000716100330719324,-0.000724577333961404,-0.000732881500871529,-0.00074100851472314,-0.000748954179606048,-0.000756714427472313,-0.000764285325106071,-0.00077166308100747,-0.000778844052174973,-0.00078582475076501,-0.000792601850621383,-0.000799172193665196,-0.000805532796125302,-0.000811680854597069,-0.000817613751910889,-0.000823329062799416,-0.000828824559349225,-0.000834098216217882,-0.000839148215604144,-0.000843972951958719,-0.00084857103641886,-0.000852941300942295,-0.000857082802126527,-0.000860994824704767,-0.00086467688470411,-0.000868128732249049,-0.00087135035400214,-0.000874341975223153,-0.000877104061428324,-0.000879637319641746,-0.000881942699219804,-0.000884021392234216,-0.000885874833405617,-0.000887504699572217,-0.000888912908682912,-0.000890101618301234,-0.000891073223615049,-0.000891830354933107,-0.000892375874655404,-0.00089271287371763,-0.000892844667505083,-0.000892774791227,-0.000892506994745745,-0.000892045236852185,-0.000891393678992408,-0.000890556678441873,-0.000889538780925167,-0.000888344712688852,-0.000886979372028238,-0.000885447820271709,-0.000883755272234901,-0.000881907086154307,-0.00087990875311128,-0.000877765885963382,-0.00087548420779883,-0.000873069539934164,-0.000870527789471935,-0.000867864936442315,-0.000865087020553421,-0.000862200127582688,-0.000859210375442954,-0.000856123899955791,-0.00085294684036441,-0.000849685324621728,-0.000846345454493379,-0.0008429332905137,-0.000839454836839733,-0.000835916026051736,-0.000832322703942054,-0.000828680614335164,-0.000824995383985366,-0.000821272507601521,-0.000817517333044943,-0.000813735046744299,-0.000809930659371717,-0.00080610899182159,-0.000802274661536768,-0.00079843206922002,-0.000794585385962797,-0.000790738540827236,-0.00078689520890534,-0.000783058799876626,-0.000779232447084596,-0.00077541899713298,-0.000771620999999986,-0.000767840699662306,-0.000764080025213165,-0.000760340582441989,-0.00075662364582977,-0.000752930150897675,-0.00074926068682693,-0.000745615489244879,-0.00074199443304852,-0.000738397025105701,-0.000734822396638843,-0.000731269295052808,-0.000727736074913103,-0.000724220687716774,-0.00072072067002393,-0.000717233129423466,-0.000713754727688944,-0.000710281660327005,-0.000706809631534591,-0.000703333823348695,-0.000699848857469772,-0.000696348747849952,-0.000692826841638242,-0.000689275745416947,-0.000685687232806029,-0.000682052128379219,-0.000678360161324259,-0.00067459978024725,-0.000670757917768744,-0.000666819689801066,-0.000662768009216611,-0.000658583086403914,-0.000654241779070855,-0.00064971673926608,-0.000644975284939,-0.00063997789340286,-0.000634676170118692,-0.000629010081016349,-0.00062290413875684,-0.000616262085058111,-0.000608959384304213,-0.000600832494034404,-0.000591663337751225,-0.000581156575303011,-0.000568906015850846,-0.000554344731349949,-0.000536671194323561,-0.000514742034129099,-0.000486924542210341,-0.000450920486249456,-0.000403636753592788,-0.000341342080397892,-0.000260629085251886,-0.00016076905986742,-4.68546999546015e-05,6.95272863888664e-05,0.000175021721906056,0.000261091804408172,0.000326128400088859,0.000372957910170705,0.000405725141674299,0.000428196480467937,0.000443270517108993,0.000453027992333704,0.000458923412157233,0.000461968226729,0.000462869765998636,0.000462128197668622,0.000460102066105733,0.000457052198721868,0.000453171190990519,0.000448603370501474,0.000443458466190578,0.000437821085380475,0.000431757370048542,0.000425319732600335,0.000418550267782427,0.000411483240537601,0.000404146920884786,0.000396564951842551,0.000388757379568174,0.000380741436456857,0.000372532141668965,0.000364142765381721,0.000355585190358602,0.000346870195451312,0.000338007679240269,0.00032900683740242,0.000319876304034888,0.000310624264697065,0.000301258547108493,0.000291786694075348,0.000282216022195889,0.000272553669117975,0.000262806631530371,0.000252981795611541,0.000243085961310043,0.000233125861556764,0.00022310817729472,0.000213039549042122,0.000202926585573499,0.000192775870198638,0.000182593965030169,0.000172387413563166,0.00016216274183704,0.00015192645840769,0.000141685053319809,0.000131444996234593,0.000121212733850386,0.000110994686729534,0.000100797245627445,9.06267674088655e-05,8.04895706253209e-05,7.03919308173949e-05,6.03400755974821e-05,5.03401795598352e-05,4.03983590588596e-05,3.05206668926167e-05,2.07130869264889e-05,1.09815286856198e-05,1.33182194017242e-06,-8.23028869261985e-06,-1.76991491075175e-05,-2.70692010122427e-05,-3.63349871547701e-05,-4.54911564607731e-05,-5.45324690680894e-05,-6.34538012443502e-05,-7.22501501760099e-05,-8.09166386186548e-05,-8.9448519398079e-05,-9.78411797543897e-05,-0.000106090145520179,-0.000114191085124594,-0.000122139813416956,-0.00012993229530377,-0.000137564649194954,-0.000145033150252171,-0.000152334233434793,-0.00015946449633775,-0.000166420701818271,-0.00017319978040807,-0.00017979883250771,-0.000186215130359508,-0.000192446119796782,-0.000198489421767763,-0.000204342833630793,-0.000210004330219712,-0.000215472064678413,-0.000220744369061773,-0.000225819754701744,-0.000230696912336483,-0.000235374712002523,-0.000239852202687209,-0.000244128611739756,-0.00024820334404127,-0.000252075980930667,-0.000255746278883183,-0.000259214167939687,-0.000262479749884061,-0.000265543296166742,-0.000268405245568839,-0.000271066201600003,-0.000273526929624002,-0.000275788353704445,-0.000277851553160638,-0.000279717758821837,-0.000281388348964995,-0.000282864844917635,-0.000284148906305036,-0.000285242325914856,-0.000286147024145665,-0.000286865042999592,-0.000287398539569416,-0.000287749778961446,-0.000287921126579712,-0.000287915039680037,-0.000287734058081796,-0.000287380793899157,-0.000286857920119035,-0.000286168157809824,-0.000285314261692725,-0.000284299003735165,-0.000283125154337203,-0.000281795460568047,-0.000280312620757607,-0.000278679254550725,-0.00027689786726818,-0.000274970807069814,-0.000272900212948452,-0.00027068795094925,-0.000268335535142502,-0.000265844028683925,-0.000263213918635892,-0.000260444955886174,-0.000257535948177262,-0.00025448448948247,-0.000251286602011446,-0.000247936256879713,-0.000244424724177962,-0.000240739680026972,-0.000236863962685808,-0.000232773814534563,-0.000228436359664623,-0.000223805927851548,-0.000218818611848524,-0.000213384082816282,-0.00020737310629449,-0.000200598289255455,-0.000192784265540473,-0.000183521999348622,-0.000172201614536696,-0.000157924889715419,-0.000139429977172006,-0.000115156250577193,-8.37603636689287e-05,-4.5424370502978e-05,-3.36740661197044e-06,3.66608727850952e-05,6.96488919115147e-05,9.38506415960487e-05,0.000110226222173546,0.000120679751781454,0.000126972697278062,0.000130417757749284,0.000131915962777636,0.000132069394691543,0.00013127992962864,0.000129818792274756,0.000127872088525652,0.000125569932111898,0.000123005052226534,0.000120244787567584,0.00011733892424947,0.000114324899290457,0.000111231312381702,0.000108080334932233,0.000104889389001229,0.000101672335235325,9.84403255774122e-05,9.52024237520881e-05,9.19660626514901e-05,8.87373856700612e-05,8.5521504447916e-05,8.23226957082021e-05,7.91445532361693e-05,7.5990106483727e-05,7.28619141070271e-05,6.97621385087185e-05,6.66926058648367e-05,6.36548549718128e-05,6.06501774182968e-05,5.76796509762023e-05,5.47441676555464e-05,5.18444575319894e-05,4.89811092033374e-05,4.61545875400067e-05,4.33652492487085e-05,4.0613356656072e-05,3.78990900332119e-05,3.52225587147443e-05,3.25838112130534e-05,2.99828444879297e-05,2.74196124992396e-05,2.48940341447393e-05,2.24060006642299e-05,1.99553825752262e-05,1.75420361927343e-05,1.51658097757726e-05,1.28265493347978e-05,1.05241041282655e-05,8.25833187128363e-06,6.02910367548601e-06,3.83630873628492e-06,1.67985878147744e-06,-4.40307706346503e-07,-2.5242214815157e-06,-4.57187873064736e-06,-6.58323746163206e-06,-8.55821407537687e-06,-1.04966801097927e-05,-1.23984591448665e-05,-1.42633238571933e-05,-1.6090993212434e-05,-1.78811297834175e-05,-1.96333371798689e-05,-2.13471575753865e-05,-2.30220693177123e-05,-2.46574846066404e-05,-2.62527472235765e-05,-2.78071302969706e-05,-2.9319834086881e-05,-3.07899837721122e-05,-3.22166272238248e-05,-3.35987327502035e-05,-3.49351867978505e-05,-3.6224791597133e-05,-3.74662627412618e-05,-3.86582266912096e-05,-3.97992182025924e-05,-4.08876776759942e-05,-4.1921948438565e-05,-4.29002739720016e-05,-4.38207951119866e-05,-4.46815472560655e-05,-4.54804576306752e-05,-4.62153426856286e-05,-4.68839057042557e-05,-4.74837347417866e-05,-4.80123010328077e-05,-4.84669580414752e-05,-4.88449413661679e-05,-4.91433697539551e-05,-4.93592475286596e-05,-4.94894687910422e-05,-4.9530823808582e-05,-4.94800080753405e-05,-4.93336345880678e-05,-4.90882499497949e-05,-4.87403549741944e-05,-4.82864305165016e-05,-4.77229692935487e-05,-4.7046514468962e-05,-4.62537057576442e-05,-4.53413337361025e-05,-4.43064029165361e-05,-4.31462039378137e-05,-4.18583949319423e-05,-4.04410917276342e-05,-3.88929660435976e-05,-3.72133502035844e-05,-3.54023461819858e-05,-3.34609359885639e-05,-3.13910895654392e-05,-2.91958655601306e-05,-2.68794996367847e-05,-2.44474744904768e-05,-2.19065655415796e-05,-1.92648565072564e-05,-1.6531719754782e-05,-1.37177575771528e-05,-1.08347022813814e-05,-7.89527516335473e-06,-4.91300691029487e-06,-1.90202451294443e-06,1.12318786205145e-06,4.14804464733383e-06,7.15812061064707e-06,1.01394073702059e-05,1.30785538774267e-05,1.59630812425677e-05,1.87815641463219e-05,2.1523773415996e-05,2.4180776896966e-05,2.67449982663524e-05,2.92102356963136e-05,3.15716441170043e-05,3.38256861599781e-05,3.59700576563968e-05,3.80035938537518e-05,3.99261623742759e-05,4.17385484671809e-05,4.34423374118943e-05,4.50397981102205e-05,4.65337710471815e-05,4.79275629705726e-05,4.92248498838383e-05,5.04295892934888e-05,5.15459421137582e-05,5.25782042070148e-05,5.35307472222021e-05,5.44079681719946e-05,5.52142470475873e-05,5.59539116927899e-05,5.66312091322503e-05,5.72502825589316e-05,5.78151532217939e-05,5.83297065076516e-05,5.87976815746676e-05,5.92226639627379e-05,5.96080806738869e-05,5.9957197281333e-05,6.02731166876877e-05,6.05587792094292e-05,6.08169637162795e-05,6.10502895989585e-05,6.12612193784095e-05,6.14520618039092e-05,6.16249753170508e-05,6.17819717833564e-05,6.19249204143364e-05,6.20555518200698e-05,6.21754621459485e-05,6.22861172599014e-05,6.2388856965202e-05,6.24848992209787e-05,6.2575344359805e-05,6.26611792954217e-05,6.27432817164771e-05,6.28224242651149e-05,6.28992787009269e-05,6.29744200514636e-05,6.30483307506513e-05,6.31214047667958e-05,6.31939517218754e-05,6.32662010032412e-05,6.33383058672487e-05,6.34103475348601e-05,6.34823392786756e-05,6.35542304983031e-05,6.36259107809024e-05,6.36972139437626e-05,6.37679220541658e-05,6.38377694210527e-05,6.39064465527963e-05,6.39736040747825e-05,6.40388565997761e-05,6.41017865436301e-05,6.41619478794053e-05,6.42188698219623e-05,6.42720604357647e-05,6.43210101588122e-05,6.43651952350315e-05,6.44040810476396e-05,6.44371253472591e-05,6.44637813678956e-05,6.44835008246523e-05,6.44957367887545e-05,6.44999464353667e-05,6.44955936589513e-05,6.44821515522753e-05,6.44591047465641e-05,6.44259516111448e-05,6.43822063106465e-05,6.43274007181317e-05,6.42610861835112e-05,6.41828351581929e-05,6.4092242676869e-05,6.39889276976297e-05,6.38725343015106e-05,6.37427327551243e-05,6.35992204391332e-05,6.3441722645826e-05,6.32699932496296e-05,6.30838152544215e-05,6.28830012220777e-05,6.2667393586029e-05,6.2436864854647e-05,6.21913177094729e-05,6.19306850041055e-05,6.16549296692439e-05,6.13640445290119e-05,6.10580520342945e-05,6.07370039185651e-05,6.04009807809985e-05,6.00500916021138e-05,5.96844731980753e-05,5.93042896190315e-05,5.89097314954365e-05,5.85010153382279e-05,5.80783827977931e-05,5.76420998850812e-05,5.71924561611255e-05,5.67297638987066e-05,5.62543572200092e-05,5.57665912147912e-05,5.52668410419999e-05,5.47555010193997e-05,5.42329837043762e-05,5.36997189694993e-05,5.31561530755335e-05,5.26027477446497e-05,5.20399792364647e-05,5.14683374301713e-05,5.08883249153297e-05,5.03004560923614e-05,4.97052562854535e-05,4.91032608696713e-05,4.84950144140212e-05,4.78810698422011e-05,4.7261987612136e-05,4.66383349156402e-05,4.60106848990238e-05,4.53796159058557e-05,4.47457107427846e-05,4.4109555969063e-05,4.34717412097687e-05,4.28328584933125e-05,4.21935016139251e-05,4.15542655193956e-05,4.09157457242921e-05,4.02785377489456e-05,3.96432365838313e-05,3.90104361789028e-05,3.83807289585075e-05,3.77547053610587e-05,3.71329534034244e-05,3.65160582689438e-05,3.59046019184368e-05,3.52991627238231e-05,3.47003151238787e-05,3.41086293026739e-05,3.35246708891828e-05,3.29490006772439e-05,3.23821743659983e-05,3.18247423193429e-05,3.12772493433026e-05,3.07402344802178e-05,3.02142308198604e-05,2.96997653275021e-05,2.91973586857789e-05,2.8707525150537e-05,2.82307724198561e-05,2.7767601514829e-05,2.73185066710681e-05,2.68839752410443e-05,2.646448760589e-05,2.60605170950105e-05,2.56725299140337e-05,2.53009850804103e-05,2.49463343641801e-05,2.46090222334044e-05,2.42894858036701e-05,2.39881547906412e-05,2.37054514641514e-05,2.34417906040691e-05,2.31975794565773e-05,2.29732176904012e-05,2.27690973523195e-05,2.25856028213782e-05,2.24231107614752e-05,2.22819900714075e-05,2.21626018312923e-05,2.2065299243916e-05,2.19904275711551e-05,2.19383240662504e-05,2.19093179001564e-05,2.19037300816897e-05,2.19218733705975e-05,2.1964052183172e-05,2.20305624907581e-05,2.21216917106366e-05,2.22377185891461e-05,2.23789130768572e-05,2.25455361957342e-05,2.27378398971884e-05,2.29560669110906e-05,2.32004505863505e-05,2.34712147224193e-05,2.37685733916384e-05,2.40927307528643e-05,2.44438808573687e-05,2.48222074465052e-05,2.52278837410292e-05,2.56610722220666e-05,2.61219244045673e-05,2.66105806033291e-05,2.71271696919029e-05,2.7671808855545e-05,2.82446033390612e-05,2.88456461903768e-05,2.94750179995595e-05,3.01327866340916e-05,3.08190069709981e-05,3.15337206263158e-05,3.22769556828102e-05,3.30487264171807e-05,3.38490330278485e-05,3.46778613637203e-05,3.55351826540218e-05,3.64209532414637e-05,3.73351143197424e-05,3.82775916763934e-05,3.92482954425285e-05,4.02471198507684e-05,4.12739430014335e-05,4.23286266372138e-05,4.34110159283074e-05,4.45209392682527e-05,4.56582080826853e-05,4.6822616652023e-05,4.8013941948824e-05,4.92319434892922e-05,5.04763632005762e-05,5.17469253066352e-05,5.30433362325045e-05,5.43652845264985e-05,5.57124408018059e-05,5.70844576988187e-05,5.84809698686364e-05,5.99015939782115e-05,6.13459287373275e-05,6.28135549467015e-05,6.43040355678276e-05,6.58169158155482e-05,6.7351723274477e-05,6.89079680387897e-05,7.04851428751686e-05,7.20827234090681e-05,7.37001683332392e-05,7.53369196383954e-05,7.69924028660631e-05,7.86660273835553e-05,8.03571866797095e-05,8.20652586835512e-05,8.37896061046343e-05,8.55295767926111e-05,8.72845041154161e-05,8.90537073554975e-05,9.08364921247077e-05,9.26321507968494e-05,9.44399629559667e-05,9.62591958601194e-05,9.80891049195722e-05,9.99289341883716e-05,0.000101777916868832,0.000103635275827789,0.000105500224124262,0.00010737196554603,0.000109249695155116,0.000111132599842353,0.000113019858888539,0.000114910644531431,0.000116804122536406,0.000118699452772177,0.000120595789790848,0.000122492283409339,0.000124388079293648,0.000126282319545461,0.000128174143287828,0.000130062687250777,0.000131947086355402,0.000133826474296252,0.000135699984121739,0.000137566748810453,0.000139425901845028,0.000141276577781908,0.000143117912815443,0.000144949045336865,0.000146769116487221,0.000148577270702572,0.000150372656252833,0.000152154425772381,0.000153921736782192,0.000155673752204689,0.000157409640870573,0.000159128578015189,0.000160829745764483,0.000162512333610809,0.000164175538878812,0.000165818567179836,0.000167440632855346,0.000169040959408184,0.000170618779923484,0.000172173337475736,0.000173703885521626,0.000175209688281625,0.000176690021110495,0.000178144170853954,0.00017957143619176,0.000180971127965297,0.000182342569490585,0.000183685096857868,0.000184998059215947,0.000186280819043056,0.000187532752400934,0.000188753249172616,0.000189941713285673,0.000191097562920121,0.00019222023070091,0.000193309163872408,0.000194363824455521,0.000195383689390021,0.000196368250661511,0.000197317015412639,0.000198229506038376,0.00019910526026538,0.000199943831216447,0.000200744787458216,0.000201507713031228,0.000202232207463033,0.00020291788576756,0.000203564378428903,0.000204171331367145,0.000204738405888655,0.000205265278621414,0.000205751641435437,0.000206197201348748,0.00020660168041978,0.000206964815624835,0.000207286358720776,0.000207566076092434,0.000207803748586744,0.000207999171334558,0.000208152153558835,0.000208262518369636,0.000208330102548521,0.000208354756323539,0.000208336343129872,0.000208274739360081,0.000208169834105064,0.000208021528886205,0.000207829737375795,0.00020759438510954,0.000207315409191621,0.000206992757991558,0.000206626390833041,0.000206216277678591,0.000205762398811718,0.000205264744513524,0.000204723314736061,0.000204138118772734,0.000203509174924503,0.000202836510164804,0.00020212015980374,0.000201360167151596,0.000200556583186302,0.000199709466222234,0.000198818881578099,0.000197884901249348,0.000196907603586309,0.000195887072978435,0.00019482339954198,0.000193716678811302,0.000192567011441186,0.000191374502919388,0.00019013926328771,0.000188861406873977,0.00018754105203752,0.000186178320927821,0.000184773339255324,0.000183326236073894,0.000181837143579083,0.000180306196922331,0.000178733534043359,0.000177119295521187,0.00017546362444408,0.000173766666297981,0.000172028568874834,0.00017024948219841,0.000168429558474764,0.000166568952065752,0.00016466781948396,0.00016272631941093,0.000160744612736727,0.000158722862620864,0.000156661234579053,0.000154559896595345,0.000152419019257478,0.000150238775916356,0.00014801934287411,0.000145760899597121,0.000143463628956016,0.000141127717492834,0.000138753355711514,0.000136340738390743,0.000133890064925292,0.00013140153969133,0.000128875372432717,0.000126311778670618,0.000123710980134792,0.00012107320521991,0.000118398689461861,0.00011568767603793,0.000112940416291528,0.00011015717027487,0.000107338207309411,0.000104483806562486,0.000101594257639587,9.8669861190212e-05,9.57109295273359e-05,9.27177872588059e-05,8.96907719313209e-05,8.6630234683728e-05,8.35365409094582e-05,8.04100709241445e-05,7.72512206347331e-05,7.40604022076846e-05,7.08380447387025e-05,6.75845949228773e-05,6.43005177209527e-05,6.09862970203517e-05,5.76424362928735e-05,5.42694592415641e-05,5.08679104348347e-05,4.74383559288249e-05,4.39813838745071e-05,4.04976051088593e-05,3.69876537286845e-05,3.34521876446253e-05,2.9891889114661e-05,2.63074652529921e-05,2.26996485132927e-05,1.90691971438742e-05,1.54168956173623e-05,1.17435550314113e-05,8.05001347600059e-06,4.33713636924238e-06,6.05816759556566e-07,-3.14302441067199e-06,-6.90843807776148e-06,-1.06894468633323e-05,-1.4485044920888e-05,-1.82941978240578e-05,-2.21158424938556e-05,-2.59488871658803e-05,-2.97922113992391e-05,-3.36446661278605e-05,-3.75050737572505e-05,-4.13722283039777e-05,-4.52448955753151e-05,-4.91218133911522e-05,-5.30016918480619e-05,-5.68832136274566e-05,-6.07650343474528e-05,-6.46457829530309e-05,-6.85240621448521e-05,-7.23984488420065e-05,-7.62674946823833e-05,-8.01297265587697e-05,-8.39836471883612e-05,-8.78277357158411e-05,-9.16604483484698e-05,-9.54802190227047e-05,-9.92854600968818e-05,-0.000103074563070529,-0.000106845899327537,-0.000110597820900352,-0.000114328661253014,-0.000118036736081122,-0.000121720344125074,-0.000125377767994407,-0.000129007275000828,-0.000132607117998312,-0.000136175536226378,-0.000139710756154279,-0.000143210992325393,-0.000146674448194814,-0.000150099316962568,-0.000153483782395311,-0.000156826019631601,-0.000160124195971029,-0.000163376471646846,-0.000166581000576871,-0.000169735931090736,-0.000172839406631868,-0.000175889566434863,-0.000178884546170495,-0.000181822478558566,-0.000184701493949987,-0.000187519720874746,-0.000190275286554284,-0.000192966317377058,-0.000195590939337048,-0.000198147278431468,-0.000200633461021879,-0.000203047614160796,-0.000205387865882596,-0.000207652345462307,-0.000209839183643756,-0.000211946512834009,-0.000213972467271784,-0.000215915183172682,-0.000217772798857256,-0.000219543454867209,-0.000221225294072432,-0.000222816461778963,-0.000224315105846966,-0.000225719376822052,-0.000227027428092018,-0.000228237416080614,-0.000229347500487566,-0.000230355844591197,-0.000231260615624944,-0.000232059985242221,-0.000232752130091191,-0.00023333523251521,-0.000233807481395343,-0.00023416707315712,-0.000234412212962151,-0.00023454111610767,-0.000234552009658433,-0.000234443134337996,-0.00023421274670794,-0.000233859121663269,-0.000233380555269846,-0.000232775367973597,-0.000232041908213406,-0.000231178556468585,-0.000230183729772456,-0.000229055886721369,-0.000227793533004898,-0.000226395227488869,-0.000224859588878093,-0.000223185302981235,-0.000221371130599519,-0.000219415916058053,-0.00021731859638956,-0.000215078211181843,-0.000212693913094201,-0.000210164979029891,-0.000207490821952077,-0.000204671003320417,-0.000201705246113879,-0.000198593448393881,-0.000195335697348208,-0.000191932283742886,-0.000188383716699558,-0.000184690738694759,-0.000180854340663041,-0.000176875777070051,-0.000172756580805983,-0.000168498577735317,-0.000164103900723189,-0.000159575002946069,-0.000154914670283557,-0.000150126032577046,-0.000145212573533119,-0.000140178139046206,-0.00013502694371385,-0.000129763575321334,-0.000124392997082723,-0.000118920547441101,-0.0001133519372436,-0.000107693244131353,-0.000101950904014492,-9.61316995347732e-05,-9.02427454555314e-05,-8.42914709613743e-05,-7.82855988972347e-05,-7.22331220229348e-05,-6.61422764047515e-05,-6.00215121160826e-05,-5.38794614670345e-05,-4.77249050276213e-05,-4.15667357517371e-05,-3.54139215465732e-05,-2.9275466659491e-05,-2.31603722813181e-05,-1.70775967821106e-05,-1.10360160019661e-05,-5.04438401861471e-06,8.88705193515665e-07,6.75485481530305e-06,1.25459005737849e-05,1.82539441310192e-05,2.3871384167564e-05,2.93909448985628e-05,3.4805701808225e-05,4.01091044328894e-05,4.52949960750883e-05,5.03576303819975e-05,5.5291684767176e-05,6.00922707002828e-05,6.47549409307294e-05,6.92756937508664e-05,7.36509744380942e-05,7.78776740419547e-05,8.19531257070794e-05,8.58750987412782e-05,8.96417906471568e-05,9.32518173458012e-05,9.67042018259513e-05,9.99983614478756e-05,0.000103134094125792,0.000106111563606088,0.000108931284047115,0.000111594104093744,0.000114101190626371,0.000116454012348232,0.000118654323356539,0.000120704146826987,0.000122605758925337,0.000124361673040394,0.000125974624421904,0.000127447555288158,0.000128783600456012,0.000129986073532009,0.000131058453690932,0.000132004373062645,0.000132827604736162,0.000133532051379066,0.000134121734463314,0.000134600784083127,0.000134973429346277,0.000135243989317906,0.000135416864489563,0.00013549652874556,0.000135487521797522,0.000135394442055355,0.000135221939901814,0.000134974711338914,0.000134657491974586,0.000134275051316645,0.000133832187343523,0.000133333721322893,0.000132784492850261,0.000132189355080511,0.000131553170127932,0.00013088080461222,0.000130177125325689,0.00012944699500337,0.000128695268179702,0.000127926787113288,0.000127146377764654,0.0001263588458159,0.000125568972719509,0.000124781511768222,0.00012400118417847,0.000123232675177429,0.000122480630090772,0.000121749650429645,0.000121044289975177,0.000120369050857255,0.000119728379629667,0.000119126663343863,0.000118568225623075,0.00011805732274027,0.000117598139705483,0.000117194786367975,0.000116851293539052,0.000116571609144394,0.000116359594414129,0.000116219020117391,0.000116153562851707,0.000116166801396665,0.000116262213141725,0.000116443170598564,0.000116712938009682,0.000117074668063689,0.000117531398727992,0.000118086050208056,0.000118741422043274,0.00011950019035057,0.000120364905223484,0.000121337988295986,0.000122421730479855,0.000123618289883498,0.000124929689919534,0.000126357817607808,0.000127904422076733,0.000129571113267356,0.000131359360844213,0.000133270493314734,0.000135305697356231,0.00013746601734918,0.000139752355113959,0.000142165469846078,0.000144705978246375,0.000147374354839615,0.000150170932473596,0.000153095902990875,0.000156149318061821,0.000159331090166401,0.000162640993710036,0.000166078666261261,0.000169643609900294,0.000173335192662619,0.000177152650057841,0.00018109508664961,0.000185161477683132,0.00018935067074298,0.000193661387424528,0.000198092225003686,0.000202641658091009,0.000207308040256017,0.000212089605608368,0.000216984470322493,0.000221990634094893,0.000227105981527087,0.00023232828342571,0.000237655198015191,0.000243084272058249,0.000248612941879792,0.000254238534292954,0.000259958267431623,0.000265769251492638,0.000271668489391537,0.000277652877339107,0.000283719205348656,0.000289864157682229,0.000296084313248228,0.000302376145963699,0.000308736025095131,0.000315160215593434,0.000321644878440941,0.000328186071030606,0.000334779747590962,0.000341421759670495,0.000348107856702633,0.000354833686669859,0.00036159479688503,0.00036838663490852,0.000375204549614101,0.000382043792419851,0.000388899518699373,0.000395766789385583,0.000402640572780104,0.00040951574658131,0.000416387100139373,0.000423249336943453,0.000430097077345475,0.000436924861526904,0.000443727152714728,0.000450498340646394,0.000457232745281935,0.000463924620761003,0.000470568159603516,0.000477157497146705,0.000483686716212871,0.00049014985200365,0.000496540897211593,0.000502853807337895,0.000509082506204898,0.000515220891650757,0.000521262841396225,0.000527202219071779,0.000533032880387398,0.000538748679435909,0.000544343475115276,0.000549811137656148,0.000555145555239209,0.000560340640685206,0.000565390338201986,0.000570288630178273,0.000575029544009967,0.000579607158943229,0.000584015612917453,0.000588249109396283,0.000592301924175677,0.000596168412157053,0.00059984301407448,0.000603320263161899,0.000606594791747628,0.00060966133776709,0.000612514751185941,0.000615150000324111,0.00061756217806766,0.000619746507960095,0.000621698350166289,0.000623413207302789,0.000624886730126201,0.000626114723074542,0.000627093149655936,0.000627818137678579,0.000628285984312207,0.00062849316098143,0.000628436318088649,0.000628112289556185,0.00062751809718628,0.000626650954833913,0.000625508272390551,0.000624087659578387,0.00062238692955148,0.000620404102309471,0.00061813740791683,0.00061558528952381,0.00061274640618067,0.000609619635448519,0.000606204075815006,0.00060249904891134,0.000598504101526801,0.000594219007418212,0.000589643768914294,0.000584778618315671,0.00057962401909066,0.000574180666869817,0.000568449490230036,0.000562431651274356,0.000556128546014459,0.000549541804553771,0.000542673291068288,0.000535525103581555,0.000528099573539359,0.000520399265186669,0.00051242697474746,0.000504185729409176,0.000495678786105014,0.000486909630100327,0.000477881973387023,0.000468599752885157,0.000459067128452839,0.000449288480713558,0.000439268408695709,0.000429011727289402,0.000418523464528947,0.000407808858686937,0.000396873355187677,0.000385722603341437,0.000374362452901914,0.000362798950453103,0.000351038335629411,0.000339087037164829,0.00032695166877339,0.000314639024863977,0.000302156076091173,0.000289509964752813,0.000276708000037498,0.000263757653118701,0.000250666552096296,0.000237442476787475,0.000224093353367524,0.000210627248862352,0.000197052365503922,0.000183377034950638,0.000169609712377186,0.000155758970432698,0.000141833493073021,0.000127842069272771,0.00011379358660904,9.96970247203188e-05,8.55614486545975e-05,7.13960021066634e-05,5.72099005383131e-05,4.30124241925928e-05,2.88129110064539e-05,1.46207494218231e-05,4.45371097917979e-07,-1.37037564689746e-05,-2.781713741766e-05,-4.1885255083085e-05,-5.5898579643332e-05,-6.98475758480338e-05,-8.37227108323318e-05,-9.7514462005524e-05,-0.000111213325012377,-0.000124809821764632,-0.000138294508530049,-0.000151657984081857,-0.000164890897916284,-0.000177983958532524,-0.00019092794176423,-0.000203713699158906,-0.000216332166406208,-0.000228774371813345,-0.000241031444823639,-0.000253094624576358,-0.000264955268496458,-0.000276604860911245,-0.000288035021697913,-0.000299237514943859,-0.000310204257621752,-0.000320927328286161,-0.000331398975776637,-0.00034161162792537,-0.000351557900267072,-0.000361230604739082,-0.000370622758365913,-0.000379727591923174,-0.000388538558571197,-0.000397049342453618,-0.000405253867250807,-0.000413146304670639,-0.000420721082878245,-0.000427972894849957,-0.000434896706644233,-0.00044148776557347,-0.000447741608261304,-0.000453654068566151,-0.000459221285360453,-0.000464439710151518,-0.000469306114515858,-0.00047381759732408,-0.000477971591742607,-0.00048176587198219,-0.000485198559766614,-0.000488268130495531,-0.000490973419077709,-0.000493313625404279,-0.000495288319431589,-0.000496897445839944,-0.000498141328226329,-0.000499020672794476,-0.00049953657150785,-0.000499690504664127,-0.000499484342845843,-0.00049892034821343,-0.000498001175098364,-0.000496729869855092,-0.00049510986992661,-0.000493145002089454,-0.000490839479832195,-0.000488197899825515,-0.000485225237448109,-0.000481926841336133,-0.000478308426920399,-0.000474376068924032,-0.000470136192804144,-0.000465595565114232,-0.000460761282766828,-0.000455640761191825,-0.000450241721396114,-0.000444572175922753,-0.000438640413721492,-0.000432454983960662,-0.000426024678811879,-0.000419358515246007,-0.000412465715896607,-0.000405355689047648,-0.000398038007817014,-0.000390522388620765,-0.000382818669002583,-0.000374936784925284,-0.000366886747636852,-0.000358678620231964,-0.000350322494033772,-0.000341828464922492,-0.000333206609744688,-0.000324466962945191,-0.000315619493572145,-0.000306674082796915,-0.000297640502092619,-0.000288528392211593,-0.000279347243112432,-0.000270106374970089,-0.000260814920398464,-0.000251481808011503,-0.000242115747433436,-0.000232725215848009,-0.000223318446179788,-0.000213903416987599,-0.000204487844129547,-0.000195079174248602,-0.000185684580099391,-0.000176310957724524,-0.000166964925483667,-0.000157652824911883,-0.000148380723374336,-0.000139154418454954,-0.00012997944400743,-0.000120861077786666,-0.000111804350562225,-0.000102814056599315,-9.38947653827821e-05,-8.50508344513584e-05,-7.62864231989013e-05,-6.76055074898263e-05,-5.90118949301832e-05,-5.05092406411084e-05,-4.21010633728375e-05,-3.37907617968397e-05,-2.55816308160767e-05,-1.74768777342349e-05,-9.479638130791e-06,-1.5929912942636e-06,6.18002492250302e-06,1.38363999549473e-05,2.1373137220157e-05,2.87872417595314e-05,3.60757089258451e-05,4.3235514207679e-05,5.0263604266354e-05,5.71568892468732e-05,6.39122364165107e-05,7.05264651697096e-05,7.6996343426991e-05,8.33185854349078e-05,8.94898509644498e-05,9.55067458995318e-05,0.000101365824186239,0.00010706359110399,0.000112596507813395,0.00011796099713067,0.000123153450461391,0.0001281702358195,0.000133007706861782,0.000137662212849235,0.000142130109439628,0.000146407770224663,0.000150491598912339,0.000154378042063308,0.000158063602279893,0.000161544851746687,0.000164818446023313,0.000167881137993028,0.000170729791877086,0.000173361397222918,0.000175773082779981,0.000177962130179565,0.000179925987337903,0.000181662281510425,0.000183168831927982,0.000184443661952055,0.000185485010689782,0.00018629134401757,0.000186861364970162,0.000187194023452714,0.000187288525241039,0.000187144340244139,0.000186761210005493,0.000186139154422268,0.000185278477664641,0.000184179773290022,0.000182843928547186,0.000181272127870905,0.000179465855568092,0.000177426897705127,0.000175157343203905,0.000172659584154689,0.000169936315371447,0.00016699053320296,0.000163825533621528,0.000160444909610633,0.00015685254786818,0.000153052624844885,0.000149049602145235,0.000144848221321381,0.000140453498081755,0.000135870715942635,0.000131105419348201,0.00012616340628667,0.00012105072043056,0.000115773642824765,0.000110338683144931,0.000104752570551592,9.90222441733524e-05,9.31548432324958e-05,8.71576968392712e-05,8.10383134834253e-05,7.48043702351597e-05,6.84637016855755e-05,6.20242886483768e-05,5.5494246643889e-05,4.88818141822084e-05,4.21953408677733e-05,3.54432753386924e-05,2.86341530548601e-05,2.17765839554129e-05,1.48792400114922e-05,7.95084268802315e-06,1.00015032575285e-06,-5.96405454171556e-06,-1.29329779132992e-05,-1.98978270684325e-05,-2.68498233302605e-05,-3.37802148282912e-05,-4.06802892480018e-05,-4.75413865573676e-05,-5.43549116892167e-05,-6.11123471647296e-05,-6.78052656464811e-05,-7.44253424071195e-05,-8.09643676943778e-05,-8.74142589779719e-05,-9.37670730628559e-05,-0.000100015018054678,-0.000106150465164281,-0.000112165960336683,-0.000118054235684006,-0.000123808220698227,-0.00012942105323388,-0.000134886090242023,-0.000140196918235802,-0.000145347363463666,-0.000150331501774015,-0.000155143668150212,-0.000159778465893254,-0.000164230775431276,-0.000168495762735782,-0.000172568887318356,-0.000176445909786868,-0.000180122898938415,-0.000183596238366002,-0.000186862632551771,-0.000189919112421846,-0.000192763040337482,-0.000195392114502646,-0.000197804372764204,-0.000199998195772752,-0.000201972309482573,-0.000203725786976097,-0.000205258049593815,-0.000206568867348655,-0.000207658358594223,-0.000208526988936017,-0.000209175569378023,-0.000209605253683631,-0.000209817534941495,-0.000209814241336648,-0.000209597531120972,-0.000209169886778965,-0.000208534108385797,-0.000207693306166587,-0.000206650892276825,-0.000205410571817277,-0.000203976333101624,-0.000202352437193618,-0.000200543406739834,-0.000198554014134808,-0.000196389269060529,-0.000194054405443025,-0.000191554867870425,-0.000188896297524679,-0.000186084517690435,-0.000183125518893962,-0.000180025443735354,-0.000176790571478111,-0.000173427302468041,-0.000169942142456136,-0.000166341686900703,-0.000162632605329741,-0.000158821625830086,-0.000154915519735115,-0.000150921086595701,-0.000146845139505747,-0.000142694490858089,-0.000138475938601987,-0.000134196253066633,-0.000129862164410008,-0.000125480350750468,-0.000121057427037788,-0.000116599934709159,-0.000112114332171523,-0.000107606986140721,-0.000103084163866181,-9.85520262671569e-05,-9.40166219935631e-05,-8.94838824139627e-05,-8.49596175279341e-05,-8.04495127861987e-05,-7.59591268082657e-05,-7.1493889975599e-05,-6.70591038641477e-05,-6.26599414791651e-05,-5.83014482508221e-05,-5.39885437411472e-05,-4.97260240109876e-05,-4.55185645859627e-05,-4.13707239533267e-05,-3.72869475267837e-05,-3.32715720167687e-05,-2.93288301329506e-05,-2.54628555447084e-05,-2.16776880222064e-05,-1.79772786881374e-05,-1.43654953154576e-05,-1.08461276061844e-05,-7.42289237493088e-06,-4.09943857161005e-06,-8.79352084669216e-07,2.23383973323166e-06,5.23666387711869e-06,8.12569788764123e-06,1.08975664725106e-05,1.35489385971257e-05,1.60765250802816e-05,1.84770767207437e-05,2.07473829783797e-05,2.28842712300947e-05,2.488460661354e-05,2.67452924622366e-05,2.84632713340657e-05,3.00355266344768e-05,3.14590848221399e-05,3.27310181883686e-05,3.38484481904877e-05,3.48085493139735e-05,3.5608553435082e-05,3.62457546629058e-05,3.67175146263332e-05,3.70212681716497e-05,3.7154529431177e-05,3.71148982210023e-05,3.69000667248751e-05,3.65078264224911e-05,3.59360752217944e-05,3.51828247528094e-05,3.42462077749378e-05,3.31244856506818e-05,3.18160558390318e-05,3.03194593664555e-05,2.86333882362003e-05,2.67566927361629e-05,2.46883886044491e-05,2.24276640141893e-05,1.99738863424226e-05,1.73266086903601e-05,1.44855761237683e-05,1.1450731603968e-05,8.22222158090163e-06,4.8004012258851e-06,1.18583928077759e-06,-2.62067750202849e-06,-6.61814034071118e-06,-1.08053148408505e-05,-1.51807378601099e-05,-1.9742714829768e-05,-2.44893175422103e-05,-2.94183824065194e-05,-3.45275091772415e-05,-3.98140601586897e-05,-4.52751598869761e-05,-5.09076952866783e-05,-5.67083162912735e-05,-6.26734369232468e-05,-6.87992368336304e-05,-7.50816632865137e-05,-8.15164335753252e-05,-8.80990378583288e-05,-9.48247424071916e-05,-0.00010168859325619,-0.000108685420239035,-0.000115809841393144,-0.000123056267720779,-0.000130418908289333,-0.000137891775655534,-0.00014546869159842,-0.000153143293141679,-0.000160909038850868,-0.000168759215386567,-0.000176686944294374,-0.000184685189012358,-0.000192746762087172,-0.000200864332584004,-0.000209030433664568,-0.00021723747031191,-0.00022547772719389,-0.000233743376647763,-0.00024202648676875,-0.000250319029585742,-0.000258612889311824,-0.000266899870659996,-0.000275171707203627,-0.00028342006976901,-0.000291636574849867,-0.000299812793029437,-0.000307940257399462,-0.000316010471961801,-0.000324014920003488,-0.000331945072437133,-0.000339792396098215,-0.000347548361988581,-0.000355204453457672,-0.000362752174316604,-0.00037018305688289,-0.000377488669946822,-0.000384660626655181,-0.000391690592306149,-0.000398570292055901,-0.000405291518545119,-0.000411846139443492,-0.000418226104912267,-0.000424423454989581,-0.000430430326905824,-0.000436238962337139,-0.000441841714606254,-0.000447231055842164,-0.000452399584115977,-0.000457340030570241,-0.000462045266559602,-0.000466508310825252,-0.000470722336729283,-0.000474680679578385,-0.000478376844077116,-0.000481804511945259,-0.000484957549734696,-0.00048783001689659,-0.000490416174149091,-0.00049271049219831,-0.000494707660872166,-0.000496402598731023,-0.000497790463224124,-0.000498866661465612,-0.000499626861706799,-0.000500067005589577,-0.000500183321268145,-0.000499972337487872,-0.00049943089871822,-0.000498556181430333,-0.00049734571161672,-0.000495797383644643,-0.000493909480536417,-0.000491680695757307,-0.000489110156585308,-0.000486197449126501,-0.00048294264501704,-0.000479346329832903,-0.000475409633204027,-0.000471134260599394,-0.000466522526703421,-0.000461577390263757,-0.000456302490235573,-0.000450702182980212,-0.000444781580208033,-0.000438546587284105,-0.000432003941431627,-0.0004251612492739,-0.000418027023064798,-0.000410610714862151,-0.000402922747801432,-0.000394974543534894,-0.000386778544812647,-0.000378348232116497,-0.000369698133198867,-0.000360843824343631,-0.000351801922161676,-0.000342590064758865,-0.000333226881187299,-0.000323731948196605,-0.000314125733460322,-0.000304429524653906,-0.00029466534401237,-0.000284855848292867,-0.000275024214399833,-0.000265194011291735,-0.000255389059177012,-0.000245633277393558,-0.000235950522745689,-0.00022636442042983,-0.000216898189993389,-0.000207574469027152,-0.000198415137474067,-0.000189441145536876,-0.00018067234818207,-0.000172127349147375,-0.000163823357182458,-0.000155776056989836,-0.000147999496992426,-0.000140505995647931,-0.000133306067582439,-0.00012640837034213,-0.000119819672076155,-0.000113544839996801,-0.000107586849020683,-0.000101946809597565,-9.6624013394709e-05,-9.16159952277958e-05,-8.69186094234094e-05,-8.25261186607855e-05,-7.84312932689615e-05,-7.4625518946967e-05,-7.10989109211635e-05,-6.78404326501549e-05,-6.48380173214197e-05,-6.20786905421028e-05,-5.9548692804768e-05,-5.72336005021969e-05,-5.51184444531928e-05,-5.31878250919077e-05,-5.14260236562508e-05,-4.98171088725782e-05,-4.83450387828536e-05,-4.69937574919428e-05,-4.57472867256108e-05,-4.45898121798592e-05,-4.35057647120464e-05,-4.24798964748993e-05,-4.14973521322796e-05,-4.05437353159337e-05,-3.96051704823e-05,-3.86683603222741e-05,-3.77206388588423e-05,-3.67500203371576e-05,-3.57452439767418e-05,-3.4695814616275e-05,-3.35920392366823e-05,-3.24250593054243e-05,-3.11868788403537e-05,-2.98703880472449e-05,-2.84693823482535e-05,-2.69785765866469e-05,-2.53936141666085e-05,-2.37110708714017e-05,-2.19284530972239e-05,-2.00441902425894e-05,-1.8057621010821e-05,-1.59689734133411e-05,-1.37793383013889e-05,-1.14906363086892e-05,-9.10557815304164e-06,-6.6276183213268e-06,-4.06090224851566e-06,-1.41020719509818e-06,1.31912287738498e-06,4.12124803313499e-06,6.98990819371012e-06,9.9185034806229e-06,1.29001783881234e-05,1.59279090269741e-05,1.8994592614674e-05,2.20931383355313e-05,2.52165586586348e-05,2.83580601816748e-05,3.15111330700599e-05,3.46696381778935e-05,3.7827890967481e-05,4.09807413937133e-05,4.41236489796965e-05,4.72527523806797e-05,5.03649328131642e-05,5.34578708141324e-05,5.65300958791613e-05,5.95810286155851e-05,6.26110151310429e-05,6.56213534569183e-05,6.86143118790936e-05,7.15931391111271e-05,7.45620663003127e-05,7.75263009046706e-05,8.04920125125896e-05,8.34663107095145e-05,8.64572151142821e-05,8.94736177238509e-05,9.25252377190662e-05,9.56225688909865e-05,9.87768198551231e-05,0.000101999847233743,0.000105304082000598,0.000108702449204585,0.000112208281318773,0.000115835225498139,0.00011959714507857,0.000123508015712641,0.000127581816610271,0.000131832417439529,0.000136273461536263,0.000140918246176989,0.00014577960077963,0.000150869764012244,0.000156200260906469,0.000161781781180204,0.000167624060075342,0.000173735763102856,0.000180124376153876,0.000186796102473494,0.000193755768001746,0.000201006736561874,0.000208550836312747,0.000216388298774666,0.000224517711594468,0.000232935986028731,0.000241638339902116,0.000250618296544575,0.000259867699930517,0.000269376745950099,0.000279134029438393,0.000289126606289509,0.000299340069692941,0.000309758639264662,0.000320365261614879,0.000331141720700843,0.000342068756164351,0.000353126187759383,0.000364293043927072,0.000375547692582513,0.000386867972236655,0.000398231321674006,0.000409614906547461,0.000420995741424582,0.000432350806009851,0.000443657154485234,0.000454892017126611,0.000466032893570882,0.000477057637324418,0.000487944531299498,0.000498672354349253,0.000509220438937679,0.000519568720219736,0.00052969777692527,0.000539588864532703,0.000549223941289034,0.000558585687677395,0.000567657519963218,0.0005764235984628,0.000584868831170642,0.000592978873367359,0.000600740123799397,0.000608139717991812,0.00061516551921334,0.000621806107566972,0.000628050767633455,0.00063388947504997,0.000639312882358724,0.000644312304414425,0.000648879703600648,0.000653007675056695,0.00065668943208972,0.000659918791907743,0.000662690161780201,0.000664998525711308,0.000666839431682366,0.000668208979499721,0.000669103809271168,0.000669521090509342,0.000669458511854147,0.00066891427140315,0.000667887067621185,0.000666376090797796,0.000664381015018062,0.000661901990604577,0.000658939636987502,0.000655495035957188,0.000651569725254979,0.000647165692459685,0.000642285369129733,0.000636931625157468,0.000631107763287807,0.000624817513765731,0.000618065029078865,0.000610854878751288,0.000603192044157971,0.000595081913334808,0.000586530275751403,0.00057754331701787,0.000568127613499739,0.000558290126823846,0.000548038198251624,0.000537379542896919,0.000526322243777716,0.000514874745689606,0.000503045848884387,0.000490844702544443,0.000478280798041894,0.000465363961977341,0.000452104348990998,0.000438512434332031,0.000424599006187409,0.000410375157774326,0.000395852279196793,0.000381042049063599,0.000365956425863859,0.000350607639103495,0.000335008180202989,0.000319170793157034,0.000303108464964397,0.000286834415833034,0.000270362089169141,0.000253705141353602,0.000236877431312787,0.000219893009887395,0.000202766109003258,0.000185511130652127,0.000168142635700683,0.000150675332523997,0.000133124065470266,0.000115503803167757,9.78296266868767e-05,8.01167175661505e-05,6.23803457003996e-05,4.46358571037087e-05,2.68986615573757e-05,9.1842201457859e-06,-8.4919673088435e-06,-2.61143749128862e-05,-4.36674634644307e-05,-6.11356933037793e-05,-7.85035372473514e-05,-9.57554936097393e-05,-0.00011287609931078,-0.00012984994306238,-0.00014666167864176,-0.00016329603824787,-0.000179737845943023,-0.000195972031179187,-0.000211983642420255,-0.000227757860865749,-0.000243280014296604,-0.000258535591055015,-0.000273510254167247,-0.00028818985562272,-0.000302560450826758,-0.000316608313256458,-0.000330319949337438,-0.000343682113570817,-0.000356681823939248,-0.000369306377626527,-0.00038154336708579,-0.000393380696490114,-0.00040480659860663,-0.000415809652134114,-0.000426378799557411,-0.000436503365563848,-0.000446173076063774,-0.000455378077865234,-0.000464108959054674,-0.000472356770135643,-0.000480113045973979,-0.000487369828603527,-0.000494119690932097,-0.000500355761392374,-0.000506071749575947,-0.000511261972877923,-0.000515921384164494,-0.000520045600472641,-0.000523630932740611,-0.000526674416547725,-0.00052917384382168,-0.000531127795446944,-0.000532535674691394,-0.000533397741333111,-0.000533715146335899,-0.000533489966892585,-0.000532725241611388,-0.000531425005584389,-0.000529594325028644,-0.000527239331144173,-0.000524367252794443,-0.000520986447553558,-0.000517106430620293,-0.000512737901052412,-0.000507892764730747,-0.000502584153421415,-0.000496826439269564,-0.000490635244031486,-0.000484027442337304,-0.000477021158269593,-0.000469635754555109,-0.000461891813690517,-0.000453811110365118,-0.000445416574601176,-0.000436732245118053,-0.000427783212531098,-0.000418595552112086,-0.000409196245976046,-0.000399613094722036,-0.000389874618727692,-0.000380009949482112,-0.000370048711533066,-0.000360020895819144,-0.000349956725351375,-0.000339886514391347,-0.00032984052244768,-0.000319848804561422,-0.000309941059470957,-0.00030014647734334,-0.000290493588821619,-0.000281010117164048,-0.000271722835231435,-0.000262657429022463,-0.000253838369365801,-0.00024528879324922,-0.000237030396101796,-0.00022908333615991,-0.000221466151837213,-0.000214195692790818,-0.000207287065140532,-0.000200753591063071,-0.000194606782750524,-0.00018885633049924,-0.000183510104491538,-0.00017857416964729,-0.000174052812758486,-0.000169948580989739,-0.000166262330717704,-0.000162993285605782,-0.000160139102755752,-0.000157695945755404,-0.000155658563439472,-0.000154020373205187,-0.000152773547763753,-0.000151909104266143,-0.000151416994813858,-0.0001512861974408,-0.000151504806736251,-0.000152060123371857,-0.000152938741887411,-0.000154126636182923,-0.000155609242250623,-0.000157371537764239,-0.000159398118228023,-0.000161673269459608,-0.000164181036241551,-0.000166905287043592,-0.000169829774773783,-0.000172938193561629,-0.000176214231614048,-0.000179641620219412,-0.000183204179003103,-0.00018688585756383,-0.000190670773636298,-0.000194543247941027,-0.000198487835890111,-0.00020248935632218,-0.000206532917447801,-0.000210603940181815,-0.000214688179041394,-0.000218771740786938,-0.000222841100976021,-0.000226883118595665,-0.000230885048936497,-0.000234834554863672,-0.000238719716629164,-0.000242529040365425,-0.000246251465392127,-0.000249876370462972,-0.000253393579070629,-0.00025679336392059,-0.000260066450676489,-0.000263204021075603,-0.000266197715508842,-0.000269039635149362,-0.000271722343710624,-0.000274238868910853,-0.000276582703713744,-0.00027874780741155,-0.000280728606609468,-0.000282519996165492,-0.000284117340133644,-0.000285516472754679,-0.000286713699535361,-0.000287705798446107,-0.000288490021265523,-0.000289064095093015,-0.000289426224040077,-0.000289575091104066,-0.000289509860220364,-0.000289230178478889,-0.000288736178482456,-0.000288028480811713,-0.000287108196548255,-0.000285976929797045,-0.000284636780132252,-0.000283090344876225,-0.000281340721106443,-0.000279391507268037,-0.00027724680425489,-0.000274911215802934,-0.000272389848021633,-0.000269688307876857,-0.000266812700421861,-0.000263769624561719,-0.000260566167127121,-0.000257209895023206,-0.000253708845212412,-0.000250071512294472,-0.000246306833453537,-0.0002424241705518,-0.000238433289168307,-0.000234344334405223,-0.000230167803316826,-0.000225914513856701,-0.000221595570286628,-0.000217222325043082,-0.000212806337117687,-0.000208359327076711,-0.000203893128911803,-0.000199419638988022,-0.00019495076243054,-0.000190498357361946,-0.000186074177469448,-0.000181689813445884,-0.000177356633902035,-0.0001730857263903,-0.000168887839210818,-0.000164773324688477,-0.00016075208461176,-0.000156833518511491,-0.00015302647542492,-0.000149339209745325,-0.000145779341699319,-0.000142353822919604,-0.000139068907498955,-0.00013593012881802,-0.000132942282342901,-0.000130109414489342,-0.00012743481754828,-0.000124921030572388,-0.000122569846031746,-0.000120382321964752,-0.000118358799276646,-0.000116498923776,-0.00011480167248957,-0.000113265383760015,-0.000111887790604039,-0.000110666056797281,-0.000109596815150778,-0.000108676207453246,-0.000107899925572336,-0.000107263253234216,-0.000106761108032996,-0.000106388083258231,-0.00010613848917136,-0.000106006393404544,-0.000105985660197771,-0.000106069988233825,-0.000106252946873452,-0.000106528010632807,-0.000106888591783323,-0.000107328070989917,-0.000107839825934061,-0.000108417257897715,-0.000109053816308335,-0.000109743021265681,-0.000110478484091162,-0.000111253925954095,-0.000112063194641424,-0.000112900279547636,-0.000113759324969528,-0.00011463464179377,-0.000115520717669321,-0.000116412225758067,-0.000117304032156818,-0.000118191202083159,-0.000119069004914783,-0.000119932918170525,-0.000120778630516853,-0.000121602043880322,-0.000122399274742445,-0.000123166654688999,-0.000123900730281722,-0.000124598262315494,-0.000125256224519885,-0.000125871801759996,-0.00012644238778755,-0.00012696558258771,-0.000127439189363651,-0.000127861211198437,-0.000128229847430218,-0.000128543489773167,-0.000128800718213005,-0.000129000296702965,-0.00012914116868477,-0.000129222452456345,-0.000129243436405284,-0.000129203574124251,-0.000129102479423083,-0.000128939921250504,-0.000128715818536389,-0.000128430234963957,-0.000128083373678772,-0.000127675571939887,-0.000127207295717126,-0.000126679134235694,-0.000126091794467295,-0.000125446095564734,-0.00012474296323407,-0.00012398342403455,-0.000123168599593259,-0.000122299700715511,-0.000121378021366179,-0.000120404932489178,-0.000119381875621776,-0.000118310356247459,-0.000117191936813739,-0.000116028229317914,-0.000114820887333697,-0.000113571597309369,-0.000112282068911451,-0.000110954024109926,-0.000109589184591437,-0.000108189256933071,-0.000106755914748912,-0.000105290776702516,-0.000103795378810634,-0.00010227113876453,-0.000100719308936788,-9.91409131076686e-05,-9.75366593729426e-05,-9.59068175608313e-05,-9.4251042682205e-05,-9.25681144518502e-05,-9.0855542969165e-05,-8.91089548920242e-05,-8.73211080716606e-05,-8.5480254513822e-05,-8.35673131612058e-05,-8.15507665561498e-05,-7.93769698333413e-05,-7.69506450552319e-05,-7.40929427422777e-05,-7.04446115571589e-05,-6.52277131855966e-05,-5.66573865581605e-05,-4.08897451300331e-05,-1.35564975991382e-05,1.86764317489848e-05,4.07098010847519e-05,5.12221391862616e-05,5.56389301512797e-05,5.72970323139472e-05,5.76580358257105e-05,5.73626992948682e-05,5.6713364855346e-05,5.58645705695269e-05,5.49011759499635e-05,5.38727333181512e-05,5.28097320338006e-05,5.17317874713669e-05,5.06520085205287e-05,4.95794435805236e-05,4.85205098372007e-05,4.74798600257733e-05,4.64609255604847e-05,4.54662669476559e-05,4.44978058974175e-05,4.35569828309442e-05,4.26448661992437e-05,4.17622300050316e-05,4.09096099410866e-05,4.00873449025135e-05,3.9295608342721e-05,3.85344324812984e-05,3.78037274198241e-05,3.7103296590326e-05,3.64328495352873e-05,3.57920127267415e-05,3.51803389294285e-05,3.45973154708985e-05,3.40423716797143e-05,3.35148856798278e-05,3.30141906763298e-05,3.25395808287398e-05,3.20903167791338e-05,3.1665630881235e-05,3.12647321608045e-05,3.08868110260074e-05,3.05310437382176e-05,3.0196596647441e-05,2.98826301923633e-05,2.9588302662426e-05,2.93127737175714e-05,2.90552076609137e-05,2.88147764592019e-05,2.85906625065073e-05,2.83820611278116e-05,2.81881828204686e-05,2.80082552328509e-05,2.78415248810425e-05,2.76872586063436e-05,2.7544744778328e-05,2.74132942497682e-05,2.72922410714002e-05,2.71809429761472e-05,2.70787816438671e-05,2.69851627586262e-05,2.68995158720989e-05,2.68212940877349e-05,2.67499735808999e-05,2.66850529710167e-05,2.66260525623109e-05,2.65725134696655e-05,2.65239966463879e-05,2.6480081830742e-05,2.6440366427466e-05,2.64044643404622e-05,2.63720047722587e-05,2.63426310052298e-05,2.63159991792713e-05,2.62917770793435e-05,2.62696429454059e-05,2.62492843166322e-05,2.62303969203034e-05,2.62126836148811e-05,2.61958533956165e-05,2.61796204706326e-05,2.61637034138923e-05,2.61478244002753e-05,2.61317085269502e-05,2.61150832238806e-05,2.6097677755744e-05,2.60792228163882e-05,2.60594502158647e-05,2.60380926595861e-05,2.60148836180459e-05,2.59895572847645e-05,2.59618486192544e-05,2.59314934715703e-05,2.58982287843555e-05,2.58617928675172e-05,2.5821925740199e-05,2.57783695345646e-05,2.57308689555064e-05,2.56791717899835e-05,2.56230294599594e-05,2.55621976124605e-05,2.54964367402471e-05,2.54255128265598e-05,2.53491980074538e-05,2.52672712454062e-05,2.51795190081712e-05,2.50857359469763e-05,2.49857255686823e-05,2.48793008963484e-05,2.47662851131057e-05,2.46465121845579e-05,2.45198274556233e-05,2.4386088217393e-05,2.42451642404394e-05,2.40969382713082e-05,2.3941306489212e-05,2.37781789205671e-05,2.36074798088365e-05,2.34291479382477e-05,2.3243136910215e-05,2.30494153715434e-05,2.28479671936172e-05,2.26387916020141e-05,2.24219032565302e-05,2.21973322820307e-05,2.19651242504516e-05,2.17253401149651e-05,2.14780560971826e-05,2.12233635290219e-05,2.09613686505778e-05,2.06921923653651e-05,2.04159699551572e-05,2.01328507559509e-05,1.98429977972389e-05,1.95465874067696e-05,1.92438087830253e-05,1.89348635378436e-05,1.86199652110709e-05,1.82993387598434e-05,1.79732200250651e-05,1.76418551768856e-05,1.73055001416022e-05,1.69644200124063e-05,1.66188884462284e-05,1.62691870488271e-05,1.59156047503748e-05,1.55584371737969e-05,1.51979859980807e-05,1.48345583185789e-05,1.44684660059041e-05,1.41000250653165e-05,1.37295549983221e-05,1.33573781685662e-05,1.29838191734741e-05,1.26092042230857e-05,1.22338605269738e-05,1.18581156909854e-05,1.14822971255483e-05,1.11067314661935e-05,1.07317440073522e-05,1.03576581504628e-05,9.98479486730326e-06,9.61347217962125e-06,9.24400465578904e-06,8.87670292495316e-06,8.51187320905552e-06,8.1498168731679e-06,7.79082999498998e-06,7.43520295389162e-06,7.08322003968934e-06,6.73515908121772e-06,6.39129109474175e-06,6.05187995237656e-06,5.71718207077656e-06,5.38744611984585e-06,5.06291275129914e-06,4.74381434718753e-06,4.43037478800243e-06,4.12280924034971e-06,3.82132396438504e-06,3.52611614038399e-06,3.23737371408107e-06,2.95527526053725e-06,2.67998986576597e-06,2.4116770260792e-06,2.15048656471845e-06,1.89655856555008e-06,1.65002332291452e-06,1.41100130741575e-06,1.17960314723227e-06,9.5592962437701e-07,7.40071685153415e-07,5.32110464359151e-07,3.3211732284634e-07,1.40153897643797e-07,-4.37278356163473e-08,-2.19485488436866e-07,-3.87086173946581e-07,-5.46506410514791e-07,-6.97732015168123e-07,-8.40757987179315e-07,-9.75588382239913e-07,-1.1022361779793e-06,-1.22072313123514e-06,-1.33107962781067e-06,-1.43334452521685e-06,-1.52756498818501e-06,-1.61379631725966e-06,-1.69210177135629e-06,-1.76255238469678e-06,-1.82522677822164e-06,-1.88021096611448e-06,-1.92759815801583e-06,-1.96748855665636e-06,-1.99998915141001e-06,-2.02521350835521e-06,-2.04328155695589e-06,-2.05431937368682e-06,-2.05845896271862e-06,-2.05583803385059e-06,-2.04659977791777e-06,-2.03089263993428e-06,-2.00887009032917e-06,-1.9806903946264e-06,-1.94651638120696e-06,-1.90651520799636e-06,-1.86085812842011e-06,-1.8097202565447e-06,-1.75328033141537e-06,-1.69172048070446e-06,-1.62522598423902e-06,-1.55398503708017e-06,-1.4781885122302e-06,-1.39802972329642e-06,-1.31370418743337e-06,-1.22540938895296e-06,-1.13334454320858e-06,-1.03771036093821e-06,-9.38708813192843e-07,-8.36542897246842e-07,-7.31416403870928e-07,-6.23533685862807e-07,-5.13099427697575e-07,-4.00318416581523e-07,-2.85395315014272e-07,-1.68534435323296e-07,-4.99395160415833e-08,7.01864996460397e-08,1.91641683336755e-07,3.14225338049826e-07,4.37738212294946e-07,5.6198271180391e-07,6.86763108628113e-07,8.11885746995582e-07,9.37159245571056e-07,1.06239469633423e-06,1.18740586009178e-06,1.31200935839151e-06,1.43602486160025e-06,1.55927527304908e-06,1.68158690869516e-06,1.80278967223252e-06,1.92271722518171e-06,2.04120715203981e-06,2.15810112073021e-06,2.27324503808673e-06,2.38648920008674e-06,2.49768843694782e-06,2.60670225261678e-06,2.71339495840767e-06,2.81763580097221e-06,2.91929908460831e-06,3.01826428731906e-06,3.11441617057914e-06,3.20764488236092e-06,3.29784605361885e-06,3.38492088799904e-06,3.46877624436432e-06,3.54932471229724e-06,3.62648468037532e-06,3.70018039718128e-06,3.77034202469692e-06,3.83690568398105e-06,3.89981349297082e-06,3.95901359664767e-06,4.014460189352e-06,4.06611352942593e-06,4.11393994566994e-06,4.15791183532889e-06,4.19800765403319e-06,4.23421189716961e-06,4.26651507262447e-06,4.29491366497371e-06,4.31941009135153e-06,4.34001264858555e-06,4.35673545213979e-06,4.36959836615496e-06,4.37862692445872e-06,4.38385224308183e-06,4.38531092516233e-06,4.38304495794552e-06,4.37710160116137e-06,4.36753326684986e-06,4.35439739086916e-06,4.33775629598947e-06,4.31767704739232e-06,4.29423130042864e-06,4.26749514086198e-06,4.2375489179387e-06,4.20447707040993e-06,4.16836794569359e-06,4.12931361258584e-06,4.08740966753758e-06,4.04275503492445e-06,3.99545176219939e-06,3.94560480981854e-06,3.89332183597674e-06,3.83871297688319e-06,3.78189062316507e-06,3.7229691924219e-06,3.66206489841713e-06,3.59929551737616e-06,3.53478015187661e-06,3.46863899304637e-06,3.40099308178063e-06,3.33196406931708e-06,3.26167397716234e-06,3.19024495740432e-06,3.11779905366998e-06,3.04445796307003e-06,2.97034280028786e-06,2.89557386462785e-06,2.82027041031887e-06,2.74455042007828e-06,2.66853038261017e-06,2.59232507447867e-06,2.51604734671611e-06,2.43980791768406e-06,2.36371517227385e-06,2.28787496771299e-06,2.21239044673974e-06,2.13736185876792e-06,2.06288638920655e-06,1.98905799769257e-06,1.91596726539268e-06,1.84370125159462e-06,1.77234336008747e-06,1.7019732153796e-06,1.63266654944465e-06,1.56449509928873e-06,1.49752651538559e-06,1.43182428146219e-06,1.3674476456952e-06,1.30445156343306e-06,1.24288665202723e-06,1.1827991578256e-06,1.12423093479117e-06,1.06721943535833e-06,1.01179771326999e-06,9.57994438402499e-07,9.05833922984316e-07,8.55336159221246e-07,8.06516868535716e-07,7.59387562345414e-07,7.13955613767213e-07,6.70224340264605e-07,6.28193096708675e-07,5.87857378566391e-07,5.49208934757378e-07,5.1223589002912e-07,4.76922876263379e-07,4.43251172020827e-07,4.11198849770492e-07,3.80740930814444e-07,3.51849547147905e-07,3.24494109581706e-07,2.98641481153057e-07,2.74256155433431e-07,2.51300439145508e-07,2.2973463863641e-07,2.09517249685071e-07,1.90605149781586e-07,1.72953792188998e-07,1.56517400812586e-07,1.41249165386617e-07,1.27101436058277e-07,1.14025916814545e-07,1.01973856659124e-07,9.08962379973441e-08,8.07439617701855e-08,7.14680283633862e-08,6.30197136142208e-08,5.53507396227823e-08,4.84134393000449e-08,4.21609137246301e-08,3.65471818355653e-08,3.15273217541337e-08,2.7057603324554e-08,2.30956114710343e-08,1.96003598290986e-08,1.65323940865339e-08,1.3853884626297e-08,1.15287081079579e-08,9.52251712638824e-09,7.80279784447918e-09,6.33891542468207e-09,5.10214703732664e-09,4.06570200509743e-09,3.20472934214194e-09,2.49631275112822e-09,1.91945341565525e-09,1.45504050735185e-09,1.08580967828065e-09,7.9628995064418e-10,5.7273920588824e-10,4.03069604602846e-10,2.76763650192136e-10,1.84780646513005e-10,1.19454744706982e-10,7.43863859398175e-11,4.43283118545246e-11
