-2.08533575112942,-2.08589047682049,-2.0864530759824,-2.08702334681793,-2.08760108040352,-2.08818606084276,-2.08877806542805,-2.08937686481002,-2.08998222317463,-2.09059389842781,-2.09121164238738,-2.09183520098194,-2.0924643144565,-2.09309871758471,-2.09373813988749,-2.09438230585767,-2.09503093519044,-2.09568374301907,-2.09634044015608,-2.09700073333911,-2.09766432548166,-2.09833091592825,-2.09900020071389,-2.09967187282731,-2.10034562247745,-2.10102113736302,-2.10169810294492,-2.10237620272108,-2.10305511850371,-2.10373453069833,-2.10441411858431,-2.1050935605968,-2.1057725346095,-2.10645071821821,-2.10712778902454,-2.10780342491953,-2.10847730436696,-2.10914910668567,-2.10981851233079,-2.1104852031733,-2.11114886277769,-2.11180917667747,-2.11246583264838,-2.11311852097872,-2.11376693473665,-2.11441077003393,-2.1150497262859,-2.11568350646732,-2.11631181736359,-2.11693436981716,-2.11755087896895,-2.11816106449485,-2.11876465083688,-2.11936136742884,-2.119950948916,-2.12053313536872,-2.12110767248958,-2.12167431181408,-2.12223281090472,-2.12278293353819,-2.12332444988551,-2.12385713668486,-2.12438077740724,-2.12489516241472,-2.12540008911098,-2.12589536208414,-2.12638079324171,-2.12685620193733,-2.12732141508948,-2.1277762672922,-2.12822060091762,-2.12865426621029,-2.12907712137313,-2.12948903264505,-2.12988987436992,-2.13027952905706,-2.13065788743337,-2.13102484848717,-2.13138031950343,-2.13172421609061,-2.1320564621989,-2.13237699013008,-2.13268574053906,-2.13298266242724,-2.13326771312761,-2.13354085828202,-2.13380207181023,-2.13405133587124,-2.13428864081671,-2.13451398513693,-2.13472737539911,-2.13492882617836,-2.13511835998135,-2.13529600716294,-2.13546180583595,-2.13561580177419,-2.13575804830887,-2.13588860621852,-2.1360075436127,-2.1361149358097,-2.13621086520835,-2.13629542115407,-2.1363686997994,-2.13643080395909,-2.13648184296013,-2.13652193248707,-2.13655119442256,-2.13656975668364,-2.13657775305375,-2.13657532301092,-2.13656261155216,-2.13653976901421,-2.13650695089088,-2.13646431764723,-2.1364120345309,-2.13635027138087,-2.1362792024339,-2.13619900612896,-2.13610986490986,-2.13601196502637,-2.13590549633377,-2.13579065209128,-2.13566762875945,-2.13553662579699,-2.13539784545725,-2.13525149258425,-2.1350977744087,-2.13493690034409,-2.1347690817832,-2.13459453189515,-2.13441346542305,-2.13422609848256,-2.13403264836144,-2.13383333332059,-2.1336283723965,-2.13341798520562,-2.13320239175075,-2.1329818122296,-2.13275646684575,-2.13252657562215,-2.13229235821749,-2.13205403374536,-2.13181182059653,-2.13156593626435,-2.13131659717343,-2.13106401851174,-2.13080841406625,-2.13054999606236,-2.130288975007,-2.13002555953562,-2.12975995626316,-2.12949236963928,-2.12922300180785,-2.12895205247086,-2.12867971875686,-2.12840619509379,-2.12813167308631,-2.12785634139761,-2.12758038563589,-2.12730398824549,-2.12702732840286,-2.12675058191759,-2.12647392113822,-2.12619751486293,-2.12592152825515,-2.12564612276401,-2.12537145604974,-2.12509768191388,-2.12482495023452,-2.12455340690652,-2.1242831937868,-2.12401444864457,-2.12374730511653,-2.12348189266709,-2.12321833655347,-2.12295675779563,-2.12269727315071,-2.12243999509221,-2.12218503179379,-2.12193248711757,-2.12168246060708,-2.12143504748484,-2.1211903386543,-2.12094842070597,-2.12070937592754,-2.12047328231802,-2.12024021360586,-2.12001023927101,-2.11978342457097,-2.11955983057067,-2.11933951417631,-2.11912252817278,-2.11890892126467,-2.11869873812061,-2.11849201942089,-2.1182888019083,-2.11808911844216,-2.11789299805526,-2.11770046601373,-2.11751154387963,-2.11732624957611,-2.11714459745517,-2.11696659836799,-2.11679225973762,-2.11662158563391,-2.11645457685041,-2.11629123098318,-2.11613154251136,-2.11597550287937,-2.11582310058067,-2.11567432124307,-2.11552914771546,-2.11538756015571,-2.11524953611991,-2.11511505065265,-2.11498407637789,-2.1148565835906,-2.11473254034873,-2.11461191256565,-2.11449466410266,-2.11438075686171,-2.1142701508781,-2.11416280441312,-2.11405867404649,-2.1139577147688,-2.11385988007354,-2.1137651220488,-2.11367339146819,-2.1135846378814,-2.11349880970403,-2.1134158543068,-2.11333571810365,-2.11325834663879,-2.11318368467258,-2.11311167626608,-2.11304226486437,-2.11297539337859,-2.11291100426654,-2.11284903961211,-2.11278944120312,-2.11273215060757,-2.1126771092481,-2.11262425847486,-2.11257353963662,-2.1125248941503,-2.11247826356847,-2.11243358964517,-2.11239081439985,-2.11234988017933,-2.11231072971757,-2.11227330619339,-2.11223755328596,-2.11220341522811,-2.11217083685762,-2.11213976366628,-2.11211014184703,-2.11208191833885,-2.11205504086964,-2.11202945799696,-2.11200511914642,-2.11198197464772,-2.11195997576851,-2.11193907474602,-2.11191922481644,-2.11190038024224,-2.11188249633722,-2.11186552948936,-2.11184943718172,-2.11183417801115,-2.11181971170487,-2.11180599913476,-2.11179300232957,-2.11178068448516,-2.11176900997263,-2.11175794434459,-2.11174745433946,-2.11173750788383,-2.11172807409311,-2.11171912327033,-2.11171062690305,-2.11170255765848,-2.11169488937681,-2.11168759706303,-2.11168065687722,-2.11167404612323,-2.11166774323572,-2.11166172776568,-2.11165598036456,-2.11165048276717,-2.11164521777338,-2.11164016922841,-2.11163532200192,-2.11163066196603,-2.11162617597239,-2.11162185182835,-2.11161767827207,-2.11161364494684,-2.11160974237435,-2.11160596192728,-2.111602295801,-2.11159873698462,-2.11159527923144,-2.1115919170287,-2.11158864556706,-2.11158546070981,-2.11158235896176,-2.11157933743811,-2.11157639383306,-2.11157352638841,-2.11157073386191,-2.11156801549576,-2.11156537098523,-2.11156280044744,-2.11156030439009,-2.1115578836806,-2.11155553951537,-2.1115532733895,-2.11155108706697,-2.11154898255128,-2.11154696205642,-2.11154502797835,-2.11154318286705,-2.11154142939919,-2.11153977035134,-2.11153820857353,-2.11153674696351,-2.11153538844155,-2.11153413592605,-2.1115329923098,-2.11153196043695,-2.1115310430807,-2.11153024292165,-2.1115295625271,-2.111529004331,-2.11152857061463,-2.11152826348805,-2.11152808487234,-2.11152803648295,-2.11152811981368,-2.11152833612143,-2.11152868641162,-2.11152917142472,-2.1115297916237,-2.11153054718218,-2.11153143797346,-2.11153246356048,-2.11153362318676,-2.11153491576834,-2.11153633988675,-2.11153789378292,-2.11153957535191,-2.11154138213846,-2.11154331133328,-2.11154535976993,-2.11154752392242,-2.11154979990357,-2.11155218346427,-2.1115546699934,-2.11155725451854,-2.11155993170759,-2.1115626958712,-2.11156554096627,-2.11156846060003,-2.11157144803467,-2.11157449619254,-2.111577597662,-2.11158074470366,-2.11158392925718,-2.11158714294851,-2.11159037709761,-2.1115936227267,-2.11159687056906,-2.11160011107853,-2.1116033344395,-2.11160653057752,-2.11160968917055,-2.11161279966075,-2.1116158512667,-2.11161883299618,-2.11162173365913,-2.11162454188087,-2.11162724611556,-2.11162983466002,-2.11163229566778,-2.11163461716325,-2.11163678705611,-2.11163879315589,-2.11164062318677,-2.11164226480232,-2.11164370560047,-2.11164493313832,-2.11164593494688,-2.11164669854566,-2.11164721145705,-2.11164746122038,-2.11164743540554,-2.11164712162664,-2.11164650755536,-2.11164558093399,-2.11164432958811,-2.11164274143891,-2.11164080451513,-2.1116385069646,-2.11163583706569,-2.11163278323863,-2.11162933405671,-2.11162547825727,-2.11162120475237,-2.11161650263916,-2.11161136121006,-2.1116057699626,-2.11159971860876,-2.11159319708377,-2.11158619555455,-2.11157870442783,-2.11157071435808,-2.11156221625507,-2.11155320129131,-2.11154366090915,-2.11153358682756,-2.11152297104876,-2.11151180586455,-2.11150008386224,-2.11148779793011,-2.11147494126251,-2.11146150736458,-2.11144749005681,-2.11143288347907,-2.11141768209441,-2.11140188069252,-2.11138547439277,-2.11136845864659,-2.11135082923929,-2.11133258229145,-2.11131371425969,-2.11129422193714,-2.11127410245315,-2.11125335327273,-2.11123197219533,-2.11120995735338,-2.11118730721036,-2.11116402055818,-2.11114009651396,-2.11111553451632,-2.11109033432129,-2.11106449599782,-2.11103801992287,-2.11101090677619,-2.1109831575346,-2.11095477346583,-2.1109257561221,-2.11089610733335,-2.11086582920019,-2.11083492408671,-2.11080339461329,-2.11077124364928,-2.11073847430576,-2.11070508992808,-2.11067109408831,-2.11063649057751,-2.11060128339788,-2.11056547675462,-2.11052907504765,-2.11049208286337,-2.11045450496636,-2.11041634629112,-2.11037761193379,-2.11033830714404,-2.11029843731682,-2.11025800798408,-2.11021702480644,-2.11017549356493,-2.11013342015298,-2.11009081056854,-2.11004767090632,-2.11000400734994,-2.10995982616447,-2.10991513368898,-2.10986993632925,-2.10982424055069,-2.10977805287163,-2.10973137985681,-2.10968422811113,-2.10963660427362,-2.10958851501168,-2.10953996701547,-2.10949096699246,-2.10944152166203,-2.10939163775022,-2.10934132198448,-2.10929058108849,-2.10923942177722,-2.10918785075222,-2.10913587469721,-2.10908350027395,-2.10903073411816,-2.10897758283548,-2.10892405299759,-2.10887015113842,-2.10881588375057,-2.10876125728201,-2.108706278133,-2.10865095265331,-2.10859528713968,-2.10853928783352,-2.10848296091891,-2.10842631252067,-2.10836934870288,-2.10831207546754,-2.10825449875372,-2.10819662443682,-2.10813845832831,-2.10808000617562,-2.10802127366248,-2.10796226640943,-2.10790298997451,-2.10784344985424,-2.10778365148474,-2.10772360024296,-2.10766330144805,-2.10760276036297,-2.10754198219624,-2.10748097210381,-2.10741973519105,-2.10735827651508,-2.10729660108705,-2.10723471387467,-2.10717261980497,-2.10711032376729,-2.10704783061648,-2.10698514517616,-2.10692227224204,-2.10685921658528,-2.10679598295606,-2.1067325760874,-2.10666900069909,-2.10660526150153,-2.10654136319947,-2.10647731049562,-2.10641310809442,-2.10634876070586,-2.10628427304904,-2.10621964985561,-2.10615489587308,-2.10609001586806,-2.10602501462942,-2.10595989697091,-2.10589466773344,-2.10582933178713,-2.10576389403314,-2.10569835940575,-2.10563273287437,-2.10556701944563,-2.10550122416541,-2.10543535212096,-2.10536940844316,-2.10530339830899,-2.1052373269441,-2.10517119962525,-2.10510502168246,-2.10503879850071,-2.10497253552148,-2.10490623824412,-2.10483991222706,-2.10477356308899,-2.10470719650995,-2.10464081823234,-2.10457443406186,-2.10450804986823,-2.10444167158577,-2.1043753052138,-2.10430895681696,-2.10424263252544,-2.1041763385349,-2.10411008110619,-2.10404386656468,-2.10397770129961,-2.10391159176315,-2.10384554446936,-2.10377956599274,-2.10371366296648,-2.10364784208055,-2.10358211007954,-2.1035164737605,-2.10345093997087,-2.10338551560595,-2.10332020760608,-2.10325502295344,-2.10318996866878,-2.10312505180801,-2.10306027945889,-2.10299565873777,-2.10293119678614,-2.10286690076691,-2.10280277786063,-2.10273883526167,-2.10267508017414,-2.1026115198079,-2.10254816137451,-2.10248501208329,-2.10242207913721,-2.10235936972853,-2.10229689103445,-2.10223465021261,-2.10217265439683,-2.10211091069255,-2.10204942617217,-2.10198820787017,-2.1019272627783,-2.1018665978408,-2.10180621994987,-2.10174613594108,-2.10168635258851,-2.10162687660005,-2.10156771461254,-2.10150887318724,-2.10145035880538,-2.10139217786387,-2.10133433667095,-2.10127684144178,-2.10121969829395,-2.10116291324336,-2.10110649219993,-2.10105044096333,-2.10099476521852,-2.1009394705315,-2.1008845623454,-2.10083004597683,-2.10077592661229,-2.10072220930454,-2.10066889896932,-2.10061600038216,-2.10056351817531,-2.10051145683478,-2.10045982069731,-2.10040861394741,-2.10035784061447,-2.1003075045699,-2.10025760952461,-2.10020815902674,-2.10015915645956,-2.10011060503961,-2.100062507815,-2.10001486766402,-2.09996768729397,-2.09992096924031,-2.09987471586596,-2.09982892936082,-2.0997836117416,-2.09973876485194,-2.09969439036262,-2.09965048977183,-2.09960706440545,-2.09956411541739,-2.09952164378997,-2.09947965033461,-2.09943813569255,-2.09939710033576,-2.09935654456796,-2.09931646852591,-2.09927687218082,-2.09923775533969,-2.09919911764687,-2.09916095858577,-2.09912327748076,-2.09908607349912,-2.09904934565327,-2.09901309280306,-2.09897731365832,-2.09894200678153,-2.09890717059079,-2.09887280336282,-2.0988389032362,-2.09880546821449,-2.09877249616938,-2.09873998484396,-2.09870793185626,-2.09867633470295,-2.09864519076273,-2.09861449729989,-2.09858425146784,-2.09855445031257,-2.09852509077641,-2.09849616970182,-2.09846768383519,-2.0984396298304,-2.09841200425234,-2.09838480358044,-2.09835802421231,-2.09833166246746,-2.0983057145906,-2.09828017675492,-2.09825504506532,-2.09823031556163,-2.09820598422184,-2.09818204696508,-2.09815849965493,-2.0981353381027,-2.09811255807085,-2.09809015527648,-2.09806812539474,-2.09804646406205,-2.09802516687936,-2.09800422941523,-2.09798364720901,-2.09796341577396,-2.09794353060003,-2.09792398715659,-2.09790478089503,-2.09788590725153,-2.0978673616499,-2.09784913950415,-2.09783123622118,-2.09781364720343,-2.09779636785153,-2.09777939356698,-2.09776271975482,-2.09774634182625,-2.09773025520121,-2.09771445531069,-2.09769893759911,-2.0976836975265,-2.09766873057067,-2.0976540322294,-2.09763959802245,-2.09762542349368,-2.09761150421306,-2.09759783577868,-2.09758441381854,-2.09757123399222,-2.0975582919923,-2.09754558354575,-2.09753310441533,-2.09752085040086,-2.09750881734032,-2.09749700111071,-2.09748539762872,-2.09747400285144,-2.09746281277685,-2.09745182344446,-2.09744103093598,-2.09743043137595,-2.09742002093198,-2.09740979581495,-2.09739975227921,-2.0973898866229,-2.0973801951884,-2.09737067436272,-2.0973613205777,-2.09735213030997,-2.09734310008075,-2.09733422645573,-2.09732550604471,-2.09731693550122,-2.09730851152214,-2.09730023084733,-2.0972920902592,-2.09728408658205,-2.09727621668134,-2.09726847746308,-2.09726086587309,-2.09725337889646,-2.09724601355724,-2.09723876691819,-2.0972316360803,-2.09722461818193,-2.09721771039787,-2.09721090993847,-2.0972042140489,-2.09719762000857,-2.09719112513051,-2.0971847267606,-2.0971784222765,-2.09717220908639,-2.09716608462774,-2.09716004636603,-2.09715409179331,-2.09714821842661,-2.09714242380641,-2.09713670549509,-2.09713106107542,-2.09712548814895,-2.09711998433435,-2.09711454726567,-2.09710917459057,-2.09710386396826,-2.09709861306735,-2.09709341956366,-2.09708828113804,-2.09708319547434,-2.09707816025737,-2.09707317317098,-2.09706823189599,-2.09706333410799,-2.09705847747479,-2.09705365965358,-2.09704887828795,-2.09704413100489,-2.09703941541172,-2.09703472909328,-2.09703006960915,-2.09702543449095,-2.09702082123975,-2.09701622732354,-2.09701165017463,-2.09700708718691,-2.0970025357132,-2.09699799306266,-2.09699345649839,-2.09698892323496,-2.0969843904358,-2.09697985521063,-2.09697531461305,-2.09697076563834,-2.09696620522148,-2.0969616302355,-2.09695703748976,-2.09695242372837,-2.09694778562845,-2.09694311979858,-2.09693842277707,-2.09693369103037,-2.09692892095141,-2.09692410885841,-2.09691925099365,-2.09691434352234,-2.09690938253164,-2.09690436402978,-2.09689928394524,-2.09689413812607,-2.09688892233928,-2.09688363227034,-2.09687826352292,-2.09687281161844,-2.09686727199574,-2.09686164001045,-2.0968559109346,-2.09685007995613,-2.09684414217837,-2.09683809261977,-2.09683192621352,-2.09682563780733,-2.09681922216333,-2.09681267395836,-2.09680598778441,-2.09679915814915,-2.09679217947662,-2.09678504610847,-2.09677775230556,-2.09677029225008,-2.09676266004782,-2.09675484973075,-2.09674685525999,-2.09673867052924,-2.09673028936861,-2.09672170554886,-2.09671291278602,-2.09670390474625,-2.09669467505103,-2.09668521728264,-2.09667552498997,-2.09666559169441,-2.09665541089596,-2.09664497607949,-2.09663428072098,-2.09662331829382,-2.09661208227522,-2.09660056615256,-2.09658876342976,-2.09657666763355,-2.0965642723196,-2.09655157107889,-2.09653855754413,-2.09652522539631,-2.09651156837115,-2.09649758026537,-2.09648325494292,-2.09646858634084,-2.09645356847492,-2.09643819544507,-2.09642246144034,-2.09640636074366,-2.09638988773648,-2.09637303690333,-2.09635580283618,-2.09633818023877,-2.09632016393078,-2.09630174885179,-2.09628293006503,-2.0962637027608,-2.09624406225976,-2.096224004016,-2.09620352362004,-2.09618261680179,-2.09616127943329,-2.09613950753143,-2.09611729726063,-2.09609464493538,-2.09607154702258,-2.09604800014373,-2.09602400107691,-2.0959995467586,-2.09597463428541,-2.09594926091574,-2.0959234240715,-2.09589712133979,-2.09587035047462,-2.09584310939856,-2.09581539620426,-2.09578720915609,-2.09575854669148,-2.09572940742216,-2.09569979013536,-2.09566969379493,-2.09563911754248,-2.09560806069846,-2.09557652276331,-2.09554450341873,-2.09551200252867,-2.09547902014022,-2.0954455564843,-2.09541161197648,-2.0953771872175,-2.09534228299377,-2.0953069002778,-2.09527104022847,-2.09523470419088,-2.09519789369597,-2.09516061045996,-2.09512285638371,-2.09508463355166,-2.09504594423058,-2.09500679086808,-2.09496717609092,-2.09492710270317,-2.09488657368433,-2.09484559218736,-2.09480416153666,-2.09476228522596,-2.09471996691607,-2.09467721043244,-2.09463401976258,-2.09459039905338,-2.09454635260832,-2.09450188488469,-2.09445700049101,-2.09441170418455,-2.09436600086884,-2.09431989559117,-2.09427339353998,-2.09422650004229,-2.09417922056097,-2.09413156069191,-2.09408352616103,-2.09403512282141,-2.09398635665027,-2.09393723374607,-2.09388776032555,-2.09383794272094,-2.09378778737725,-2.09373730084976,-2.09368648980165,-2.0936353610018,-2.09358392132243,-2.09353217773659,-2.09348013731563,-2.09342780722684,-2.09337519473094,-2.09332230717975,-2.0932691520138,-2.09321573676012,-2.09316206903017,-2.09310815651801,-2.09305400699866,-2.09299962832647,-2.09294502843363,-2.09289021532848,-2.09283519709383,-2.09277998188527,-2.09272457792941,-2.09266899352205,-2.09261323702622,-2.09255731687037,-2.09250124154661,-2.09244501960892,-2.09238865967141,-2.0923321704066,-2.09227556054362,-2.09221883886654,-2.09216201421291,-2.09210509547242,-2.09204809158581,-2.09199101154367,-2.09193386438514,-2.09187665919625,-2.09181940510801,-2.09176211129448,-2.09170478697062,-2.09164744139006,-2.09159008384277,-2.09153272365272,-2.09147537017536,-2.09141803279525,-2.09136072092366,-2.09130344399627,-2.09124621147092,-2.09118903282533,-2.09113191755484,-2.09107487517005,-2.09101791519452,-2.09096104716231,-2.0909042806156,-2.09084762510218,-2.09079109017274,-2.09073468537801,-2.09067842026604,-2.09062230437945,-2.0905663472528,-2.09051055840992,-2.09045494736109,-2.09039952360011,-2.0903442966013,-2.09028927581647,-2.09023447067194,-2.09017989056555,-2.09012554486375,-2.09007144289834,-2.09001759396305,-2.08996400730989,-2.08991069214537,-2.08985765762674,-2.08980491285813,-2.0897524668869,-2.08970032870004,-2.08964850722052,-2.08959701130351,-2.08954584973235,-2.08949503121465,-2.08944456437819,-2.08939445776702,-2.08934471983745,-2.08929535895409,-2.08924638338597,-2.08919780130268,-2.0891496207704,-2.08910184974774,-2.08905449608161,-2.08900756750281,-2.08896107162137,-2.08891501592165,-2.08886940775731,-2.08882425434629,-2.08877956276576,-2.08873533994701,-2.08869159267029,-2.08864832755971,-2.08860555107815,-2.08856326952228,-2.08852148901754,-2.08848021551312,-2.08843945477653,-2.088399212388,-2.08835949373475,-2.08832030400543,-2.08828164818499,-2.08824353104945,-2.08820595716065,-2.08816893086083,-2.08813245626742,-2.088096537268,-2.08806117751548,-2.08802638042322,-2.08799214916036,-2.08795848664739,-2.08792539555176,-2.08789287828349,-2.0878609369907,-2.08782957355531,-2.08779878958885,-2.08776858642857,-2.08773896513364,-2.08770992648136,-2.08768147096374,-2.08765359878417,-2.08762630985454,-2.08759960379226,-2.08757347991754,-2.08754793725067,-2.08752297450955,-2.08749859010748,-2.08747478215134,-2.08745154843972,-2.08742888646122,-2.08740679339285,-2.08738526609874,-2.08736430112923,-2.08734389472054,-2.08732404279501,-2.08730474096144,-2.08728598451554,-2.08726776844068,-2.08725008740891,-2.08723293578241,-2.0872163076153,-2.08720019665574,-2.08718459634839,-2.08716949983718,-2.08715489996869,-2.08714078929585,-2.08712716008204,-2.08711400430557,-2.08710131366446,-2.08708907958148,-2.08707729320962,-2.08706594543795,-2.08705502689807,-2.08704452797082,-2.08703443879332,-2.08702474926626,-2.08701544906174,-2.08700652763159,-2.08699797421618,-2.08698977785361,-2.08698192738937,-2.08697441148634,-2.08696721863521,-2.08696033716516,-2.08695375525481,-2.08694746094364,-2.08694144214367,-2.08693568665129,-2.08693018215902,-2.08692491626768,-2.08691987649883,-2.08691505030784,-2.08691042509734,-2.08690598823085,-2.0869017270465,-2.08689762887087,-2.08689368103283,-2.08688987087772,-2.08688618578157,-2.08688261316555,-2.08687914051063,-2.08687575537238,-2.08687244539619,-2.08686919833288,-2.08686600205453,-2.08686284457056,-2.08685971404375,-2.08685659880649,-2.08685348737682,-2.08685036847448,-2.08684723103691,-2.0868440642352,-2.08684085749008,-2.08683760048801,-2.08683428319715,-2.08683089588325,-2.08682742912534,-2.08682387383121,-2.08682022125276,-2.08681646300129,-2.08681259106233,-2.08680859781022,-2.08680447602227,-2.08680021889265,-2.08679582004567,-2.08679127354864,-2.0867865739243,-2.08678171616263,-2.08677669573216,-2.08677150859061,-2.08676615119524,-2.08676062051271,-2.08675491402854,-2.08674902975587,-2.08674296624359,-2.08673672258357,-2.08673029841736,-2.08672369394205,-2.08671690991516,-2.08670994765854,-2.08670280906164,-2.0866954965842,-2.08668801325813,-2.08668036268844,-2.08667254905315,-2.08666457710221,-2.08665645215552,-2.08664818010011,-2.08663976738649,-2.08663122102432,-2.08662254857737,-2.08661375815768,-2.08660485841912,-2.08659585855014,-2.08658676826575,-2.08657759779844,-2.08656835788812,-2.0865590597711,-2.08654971516823,-2.08654033627204,-2.08653093573313,-2.0865215266456,-2.08651212253175,-2.08650273732598,-2.08649338535766,-2.08648408133321,-2.08647484031732,-2.08646567771351,-2.0864566092438,-2.08644765092757,-2.08643881905956,-2.08643013018712,-2.08642160108648,-2.08641324873829,-2.08640509030226,-2.08639714309097,-2.08638942454284,-2.08638195219444,-2.08637474365208,-2.08636781656265,-2.08636118858402,-2.08635487735484,-2.08634890046415,-2.08634327542029,-2.08633801961942,-2.08633315031349,-2.0863286845779,-2.08632463927886,-2.08632103104074,-2.08631787621319,-2.08631519083813,-2.08631299061657,-2.08631129087527,-2.08631010653331,-2.08630945206857,-2.08630934148394,-2.08630978827324,-2.08631080538706,-2.08631240519842,-2.08631459946848,-2.0863173993121,-2.08632081516351,-2.08632485674206,-2.08632953301809,-2.08633485217898,-2.08634082159542,-2.08634744778773,-2.08635473639225,-2.08636269212775,-2.08637131876227,-2.08638061908033,-2.08639059485045,-2.08640124679289,-2.08641257454782,-2.08642457664401,-2.08643725046795,-2.08645059223356,-2.0864645969526,-2.0864792584057,-2.08649456911419,-2.08651052031245,-2.08652710192114,-2.08654430252142,-2.08656210933002,-2.08658050817537,-2.08659948347464,-2.08661901821185,-2.08663909391709,-2.08665969064655,-2.08668078696382,-2.08670235992218,-2.08672438504809,-2.08674683632576,-2.08676968618307,-2.08679290547857,-2.08681646348971,-2.08684032790221,-2.08686446480068,-2.0868888386607,-2.08691341234223,-2.08693814708439,-2.08696300250161,-2.08698793658113,-2.08701290568207,-2.08703786453599,-2.08706276624889,-2.08708756230459,-2.08711220256946,-2.08713663529846,-2.08716080714259,-2.08718466315778,-2.08720814681509,-2.08723120001208,-2.08725376308547,-2.08727577482509,-2.08729717248927,-2.08731789182163,-2.08733786706908,-2.0873570310012,-2.08737531493068,-2.08739264873536,-2.08740896088144,-2.08742417844819,-2.08743822715411,-2.0874510313846,-2.08746251422107,-2.08747259747145,-2.08748120170198,-2.08748824627027,-2.08749364935967,-2.08749732801483,-2.08749919817843,-2.08749917472911,-2.08749717152034,-2.08749310142039,-2.08748687635308,-2.08747840733957,-2.08746760454115,-2.08745437730293,-2.08743863419828,-2.08742028307413,-2.08739923109712,-2.08737538480047,-2.08734865013157,-2.08731893250031,-2.08728613682776,-2.08725016759547,-2.0872109288952,-2.08716832447909,-2.08712225781025,-2.08707263211359,-2.08701935042691,-2.08696231565233,-2.08690143060805,-2.08683659808038,-2.0867677208759,-2.08669470187371,-2.08661744407761,-2.08653585066835,-2.08644982505581,-2.08635927093112,-2.08626409231858,-2.08616419362735,-2.08605947970321,-2.08594985587991,-2.08583522803022,-2.0857155026166,-2.08559058674149,-2.08546038819718,-2.08532481551508,-2.08518377801437,-2.08503718585021,-2.08488495006134,-2.08472698261709,-2.08456319646381,-2.08439350557077,-2.08421782497522,-2.0840360708268,-2.08384816043095,-2.08365401229159,-2.08345354615289,-2.08324668304044,-2.08303334530165,-2.08281345664534,-2.08258694218048,-2.08235372845395,-2.0821137434873,-2.08186691681259,-2.08161317950711,-2.08135246422716,-2.08108470524071,-2.08080983845911,-2.0805278014678,-2.08023853355611,-2.07994197574611,-2.07963807082056,-2.07932676334995,-2.07900799971854,-2.07868172814927,-2.07834789872749,-2.07800646342355,-2.07765737611416,-2.0773005926025,-2.07693607063744,-2.07656376993131,-2.07618365217672,-2.075795681062,-2.07539982228555,-2.07499604356926,-2.07458431467064,-2.07416460739411,-2.07373689560102,-2.07330115521868,-2.0728573642484,-2.07240550277232,-2.07194555295916,-2.0714774990688,-2.0710013274558,-2.07051702657175,-2.07002458696655,-2.06952400128862,-2.06901526428385,-2.06849837279358,-2.06797332575121,-2.06744012417792,-2.06689877117729,-2.06634927192899,-2.06579163368114,-2.06522586574161,-2.06465197946839,-2.06406998825899,-2.06347990753891,-2.06288175474919,-2.06227554933322,-2.06166131272254,-2.06103906832177,-2.06040884149263,-2.05977065953734,-2.05912455168154,-2.05847054905663,-2.05780868468142,-2.05713899344308,-2.05646151207752,-2.05577627914896,-2.05508333502866,-2.05438272187271,-2.05367448359882,-2.05295866586243,-2.05223531603208,-2.05150448316432,-2.05076621797779,-2.05002057282682,-2.04926760167435,-2.0485073600645,-2.04773990509446,-2.04696529538575,-2.04618359105501,-2.04539485368409,-2.04459914628966,-2.04379653329239,-2.04298708048576,-2.04217085500437,-2.04134792529193,-2.04051836106903,-2.03968223330052,-2.03883961416251,-2.03799057700899,-2.03713519633824,-2.03627354775883,-2.03540570795532,-2.03453175465364,-2.03365176658641,-2.03276582345766,-2.03187400590721,-2.03097639547458,-2.03007307456279,-2.02916412640189,-2.02824963501217,-2.02732968516721,-2.02640436235671,-2.02547375274948,-2.02453794315621,-2.02359702099225,-2.02265107424002,-2.02170019141132,-2.02074446150941,-2.01978397399115,-2.01881881872911,-2.01784908597361,-2.01687486631475,-2.01589625064447,-2.01491333011855,-2.01392619611882,-2.01293494021554,-2.0119396541298,-2.01094042969613,-2.00993735882526,-2.00893053346708,-2.00792004557366,-2.00690598706244,-2.00588844977972,-2.00486752546431,-2.0038433057116,-2.00281588193784,-2.00178534534513,-2.00075178688664,-1.99971529723243,-1.99867596673551,-1.99763388539834,-1.99658914283975,-1.9955418282622,-1.99449203041941,-1.99343983758458,-1.99238533751917,-1.99132861744194,-1.9902697639986,-1.98920886323184,-1.9881460005522,-1.98708126070934,-1.98601472776397,-1.98494648506027,-1.98387661519928,-1.982805200013,-1.98173232053913,-1.98065805699656,-1.97958248876153,-1.97850569434465,-1.97742775136858,-1.97634873654669,-1.9752687256626,-1.97418779355096,-1.97310601407916,-1.9720234601301,-1.97094020358592,-1.96985631531286,-1.96877186514729,-1.96768692188301,-1.96660155325935,-1.96551582595025,-1.96442980555434,-1.96334355658594,-1.96225714246719,-1.9611706255212,-1.96008406696633,-1.95899752691129,-1.95791106435153,-1.95682473716657,-1.95573860211871,-1.95465271485285,-1.95356712989753,-1.95248190066697,-1.9513970794645,-1.95031271748715,-1.94922886483156,-1.94814557050091,-1.94706288241298,-1.94598084740932,-1.94489951126564,-1.94381891870352,-1.94273911340339,-1.94166013801874,-1.94058203419163,-1.93950484256907,-1.93842860282072,-1.93735335365756,-1.93627913285173,-1.93520597725749,-1.93413392283344,-1.93306300466576,-1.9319932569925,-1.930924713229,-1.92985740599428,-1.92879136713839,-1.92772662777061,-1.92666321828851,-1.92560116840771,-1.92454050719251,-1.9234812630873,-1.92242346394846,-1.92136713707694,-1.92031230925129,-1.91925900676122,-1.91820725544172,-1.91715708070765,-1.91610850758885,-1.91506156076579,-1.91401626460568,-1.91297264319893,-1.91193072039601,-1.91089051984452,-1.90985206502652,-1.90881537929616,-1.90778048591756,-1.90674740810264,-1.90571616904896,-1.90468679197774,-1.90365930017177,-1.90263371701326,-1.90161006602171,-1.90058837089162,-1.8995686555301,-1.89855094409423,-1.89753526102811,-1.89652163109947,-1.89551007943589,-1.89450063156058,-1.8934933134278,-1.8924881514577,-1.89148517257041,-1.89048440421955,-1.88948587442503,-1.8884896118051,-1.88749564560773,-1.8865040057411,-1.88551472280308,-1.88452782810999,-1.88354335372435,-1.8825613324819,-1.8815817980173,-1.88060478478884,-1.87963032810184,-1.8786584641312,-1.87768922994264,-1.87672266351311,-1.87575880375,-1.87479769050922,-1.8738393646119,-1.87288386785972,-1.8719312430488,-1.87098153398237,-1.87003478548197,-1.86909104339722,-1.86815035461436,-1.86721276706334,-1.86627832972357,-1.86534709262812,-1.86441910686647,-1.863494424586,-1.86257309899216,-1.8616551843474,-1.86074073596837,-1.85982981022181,-1.85892246451894,-1.85801875730863,-1.85711874806899,-1.8562224972974,-1.85533006649896,-1.85444151817324,-1.85355691579955,-1.85267632382076,-1.8517998076256,-1.85092743352951,-1.85005926875413,-1.84919538140557,-1.84833584045138,-1.84748071569649,-1.84663007775785,-1.84578399803799,-1.8449425486973,-1.84410580262527,-1.84327383341039,-1.84244671530895,-1.84162452321281,-1.84080733261624,-1.8399952195817,-1.83918826070463,-1.8383865330775,-1.8375901142528,-1.8367990822053,-1.8360135152936,-1.83523349222117,-1.83445909199662,-1.83369039389337,-1.83292747740868,-1.83217042222213,-1.83141930815371,-1.8306742151213,-1.82993522309785,-1.82920241206816,-1.82847586198526,-1.82775565272644,-1.8270418640488,-1.82633457554459,-1.82563386659614,-1.82493981633064,-1.82425250357446,-1.82357200680763,-1.82289840411811,-1.82223177315616,-1.82157219108894,-1.82091973455511,-1.82027447961958,-1.81963650172867,-1.81900587566543,-1.81838267550532,-1.81776697457216,-1.81715884539445,-1.81655835966199,-1.81596558818308,-1.81538060084201,-1.81480346655705,-1.81423425323896,-1.81367302774994,-1.81311985586323,-1.81257480222344,-1.81203793030753,-1.81150930238648,-1.81098897948738,-1.81047702135641,-1.80997348642254,-1.80947843176216,-1.8089919130645,-1.80851398459802,-1.80804469917763,-1.80758410813257,-1.80713226127528,-1.80668920687108,-1.80625499160851,-1.80582966057054,-1.80541325720668,-1.80500582330596,-1.80460739897086,-1.80421802259221,-1.80383773082492,-1.80346655856463,-1.80310453892537,-1.80275170321827,-1.80240808093129,-1.80207369970995,-1.80174858533887,-1.80143276172443,-1.80112625087836,-1.8008290729024,-1.80054124597408,-1.80026278633323,-1.79999370826957,-1.79973402411106,-1.79948374421318,-1.79924287694929,-1.79901142870189,-1.7987894038548,-1.79857680478627,-1.79837363186302,-1.79817988343524,-1.79799555583252,-1.79782064336068,-1.79765513829927,-1.79749903089992,-1.79735230938518,-1.79721495994814,-1.79708696675276,-1.79696831193488,-1.79685897560392,-1.79675893584519,-1.796668168723,-1.79658664828447,-1.79651434656393,-1.79645123358777,-1.79639727737974,-1.79635244396672,-1.79631669738513,-1.7962899996881,-1.79627231095297,-1.79626358928961,-1.79626379084922,-1.79627286983363,-1.79629077850479,-1.79631746719456,-1.79635288431478,-1.79639697636781,-1.79644968795763,-1.79651096180127,-1.79658073874043,-1.79665895775341,-1.79674555596701,-1.79684046866853,-1.79694362931805,-1.79705496956085,-1.79717441924015,-1.79730190641008,-1.79743735734882,-1.79758069657168,-1.79773184684435,-1.79789072919619,-1.79805726293379,-1.79823136565467,-1.7984129532612,-1.79860193997464,-1.79879823834912,-1.79900175928578,-1.79921241204708,-1.79943010427116,-1.7996547419862,-1.79988622962472,-1.80012447003797,-1.80036936451035,-1.80062081277415,-1.8008787130241,-1.80114296193217,-1.80141345466268,-1.80169008488734,-1.80197274480042,-1.80226132513403,-1.80255571517366,-1.80285580277398,-1.80316147437491,-1.80347261501763,-1.80378910836077,-1.80411083669663,-1.80443768096758,-1.80476952078283,-1.80510623443569,-1.80544769892126,-1.80579378995462,-1.80614438198952,-1.80649934823757,-1.80685856068789,-1.80722189012752,-1.80758920616236,-1.80796037723877,-1.80833527066573,-1.80871375263743,-1.80909568825633,-1.80948094155674,-1.80986937552882,-1.81026085214311,-1.8106552323755,-1.81105237623283,-1.81145214277944,-1.81185439016451,-1.8122589756502,-1.8126657556406,-1.81307458571144,-1.81348532064086,-1.81389781444101,-1.81431192039046,-1.81472749106742,-1.81514437838389,-1.81556243362072,-1.81598150746357,-1.81640145003983,-1.81682211095655,-1.81724333933949,-1.81766498387309,-1.81808689284164,-1.81850891417149,-1.81893089547429,-1.81935268409116,-1.8197741271379,-1.82019507155111,-1.8206153641356,-1.82103485161289,-1.82145338067087,-1.82187079801491,-1.82228695042009,-1.82270168478438,-1.82311484818306,-1.82352628792405,-1.82393585160447,-1.82434338716838,-1.82474874296551,-1.82515176781101,-1.8255523110462,-1.82595022260055,-1.82634535305491,-1.82673755370554,-1.82712667662895,-1.82751257474743,-1.82789510189517,-1.82827411288531,-1.82864946357798,-1.82902101094904,-1.82938861315959,-1.82975212962615,-1.83011142109145,-1.83046634969582,-1.83081677904911,-1.8311625743032,-1.83150360222488,-1.83183973126915,-1.83217083165305,-1.83249677542977,-1.83281743656292,-1.83313269100113,-1.83344241675282,-1.83374649396099,-1.83404480497802,-1.83433723444044,-1.83462366934348,-1.83490399911557,-1.83517811569261,-1.835445913592,-1.83570728998636,-1.83596214477676,-1.83621038066544,-1.83645190322801,-1.83668662098491,-1.83691444547203,-1.83713529131041,-1.83734907627501,-1.83755572136259,-1.83775515085857,-1.83794729240291,-1.83813207705466,-1.83830943935536,-1.83847931739084,-1.83864165285147,-1.83879639109082,-1.83894348118283,-1.83908287597735,-1.83921453215406,-1.83933841027473,-1.83945447483378,-1.83956269430698,-1.83966304119819,-1.83975549208386,-1.83984002765546,-1.83991663275982,-1.83998529643717,-1.84004601195682,-1.84009877685047,-1.8401435929428,-1.84018046637976,-1.8402094076543,-1.84023043162966,-1.84024355756001,-1.8402488091085,-1.84024621436246,-1.8402358058461,-1.84021762053025,-1.84019169983908,-1.84015808965392,-1.84011684031411,-1.84006800661503,-1.84001164780304,-1.83994782756762,-1.83987661403039,-1.83979807973115,-1.83971230161078,-1.83961936099114,-1.83951934355195,-1.83941233930446,-1.83929844256166,-1.83917775190545,-1.83905037015057,-1.83891640430529,-1.83877596552911,-1.8386291690873,-1.83847613430219,-1.83831698450146,-1.83815184696333,-1.83798085285885,-1.83780413719123,-1.83762183873213,-1.83743409995481,-1.83724106696442,-1.83704288942529,-1.83683972048543,-1.83663171669813,-1.83641903794095,-1.83620184733181,-1.83598031114242,-1.83575459870926,-1.83552488234179,-1.83529133722823,-1.83505414133885,-1.834813475327,-1.83456952242769,-1.83432246835391,-1.83407250119087,-1.83381981128797,-1.83356459114891,-1.83330703531976,-1.83304734027523,-1.83278570430315,-1.83252232738734,-1.83225741108898,-1.8319911584266,-1.83172377375441,-1.83145546263939,-1.83118643173711,-1.83091688866625,-1.83064704188201,-1.83037710054841,-1.83010727440977,-1.82983777366152,-1.82956880882055,-1.82930059059492,-1.82903332975315,-1.82876723699297,-1.82850252280965,-1.82823939736414,-1.82797807035103,-1.8277187508663,-1.82746164727532,-1.82720696708103,-1.82695491679244,-1.82670570179337,-1.82645952621169,-1.82621659278889,-1.82597710275044,-1.82574125567674,-1.825509249375,-1.82528127975217,-1.82505754068915,-1.82483822391625,-1.82462351888998,-1.82441361267136,-1.82420868980588,-1.82400893220515,-1.82381451903038,-1.82362562657769,-1.82344242816556,-1.8232650940242,-1.82309379118707,-1.82292868338449,-1.82276993093956,-1.82261769066649,-1.82247211577149,-1.82233335575595,-1.82220155632227,-1.82207685928239,-1.82195940246916,-1.82184931965061,-1.82174674044722,-1.82165179025206,-1.82156459015395,-1.8214852568637,-1.82141390264365,-1.82135063524041,-1.8212955578211,-1.82124876891275,-1.82121036234532,-1.82118042719804,-1.82115904774953,-1.82114630343129,-1.82114226878467,-1.82114701342152,-1.82116060198825,-1.82118309413359,-1.82121454447989,-1.82125500259824,-1.8213045129872,-1.82136311505526,-1.82143084310703,-1.8215077263334,-1.82159378880555,-1.8216890494728,-1.82179352216426,-1.82190721559401,-1.8220301333697,-1.82216227400491,-1.82230363093512,-1.82245419253723,-1.82261394215276,-1.82278285811482,-1.82296091377856,-1.82314807755532,-1.82334431295025,-1.82354957860364,-1.82376382833605,-1.823987011197,-1.8242190715171,-1.82445994896376,-1.82470957860016,-1.82496789094748,-1.82523481205024,-1.82551026354489,-1.82579416273132,-1.82608642264747,-1.82638695214673,-1.82669565597832,-1.82701243487042,-1.82733718561604,-1.82766980116162,-1.82801017069806,-1.82835817975446,-1.82871371029453,-1.82907664081547,-1.82944684644918,-1.82982419906564,-1.83020856737843,-1.83059981705221,-1.83099781081221,-1.8314024085554,-1.83181346746346,-1.83223084211737,-1.83265438461364,-1.83308394468195,-1.83351936980437,-1.83396050533588,-1.83440719462613,-1.8348592791423,-1.83531659859314,-1.83577899105393,-1.83624629309238,-1.83671833989514,-1.83719496539476,-1.83767600239707,-1.83816128270905,-1.83865063726702,-1.83914389626517,-1.83964088928392,-1.84014144541833,-1.84064539340629,-1.84115256175676,-1.84166277887756,-1.84217587320292,-1.84269167332024,-1.84321000809626,-1.84373070680237,-1.84425359923922,-1.84477851586017,-1.84530528789359,-1.84583374746396,-1.84636372771167,-1.8468950629114,-1.84742758858891,-1.84796114163632,-1.84849556042546,-1.84903068491944,-1.84956635678251,-1.85010241948824,-1.85063871842587,-1.8511751010047,-1.85171141675635,-1.85224751743467,-1.8527832571134,-1.85331849228155,-1.85385308193645,-1.85438688767459,-1.8549197737799,-1.85545160730933,-1.85598225817564,-1.85651159922738,-1.85703950632609,-1.85756585842032,-1.85809053761668,-1.85861342924797,-1.85913442193841,-1.85965340766585,-1.86017028182088,-1.86068494326271,-1.86119729437186,-1.86170724109994,-1.86221469301648,-1.86271956335266,-1.86322176904191,-1.86372123075716,-1.86421787294474,-1.86471162385483,-1.86520241556867,-1.86569018402243,-1.8661748690278,-1.86665641428924,-1.86713476741777,-1.86760987994149,-1.86808170731263,-1.86855020891125,-1.86901534804541,-1.86947709194807,-1.86993541177063,-1.87039028257319,-1.87084168331173,-1.87128959682206,-1.87173400980073,-1.87217491278271,-1.87261230011599,-1.87304616993307,-1.87347652411929,-1.87390336827845,-1.87432671169529,-1.87474656729532,-1.87516295160189,-1.87557588469033,-1.8759853901393,-1.87639149497919,-1.87679422963788,-1.87719362788401,-1.87758972676777,-1.87798256655934,-1.87837219068503,-1.87875864566115,-1.87914198102575,-1.87952224926829,-1.87989950575722,-1.88027380866552,-1.88064521889446,-1.88101379999554,-1.88137961809062,-1.88174274179035,-1.88210324211095,-1.88246119238967,-1.88281666819864,-1.88316974725708,-1.88352050934226,-1.88386903619926,-1.88421541144976,-1.88455972049967,-1.88490205044577,-1.88524248998158,-1.88558112930238,-1.88591806000991,-1.88625337501661,-1.88658716844968,-1.88691953555468,-1.887250572599,-1.88758037677518,-1.88790904610417,-1.88823667933857,-1.88856337586601,-1.88888923561271,-1.88921435894737,-1.88953884658547,-1.88986279949414,-1.89018631879761,-1.89050950568338,-1.89083246130928,-1.89115528671129,-1.89147808271248,-1.89180094983306,-1.89212398820167,-1.89244729746799,-1.89277097671672,-1.89309512438286,-1.89341983816833,-1.89374521495997,-1.89407135074902,-1.89439834055232,-1.89472627833557,-1.8950552569384,-1.89538536800149,-1.89571670189534,-1.89604934765106,-1.89638339289328,-1.89671892377524,-1.89705602491608,-1.89739477934016,-1.8977352684185,-1.89807757181225,-1.89842176741807,-1.8987679313158,-1.89911613771835,-1.89946645892398,-1.89981896527101,-1.90017372509479,-1.90053080468708,-1.9008902682575,-1.9012521778975,-1.90161659354654,-1.90198357296086,-1.90235317168463,-1.90272544302347,-1.90310043802035,-1.90347820543388,-1.90385879171899,-1.90424224100993,-1.90462859510572,-1.90501789345782,-1.90541017316019,-1.90580546894166,-1.90620381316072,-1.90660523580265,-1.90700976447889,-1.90741742442884,-1.90782823852408,-1.90824222727514,-1.9086594088406,-1.9090797990381,-1.90950341135738,-1.90993025697525,-1.91036034477263,-1.91079368135336,-1.91123027106502,-1.91167011602147,-1.91211321612728,-1.91255956910353,-1.91300917051525,-1.91346201380055,-1.91391809030152,-1.9143773892967,-1.9148398980348,-1.91530560176982,-1.91577448379746,-1.91624652549275,-1.9167217063489,-1.91720000401724,-1.91768139434808,-1.91816585143278,-1.91865334764689,-1.91914385369408,-1.91963733865104,-1.92013377001333,-1.92063311374166,-1.92113533430884,-1.92164039474729,-1.9221482566972,-1.92265888045521,-1.92317222502353,-1.92368824815914,-1.92420690642315,-1.92472815523004,-1.92525194889691,-1.92577824069273,-1.92630698288775,-1.92683812680263,-1.92737162285745,-1.92790742062036,-1.92844546885599,-1.92898571557349,-1.92952810807443,-1.93007259300019,-1.93061911637884,-1.93116762367146,-1.93171805981793,-1.93227036928201,-1.93282449609572,-1.93338038390287,-1.93393797600174,-1.93449721538667,-1.93505804478881,-1.93562040671581,-1.93618424349046,-1.93674949728801,-1.9373161101723,-1.937884024131,-1.93845318110949,-1.93902352304339,-1.93959499188952,-1.94016752965564,-1.94074107842897,-1.94131558040363,-1.94189097790676,-1.94246721342343,-1.94304422962021,-1.94362196936729,-1.94420037575922,-1.94477939213419,-1.94535896209196,-1.94593902951048,-1.94651953856111,-1.9471004337225,-1.94768165979329,-1.94826316190322,-1.94884488552285,-1.94942677647193,-1.95000878092654,-1.9505908454251,-1.95117291687317,-1.95175494254692,-1.95233687009546,-1.95291864754219,-1.95350022328509,-1.95408154609583,-1.95466256511779,-1.95524322986279,-1.95582349020689,-1.95640329638523,-1.9569825989859,-1.95756134894293,-1.95813949752833,-1.95871699634322,-1.95929379730795,-1.9598698526516,-1.9604451149007,-1.96101953686722,-1.9615930716357,-1.96216567254988,-1.9627372931987,-1.96330788740191,-1.96387740919537,-1.96444581281614,-1.96501305268712,-1.96557908340154,-1.96614385970724,-1.96670733649059,-1.96726946876034,-1.96783021163141,-1.96838952030868,-1.96894735007079,-1.96950365625396,-1.97005839423577,-1.97061151941912,-1.97116298721654,-1.97171275303466,-1.9722607722591,-1.97280700023947,-1.97335139227504,-1.97389390360068,-1.9744344893734,-1.97497310465938,-1.97550970442173,-1.97604424350865,-1.97657667664241,-1.97710695840898,-1.97763504324846,-1.97816088544608,-1.97868443912378,-1.97920565823237,-1.97972449654438,-1.98024090764776,-1.98075484494057,-1.9812662616269,-1.9817751107137,-1.98228134500859,-1.98278491711854,-1.98328577944974,-1.98378388420835,-1.98427918340227,-1.98477162884377,-1.98526117215287,-1.98574776476178,-1.98623135792012,-1.98671190270137,-1.98718935001022,-1.9876636505912,-1.9881347550382,-1.98860261380489,-1.98906717721612,-1.98952839548023,-1.98998621870257,-1.99044059689999,-1.99089148001643,-1.99133881793964,-1.99178256051878,-1.99222265758301,-1.99265905896117,-1.99309171450249,-1.99352057409824,-1.99394558770425,-1.99436670536399,-1.99478387723251,-1.99519705360097,-1.99560618492192,-1.99601122183514,-1.99641211519398,-1.99680881609238,-1.9972012758925,-1.99758944625309,-1.99797327915843,-1.99835272694801,-1.99872774234669,-1.99909827849528,-1.9994642889815,-1.99982572787133,-2.00018254974067,-2.00053470970754,-2.00088216346439,-2.00122486731051,-2.00156277818477,-2.00189585369838,-2.0022240521677,-2.002547332647,-2.00286565496142,-2.00317897973988,-2.0034872684481,-2.00379048342174,-2.00408858789929,-2.0043815460546,-2.00466932302938,-2.00495188496526,-2.0052291990355,-2.00550123347604,-2.00576795761621,-2.00602934190887,-2.00628535796035,-2.0065359785597,-2.00678117770764,-2.00702093064495,-2.00725521388023,-2.007484005217,-2.00770728378025,-2.00792503004219,-2.00813722584747,-2.00834385443753,-2.00854490047413,-2.0087403500619,-2.00893019077003,-2.00911441165294,-2.00929300327007,-2.00946595770459,-2.0096332685812,-2.00979493108286,-2.00995094196646,-2.01010129957761,-2.01024600386419,-2.01038505638899,-2.01051846034124,-2.01064622054696,-2.01076834347818,-2.01088483726094,-2.01099571168225,-2.01110097819599,-2.01120064992765,-2.0112947416777,-2.01138326992378,-2.01146625282162,-2.01154371020487,-2.01161566358369,-2.01168213614226,-2.01174315273497,-2.01179873988156,-2.01184892576085,-2.01189374020321,-2.01193321468176,-2.01196738230222,-2.01199627779181,-2.0120199374871,-2.01203839932073,-2.01205170280705,-2.01205988902652,-2.01206300060909,-2.01206108171658,-2.01205417802399,-2.01204233669964,-2.01202560638435,-2.0120040371697,-2.0119776805753,-2.01194658952511,-2.01191081832275,-2.01187042262602,-2.01182545942036,-2.01177598699122,-2.01172206489563,-2.01166375393297,-2.01160111611498,-2.01153421463501,-2.01146311383667,-2.01138787918191,-2.0113085772184,-2.01122527554643,-2.01113804278533,-2.01104694853916,-2.01095206336187,-2.0108534587219,-2.01075120696627,-2.01064538128417,-2.01053605567024,-2.01042330488738,-2.01030720442916,-2.01018783048183,-2.01006525988609,-2.00993957009845,-2.00981083915229,-2.00967914561884,-2.00954456856793,-2.00940718752871,-2.00926708245023,-2.00912433366179,-2.00897902183293,-2.00883122793339,-2.00868103319302,-2.00852851906169,-2.00837376716914,-2.00821685928475,-2.00805787727747,-2.00789690307549,-2.00773401862637,-2.00756930585712,-2.00740284663448,-2.0072347227253,-2.00706501575718,-2.00689380717963,-2.00672117822564,-2.00654720987372,-2.00637198281024,-2.00619557739205,-2.00601807360938,-2.00583955104908,-2.00566008885826,-2.00547976570872,-2.00529865976176,-2.00511684863356,-2.00493440936119,-2.00475141836929,-2.00456795143739,-2.00438408366775,-2.00419988945363,-2.00401544244817,-2.00383081553402,-2.00364608079356,-2.00346130947972,-2.00327657198758,-2.00309193782637,-2.00290747559196,-2.00272325293981,-2.00253933655894,-2.00235579214669,-2.0021726843844,-2.00199007691372,-2.00180803231368,-2.00162661207857,-2.00144587659671,-2.00126588512982,-2.00108669579337,-2.00090836553743,-2.00073095012837,-2.00055450413146,-2.00037908089452,-2.00020473253269,-2.00003150991402,-1.9998594626461,-1.99968863906369,-1.99951908621721,-1.9993508498621,-1.99918397444918,-1.99901850311592,-1.99885447767866,-1.99869193862567,-1.99853092511118,-1.99837147495019,-1.99821362461417,-1.99805740922758,-1.99790286256519,-1.99775001705065,-1.99759890375597,-1.99744955240197,-1.99730199135959,-1.99715624765196,-1.99701234695743,-1.99687031361349,-1.99673017062176,-1.99659193965397,-1.9964556410589,-1.99632129386991,-1.99618891581327,-1.99605852331708,-1.99593013152116,-1.99580375428758,-1.99567940421181,-1.99555709263448,-1.99543682965376,-1.99531862413848,-1.99520248374176,-1.9950884149152,-1.99497642292364,-1.99486651186057,-1.99475868466412,-1.99465294313335,-1.99454928794489,-1.99444771866992,-1.99434823379154,-1.99425083072258,-1.99415550582369,-1.9940622544218,-1.99397107082908,-1.99388194836238,-1.9937948793629,-1.99370985521615,-1.99362686637203,-1.99354590236524,-1.99346695183597,-1.99339000255084,-1.99331504142423,-1.99324205453991,-1.99317102717284,-1.99310194381121,-1.99303478817868,-1.99296954325655,-1.99290619130614,-1.99284471389133,-1.99278509190116,-1.99272730557248,-1.99267133451245,-1.99261715772133,-1.99256475361539,-1.99251410004985,-1.99246517434183,-1.99241795329341,-1.99237241321496,-1.99232852994873,-1.99228627889236,-1.9922456350224,-1.99220657291768,-1.99216906678273,-1.99213309047105,-1.99209861750862,-1.99206562111711,-1.99203407423706,-1.99200394955092,-1.991975219506,-1.99194785633738,-1.99192183209054,-1.99189711864389,-1.99187368773104,-1.99185151096291,-1.9918305598495,-1.99181080582141,-1.99179222025075,-1.99177477447173,-1.99175843980078,-1.99174318755643,-1.99172898907906,-1.99171581575035,-1.9917036390123,-1.99169243038582,-1.991682161489,-1.99167280405484,-1.99166432994849,-1.99165671118411,-1.99164991994127,-1.99164392858094,-1.9916387096608,-1.99163423595015,-1.99163048044425,-1.99162741637836,-1.99162501724147,-1.9916232567896,-1.99162210905863,-1.99162154837674,-1.99162154937633,-1.9916220870054,-1.99162313653858,-1.99162467358784,-1.9916266741128,-1.99162911443054,-1.99163197122476,-1.99163522155441,-1.9916388428621,-1.99164281298211,-1.99164711014796,-1.99165171299961,-1.99165660059031,-1.99166175239312,-1.99166714830697,-1.99167276866246,-1.99167859422696,-1.99168460620922,-1.99169078626343,-1.99169711649273,-1.99170357945238,-1.99171015815237,-1.9917168360595,-1.99172359709894,-1.99173042565532,-1.99173730657351,-1.99174422515893,-1.99175116717738,-1.99175811885446,-1.99176506687451,-1.99177199837907,-1.99177890096513,-1.99178576268274,-1.99179257203236,-1.99179931796164,-1.99180598986188,-1.99181257756428,-1.99181907133581,-1.99182546187481,-1.99183174030631,-1.99183789817682,-1.99184392744896,-1.99184982049569,-1.99185557009433,-1.99186116942047,-1.9918666120418,-1.99187189191184,-1.99187700336353,-1.9918819411025,-1.99188670020025,-1.99189127608723,-1.99189566454569,-1.9918998617025,-1.99190386402174,-1.99190766829727,-1.99191127164523,-1.9919146714965,-1.99191786558907,-1.99192085196027,-1.99192362893896,-1.99192619513777,-1.99192854944552,-1.99193069101979,-1.99193261927929,-1.99193433389595,-1.99193583478681,-1.9919371221059,-1.99193819623638,-1.9919390577827,-1.99193970756288,-1.99194014660071,-1.99194037611784,-1.99194039752591,-1.9919402124186,-1.99193982256374,-1.99193922989546,-1.99193843650644,-1.99193744464027,-1.99193625668387,-1.9919348751601,-1.99193330272059,-1.99193154213866,-1.99192959630223,-1.99192746820673,-1.99192516094811,-1.9919226777158,-1.99192002178593,-1.99191719651478,-1.99191420533262,-1.99191105173801,-1.99190773929251,-1.99190427161594,-1.99190065238172,-1.9918968853123,-1.99189297417447,-1.99188892277469,-1.99188473495441,-1.99188041458531,-1.99187596556483,-1.99187139181167,-1.99186669726143,-1.99186188586222,-1.99185696157012,-1.99185192834443,-1.99184679014269,-1.99184155091538,-1.99183621460064,-1.99183078511909,-1.9918252663686,-1.99181966221914,-1.99181397650778
0.193403130925096,0.192923367248879,0.192439836769963,0.191952772756924,0.191462412420003,0.190968996690816,0.190472769996975,0.189973980031879,0.189472877519957,0.188969715977665,0.188464751470527,0.187958242366527,0.187450449086157,0.186941633849421,0.186432060420141,0.185921993847859,0.185411700207685,0.184901446338427,0.184391499579322,0.183882127505722,0.183373597664061,0.182866177306466,0.182360133125323,0.181855730988145,0.181353235673089,0.180852910605437,0.180355017595411,0.179859816577622,0.179367565352537,0.178878519330278,0.178392931277063,0.177911051064621,0.177433125422887,0.176959397696328,0.176490107604184,0.176025491004945,0.175565779665352,0.175111201034189,0.17466197802117,0.174218328781182,0.173780466504164,0.173348599210864,0.172922929554733,0.172503654630199,0.172090965787553,0.17168504845465,0.17128608196566,0.170894239397049,0.170509687410998,0.170132586106426,0.1697630888778,0.169401342281875,0.169047485912518,0.168701652283719,0.168363966720947,0.168034547260922,0.167713504559941,0.167400941810822,0.167096954668542,0.166801631184609,0.166515051750234,0.166237289048331,0.165968408014384,0.165708465806165,0.165457511782332,0.165215587489885,0.164982726660466,0.164758955215466,0.16454429127988,0.164338745204849,0.164142319598803,0.163955009367145,0.163776801760388,0.163607676430645,0.163447605496357,0.163296553615106,0.163154478064403,0.163021328830296,0.162897048703644,0.162781573383902,0.162674831590243,0.162576745179833,0.162487229273068,0.162406192385581,0.162333536566821,0.162269157544968,0.162212944877991,0.162164782110605,0.162124546936923,0.16209211136856,0.162067341907927,0.162050099726494,0.162040240847735,0.162037616334521,0.1620420724807,0.162053451006585,0.162071589258072,0.16209632040913,0.162127473667394,0.162164874482593,0.162208344757545,0.162257703061445,0.162312764845149,0.162373342658177,0.162439246367183,0.162510283375588,0.162586258844129,0.16266697591203,0.162752235918531,0.162841838624508,0.162935582433914,0.163033264614776,0.163134681519459,0.16323962880394,0.163347901645855,0.163459294961061,0.163573603618464,0.163690622652861,0.163810147475552,0.163931974082502,0.164055899259813,0.164181720786269,0.164309237632745,0.16443825015828,0.164568560302616,0.164699971774998,0.164832290239056,0.164965323493547,0.165098881648834,0.165232777298909,0.165366825688805,0.16550084487724,0.165634655894325,0.165768082894218,0.165900953302568,0.166033097958646,0.166164351252054,0.166294551253894,0.166423539842298,0.166551162822232,0.166677270039487,0.166801715488787,0.166924357415939,0.167045058413968,0.167163685513203,0.167280110265261,0.167394208820874,0.167505862001545,0.167614955365023,0.167721379264592,0.167825028902149,0.167925804375097,0.168023610717053,0.168118357932399,0.1682099610247,0.168298340019044,0.168383419978329,0.168465131013554,0.168543408288163,0.168618192016513,0.168689427456528,0.16875706489663,0.168821059637018,0.168881371965401,0.168937967127274,0.168990815290833,0.169039891506634,0.169085175662106,0.16912665243104,0.169164311218167,0.169198146098983,0.169228155754917,0.16925434340399,0.169276716727097,0.169295287790099,0.169310072961834,0.169321092828217,0.169328372102575,0.169331939532399,0.169331827802644,0.169328073435757,0.169320716688572,0.169309801446247,0.169295375113394,0.16927748850261,0.169256195720551,0.169231554051743,0.169203623840285,0.169172468369629,0.169138153740596,0.169100748747814,0.16906032475473,0.169016955567386,0.168970717307131,0.168921688282442,0.168869948860009,0.168815581335268,0.168758669802534,0.16869930002489,0.168637559303992,0.16857353634994,0.168507321151412,0.168439004846196,0.168368679592288,0.16829643843971,0.168222375203196,0.168146584335914,0.168069160804348,0.167990199964488,0.167909797439441,0.167828048998583,0.167745050438388,0.167660897465051,0.167575685579031,0.167489509961649,0.167402465363858,0.167314645997291,0.167226145427684,0.167137056470757,0.16704747109066,0.166957480301071,0.166867174069035,0.166776641221608,0.166685969355394,0.166595244749019,0.166504552278631,0.166413975336474,0.166323595752626,0.166233493719938,0.166143747722221,0.166054434465737,0.165965628814024,0.165877403726085,0.165789830197944,0.16570297720761,0.165616911663463,0.165531698356104,0.165447399913679,0.165364076760643,0.165281787079991,0.165200586778945,0.165120529458079,0.165041666383877,0.164964046464698,0.164887716230148,0.164812719813801,0.164739098939276,0.164666892909602,0.164596138599874,0.164526870453117,0.164459120479359,0.164392918257831,0.16432829094225,0.164265263269143,0.164203857569122,0.164144093781062,0.164085989469125,0.164029559842562,0.163974817778224,0.163921773845702,0.163870436335024,0.163820811286841,0.163772902525006,0.163726711691496,0.163682238283566,0.163639479693075,0.163598431247883,0.163559086255233,0.163521436047008,0.163485470026793,0.16345117571865,0.163418538817517,0.163387543241141,0.16335817118345,0.163330403169258,0.163304218110217,0.163279593361944,0.163256504782194,0.163234926790014,0.163214832425773,0.163196193411978,0.163178980214788,0.163163162106099,0.163148707226123,0.163135582646361,0.163123754432882,0.163113187709817,0.163103846722981,0.163095694903509,0.163088694931459,0.163082808799278,0.163077997875052,0.163074222965467,0.163071444378399,0.163069621985046,0.163068715281522,0.163068683449831,0.16306948541817,0.163071079920462,0.163073425555076,0.163076480842654,0.163080204282998,0.163084554410939,0.16308948985114,0.163094969371757,0.16310095193692,0.16310739675798,0.163114263343488,0.163121511547856,0.163129101618652,0.163136994242485,0.163145150589433,0.16315353235598,0.163162101806421,0.16317082181268,0.163179655892555,0.163188568246351,0.163197523791873,0.163206488197751,0.163215427915096,0.163224310207449,0.163233103179021,0.16324177580123,0.163250297937513,0.163258640366415,0.163266774802948,0.16327467391822,0.163282311357334,0.163289661755559,0.163296700752779,0.163303405006242,0.163309752201588,0.163315721062211,0.163321291356936,0.163326443906062,0.163331160585791,0.16333542433105,0.163339219136743,0.163342530057415,0.163345343205392,0.163347645747415,0.163349425899798,0.163350672922145,0.163351377109677,0.163351529784171,0.163351123283591,0.163350150950412,0.163348607118707,0.163346487100028,0.163343787168115,0.163340504542489,0.16333663737097,0.163332184711176,0.163327146511025,0.163321523588313,0.163315317609386,0.163308531066973,0.163301167257213,0.163293230255951,0.16328472489432,0.163275656733662,0.163266032039851,0.163255857757068,0.163245141481054,0.163233891431906,0.163222116426484,0.163209825850462,0.16319702963005,0.163183738203467,0.163169962492197,0.163155713872074,0.163141004144248,0.163125845506063,0.163110250521914,0.163094232094107,0.163077803433783,0.163060978031947,0.163043769630634,0.163026192194269,0.163008259881236,0.162989987015723,0.162971388059852,0.162952477586162,0.162933270250435,0.162913780764925,0.162894023872015,0.162874014318352,0.162853766829484,0.162833296085009,0.16281261669427,0.162791743172627,0.162770689918322,0.162749471189976,0.162728101084733,0.162706593517072,0.162684962198301,0.162663220616757,0.16264138201874,0.162619459390175,0.162597465439029,0.162575412578485,0.162553312910888,0.162531178212468,0.162509019918846,0.162486849111355,0.162464676504155,0.162442512432145,0.162420366839677,0.162398249270081,0.162376168856007,0.162354134310586,0.162332153919409,0.162310235533325,0.162288386562076,0.162266613968738,0.162244924264966,0.162223323507022,0.162201817292609,0.162180410758476,0.162159108578788,0.162137914964236,0.162116833661897,0.162095867955818,0.162075020668314,0.162054294161973,0.162033690342337,0.162013210661254,0.161992856120896,0.16197262727841,0.161952524251192,0.161932546722774,0.161912693949295,0.161892964766535,0.161873357597506,0.161853870460547,0.161834500977944,0.16181524638501,0.161796103539633,0.161777068932256,0.161758138696274,0.161739308618836,0.161720574152004,0.161701930424259,0.161683372252316,0.161664894153243,0.161646490356848,0.16162815481834,0.16160988123122,0.161591663040397,0.161573493455494,0.161555365464313,0.161537271846445,0.161519205186996,0.161501157890414,0.161483122194383,0.161465090183782,0.161447053804685,0.161429004878376,0.161410935115351,0.16139283612931,0.161374699451117,0.161356516542685,0.161338278810791,0.161319977620783,0.161301604310166,0.161283150202049,0.161264606618424,0.161245964893286,0.161227216385544,0.161208352491742,0.161189364658537,0.16117024439492,0.161150983284177,0.161131572995579,0.161112005295783,0.161092272059942,0.1610723652825,0.161052277087653,0.16103199973949,0.1610115256518,0.16099084739756,0.160969957718077,0.160948849531769,0.160927515942585,0.16090595024807,0.160884145947046,0.160862096746925,0.160839796570631,0.160817239563124,0.16079442009755,0.160771332780982,0.16074797245976,0.160724334224435,0.160700413414299,0.160676205621515,0.160651706694851,0.160626912743005,0.160601820137533,0.16057642551539,0.160550725781085,0.160524718108418,0.160498399941834,0.160471768997385,0.160444823263345,0.160417561000458,0.160389980741829,0.16036208129244,0.160333861728298,0.160305321395252,0.160276459907455,0.160247277145503,0.160217773254251,0.160187948640308,0.160157803969218,0.160127340162368,0.160096558393599,0.160065460085564,0.160034046905806,0.160002320762595,0.159970283800511,0.159937938395791,0.159905287151451,0.15987233289219,0.159839078659114,0.159805527704255,0.159771683484926,0.159737549657911,0.159703130073494,0.159668428769349,0.159633449964295,0.159598198051952,0.15956267759429,0.159526893315089,0.15949085009332,0.159454552956451,0.159418007073683,0.159381217749126,0.159344190414925,0.15930693062436,0.159269444044905,0.159231736451288,0.159193813718534,0.159155681815033,0.159117346795623,0.159078814794691,0.159040092019325,0.159001184742513,0.158962099296409,0.158922842065679,0.158883419480942,0.158843838012311,0.158804104163051,0.158764224463324,0.158724205464061,0.158684053730938,0.158643775838485,0.158603378364336,0.158562867883624,0.158522250963524,0.15848153415794,0.158440724002344,0.158399827008773,0.158358849660988,0.158317798409783,0.158276679668484,0.158235499808591,0.158194265155589,0.158152981984927,0.158111656518188,0.158070294919442,0.158028903291754,0.157987487673875,0.157946054037098,0.157904608282303,0.157863156237182,0.157821703653651,0.157780256205441,0.157738819485867,0.157697399005806,0.157656000191879,0.15761462838481,0.157573288837989,0.1575319867162,0.15749072709452,0.157449514957403,0.157408355197946,0.157367252617332,0.157326211924462,0.157285237735728,0.157244334574959,0.1572035068735,0.157162758970456,0.157122095113074,0.157081519457253,0.157041036068184,0.157000648921104,0.156960361902166,0.156920178809411,0.156880103353838,0.156840139160577,0.156800289770141,0.156760558639758,0.156720949144766,0.156681464580093,0.156642108161794,0.156602883028632,0.156563792243715,0.156524838796147,0.15648602560272,0.156447355509633,0.156408831294246,0.156370455666853,0.156332231272453,0.156294160692526,0.156256246446798,0.156218490994991,0.156180896738557,0.156143466022395,0.156106201136551,0.156069104317881,0.156032177751688,0.155995423573328,0.155958843869777,0.155922440681141,0.155886216002122,0.155850171783407,0.155814309932996,0.155778632317451,0.155743140763074,0.155707837057009,0.155672722948266,0.155637800148664,0.15560307033369,0.155568535143265,0.155534196182422,0.155500055021874,0.155466113198482,0.155432372215611,0.155398833543396,0.155365498618911,0.155332368846262,0.155299445596587,0.155266730207933,0.155234223985041,0.155201928199035,0.155169844087031,0.15513797285164,0.155106315660367,0.155074873644915,0.155043647900381,0.155012639484354,0.154981849415922,0.154951278674601,0.154920928199183,0.154890798886505,0.154860891590131,0.154831207118976,0.154801746235829,0.154772509655825,0.154743498044834,0.154714712017798,0.154686152137007,0.154657818910309,0.154629712789265,0.154601834167247,0.15457418337751,0.154546760691206,0.154519566315391,0.154492600390996,0.154465862990794,0.154439354117349,0.15441307370097,0.154387021597664,0.154361197587113,0.154335601370664,0.15431023256934,0.154285090721888,0.154260175282873,0.154235485620795,0.154211021016245,0.154186780660079,0.154162763651636,0.154138968997006,0.154115395607356,0.154092042297318,0.154068907783436,0.154045990682693,0.154023289511135,0.15400080268256,0.153978528507323,0.15395646519124,0.15393461083459,0.153912963431214,0.153891520867723,0.153870280922807,0.153849241266666,0.153828399460558,0.15380775295648,0.153787299096979,0.153767035115088,0.153746958134378,0.153727065169139,0.153707353124683,0.153687818797791,0.153668458877293,0.153649269944804,0.153630248475613,0.153611390839723,0.153592693303053,0.153574152028771,0.153555763078791,0.153537522415411,0.153519425903116,0.15350146931054,0.153483648312561,0.153465958492561,0.153448395344825,0.15343095427709,0.153413630613218,0.15339641959602,0.153379316390207,0.153362316085508,0.15334541369993,0.153328604183153,0.153311882420046,0.153295243234314,0.153278681392274,0.153262191606744,0.153245768541043,0.153229406813093,0.153213100999652,0.153196845640638,0.153180635243543,0.153164464287934,0.153148327230022,0.153132218507308,0.153116132543287,0.15310006375224,0.153084006544083,0.153067955329292,0.153051904523877,0.153035848554415,0.153019781863115,0.153003698912919,0.152987594192628,0.152971462222032,0.15295529755706,0.152939094794917,0.152922848579205,0.152906553605039,0.152890204624131,0.152873796449851,0.152857323962255,0.15284078211308,0.152824165930696,0.152807470525005,0.152790691092275,0.152773822919913,0.152756861391169,0.152739801989768,0.15272264030446,0.152705372033472,0.152687992988871,0.152670499100835,0.152652886421806,0.152635151130537,0.152617289536008,0.152599298081233,0.152581173346923,0.152562912055011,0.152544511072034,0.152525967412358,0.152507278241259,0.152488440877848,0.152469452797853,0.152450311636223,0.152431015189567,0.152411561418402,0.152391948449209,0.152372174576312,0.15235223826356,0.15233213814581,0.152311873030214,0.152291441897305,0.152270843901888,0.152250078373714,0.152229144817938,0.152208042915391,0.15218677252264,0.15216533367186,0.152143726570477,0.152121951600609,0.152100009318284,0.152077900452428,0.152055625903652,0.152033186742809,0.152010584209338,0.151987819709391,0.151964894813766,0.151941811255627,0.151918570928026,0.151895175881212,0.151871628319755,0.151847930599478,0.151824085224198,0.151800094842271,0.151775962242948,0.151751690352554,0.151727282230479,0.15170274106503,0.151678070169096,0.151653272975662,0.15162835303315,0.151603314000635,0.151578159642897,0.151552893825328,0.15152752050871,0.151502043743852,0.151476467666123,0.151450796489878,0.151425034502769,0.15139918605995,0.151373255578181,0.151347247529864,0.151321166436977,0.151295016864948,0.151268803416455,0.151242530725184,0.151216203449542,0.151189826266326,0.15116340386436,0.15113694093811,0.151110442181292,0.151083912280469,0.151057355908657,0.151030777718924,0.151004182338005,0.150977574359964,0.150950958339889,0.150924338787639,0.150897720161643,0.150871106862753,0.150844503228191,0.150817913525579,0.150791341947066,0.150764792603542,0.150738269518964,0.150711776624787,0.150685317754533,0.150658896638462,0.150632516898385,0.150606182042635,0.150579895461202,0.150553660421015,0.150527480061392,0.150501357389646,0.150475295276869,0.150449296453888,0.150423363507429,0.150397498876476,0.150371704848833,0.150345983557886,0.150320336979558,0.150294766929465,0.150269275060302,0.150243862859447,0.150218531646813,0.150193282572923,0.150168116617212,0.150143034586546,0.150118037113966,0.150093124657661,0.15006829750018,0.15004355574788,0.150018899330615,0.149994328001639,0.149969841337761,0.149945438739717,0.149921119432781,0.149896882467612,0.149872726721336,0.14984865089886,0.149824653534424,0.149800732993373,0.149776887474152,0.149753115010523,0.149729413473978,0.149705780576362,0.149682213872681,0.149658710764124,0.149635268501267,0.14961188418746,0.149588554782411,0.149565277105943,0.149542047841938,0.149518863542462,0.149495720632034,0.149472615412057,0.149449544065382,0.149426502661015,0.149403487158936,0.14938049341505,0.149357517186241,0.149334554135544,0.149311599837394,0.149288649782967,0.149265699385599,0.149242743986289,0.149219778859291,0.149196799217772,0.149173800219543,0.149150776972841,0.149127724542185,0.149104637954249,0.149081512203787,0.149058342259553,0.14903512307024,0.149011849570419,0.148988516686482,0.148965119342578,0.148941652466534,0.148918110995757,0.14889448988311,0.148870784102753,0.148846988655958,0.148823098576853,0.148799108938121,0.148775014856621,0.148750811498939,0.148726494086864,0.148702057902783,0.148677498294984,0.14865281068288,0.148627990562126,0.148603033509636,0.148577935188488,0.14855269135269,0.148527297851829,0.148501750635588,0.148476045758128,0.148450179382331,0.148424147783901,0.14839794735531,0.148371574609604,0.148345026184058,0.148318298843684,0.148291389484573,0.148264295137083,0.148237012968873,0.148209540287762,0.148181874544417,0.148154013334864,0.148125954402839,0.148097695641962,0.148069235097742,0.148040570969413,0.148011701611614,0.147982625535886,0.147953341412019,0.147923848069206,0.147894144497017,0.147864229846204,0.14783410342933,0.147803764721235,0.147773213359323,0.147742449143691,0.147711472037104,0.147680282164793,0.147648879814086,0.147617265433892,0.147585439634033,0.147553403184426,0.147521157014137,0.147488702210279,0.147456040016771,0.14742317183296,0.147390099212082,0.14735682385961,0.147323347631461,0.147289672532078,0.147255800712374,0.147221734467557,0.147187476234859,0.147153028591153,0.147118394250464,0.147083576061375,0.147048577004323,0.14701340018881,0.146978048850527,0.1469425263484,0.146906836161567,0.146870981886294,0.146834967232819,0.146798796022138,0.146762472182743,0.14672599974732,0.146689382849399,0.146652625719973,0.146615732684066,0.146578708157277,0.146541556642304,0.146504282725461,0.146466891073191,0.146429386428577,0.146391773607867,0.146354057497023,0.146316243048284,0.146278335276751,0.146240339256991,0.146202260119683,0.146164103048309,0.146125873275882,0.146087576081719,0.146049216788263,0.146010800757953,0.145972333390169,0.145933820118201,0.145895266406311,0.145856677746849,0.145818059657447,0.145779417678286,0.145740757369416,0.145702084308143,0.145663404086492,0.145624722308761,0.14558604458917,0.14554737654958,0.145508723817301,0.145470092022995,0.145431486798679,0.145392913775828,0.145354378583571,0.145315886846966,0.145277444185379,0.145239056210957,0.145200728527177,0.145162466727491,0.145124276394053,0.145086163096546,0.145048132391087,0.145010189819227,0.144972340907036,0.14493459116428,0.144896946083676,0.144859411140236,0.144821991790686,0.144784693472981,0.144747521605897,0.144710481588693,0.14467357880085,0.144636818601873,0.144600206331164,0.144563747307947,0.144527446831232,0.144491310179824,0.144455342612361,0.144419549367395,0.144383935663493,0.144348506699365,0.144313267654032,0.144278223687004,0.144243379938473,0.144208741529524,0.144174313562357,0.144140101120513,0.144106109269081,0.144072343054901,0.144038807506734,0.144005507635402,0.143972448433886,0.143939634877369,0.143907071923255,0.143874764511145,0.143842717562767,0.14381093598185,0.143779424653925,0.14374818844605,0.143717232206464,0.143686560764165,0.143656178928403,0.143626091488092,0.143596303211123,0.143566818843571,0.143537643108797,0.143508780706447,0.143480236311341,0.143452014572251,0.143424120110553,0.143396557518766,0.143369331358968,0.143342446161076,0.143315906421011,0.143289716598717,0.143263881116061,0.143238404354588,0.14321329065313,0.143188544305286,0.14316416955676,0.143140170602552,0.143116551583998,0.143093316585661,0.143070469632069,0.143048014684327,0.143025955636589,0.143004296312383,0.142983040460811,0.142962191752598,0.142941753776013,0.14292173003264,0.142902123933022,0.142882938792176,0.142864177825,0.142845844141533,0.142827940742086,0.142810470512261,0.142793436217842,0.142776840499564,0.142760685867778,0.142744974697018,0.142729709220475,0.142714891524381,0.142700523542319,0.142686607049459,0.14267314365672,0.142660134804866,0.142647581758538,0.142635485600238,0.142623847224293,0.14261266733079,0.142601946419494,0.142591684783744,0.142581882504349,0.142572539443501,0.142563655238714,0.1425552292968,0.142547260787894,0.14253974863952,0.142532691530734,0.142526087886358,0.142519935871314,0.142514233385062,0.142508978056156,0.142504167236913,0.142499797998254,0.142495867124722,0.142492371109681,0.14248930615072,0.142486668145244,0.142484452686306,0.142482655058662,0.142481270235076,0.142480292872872,0.142479717310777,0.142479537566063,0.142479747331993,0.142480339975574,0.142481308535644,0.142482645721301,0.142484343910702,0.142486395150223,0.142488791154022,0.142491523304008,0.142494582650227,0.142497959911669,0.142501645477498,0.142505629408738,0.142509901440437,0.142514450984328,0.142519267131984,0.142524338658485,0.142529654026558,0.142535201391246,0.142540968605101,0.142546943223935,0.142553112513129,0.142559463454523,0.14256598275388,0.142572656848939,0.142579471918064,0.142586413889483,0.142593468451127,0.14260062106108,0.142607856958641,0.142615161176002,0.142622518550566,0.1426299137379,0.142637331225329,0.14264475534617,0.142652170294616,0.142659560141278,0.142666908849376,0.142674200291562,0.142681418267395,0.142688546521473,0.14269556876223,0.142702468681384,0.142709229974025,0.142715836359327,0.142722271601888,0.142728519533693,0.142734564076714,0.142740389266112,0.142745979274061,0.142751318434157,0.142756391266416,0.14276118250286,0.142765677113679,0.142769860333971,0.142773717691026,0.142777235032151,0.142780398553006,0.142783194826459,0.142785610831929,0.142787633985221,0.142789252168833,0.142790453762705,0.142791227675414,0.142791563375758,0.142791450924728,0.142790881007843,0.142789844967811,0.14278833483752,0.142786343373316,0.142783864088568,0.142780891287457,0.142777420098984,0.142773446511154,0.142768967405347,0.142763980590836,0.142758484839449,0.142752479920323,0.142745966634754,0.142738946851075,0.14273142353958,0.142723400807438,0.142714883933583,0.142705879403522,0.142696394944039,0.142686439557775,0.142676023557652,0.142665158601136,0.142653857724279,0.14264213537553,0.142630007449266,0.142617491319005,0.142604605870265,0.142591371533063,0.142577810314049,0.142563945828203,0.142549803330052,0.142535409744389,0.142520793696471,0.142505985541664,0.14249101739452,0.142475923157245,0.14246073854753,0.142445501125724,0.142430250321286,0.142415027458518,0.142399875781565,0.142384840478642,0.142369968705467,0.142355309607858,0.142340914343481,0.142326836102697,0.142313130128516,0.142299853735598,0.142287066328302,0.142274829417735,0.142263206637803,0.142252263760228,0.142242068708532,0.142232691570933,0.142224204612167,0.142216682284196,0.142210201235808,0.142204840321059,0.14220068060656,0.142197805377588,0.142196300143013,0.14219625263903,0.142197752831682,0.142200892918172,0.142205767326941,0.142212472716499,0.142221107973008,0.142231774206585,0.142244574746345,0.142259615134163,0.142277003117147,0.142296848638805,0.142319263828918,0.142344362992114,0.142372262595149,0.142403081252876,0.142436939712907,0.142473960838962,0.142514269592926,0.142557993015617,0.142605260206255,0.142656202300666,0.14271095244817,0.142769645787205,0.142832419419666,0.142899412383985,0.142970765626952,0.143046621974258,0.14312712609978,0.143212424493639,0.143302665429027,0.143397998927838,0.143498576725106,0.143604552232253,0.143716080499155,0.14383331817506,0.143956423468347,0.144085556105158,0.144220877286924,0.144362549646807,0.144510737205074,0.144665605323409,0.144827320658186,0.144996051112698,0.145171965788392,0.145355234935107,0.145546029900336,0.145744523077534,0.145950887853476,0.146165298554701,0.146387930393059,0.146618959410384,0.146858562422318,0.147106916961317,0.14736420121886,0.147630593986899,0.14790627459856,0.148191422868119,0.148486219030267,0.148790843678695,0.149105477704026,0.149430302231101,0.149765498555668,0.150111248080492,0.15046773225094,0.15083513249002,0.151213630132924,0.151603406361104,0.152004642135897,0.152417518131742,0.152842214669012,0.153278911646488,0.153727788473511,0.154189024001808,0.154662796457044,0.155149283370109,0.15564866150819,0.156161106805665,0.156686794294827,0.157225898036458,0.15777859105027,0.158345045245287,0.158925431350164,0.159519918843463,0.160128675883923,0.160751869240745,0.161389664223955,0.162042224614843,0.162709712596522,0.163392288684625,0.164090111658162,0.164803338490565,0.165532124280966,0.166276622185725,0.167036983350269,0.167813356841252,0.168605889579088,0.169414726270883,0.170240009343757,0.171081878878626,0.171940472544442,0.17281592553294,0.173708370493946,0.174617937471252,0.175544753839105,0.176488944239346,0.177450630519231,0.178429931669979,0.179426963766049,0.180441839905198,0.181474670149334,0.182525561466188,0.183594617671883,0.184681939374388,0.185787623917931,0.186911765328363,0.188054454259533,0.189215777940681,0.190395820124909,0.191594661038767,0.192812377332982,0.194049042034381,0.195304724499011,0.196579490366482,0.19787340151558,0.199186516021171,0.200518888112468,0.201870568132682,0.203241602500095,0.20463203367059,0.206041900101633,0.207471236217761,0.208920072377619,0.210388434842587,0.21187634574702,0.213383823070121,0.214910880609487,0.216457527956355,0.218023770472592,0.219609609269439,0.221215041188044,0.22284005878182,0.224484650300636,0.226148799676872,0.227832486513364,0.229535686073274,0.231258369271889,0.233000502670407,0.234762048471683,0.236542964518003,0.238343204290876,0.240162716912912,0.24200144715181,0.243859335426438,0.245736317815019,0.247632326065418,0.249547287607537,0.251481125567839,0.253433758785993,0.255405101833647,0.257395065035356,0.259403554491661,0.261430472104314,0.263475715603654,0.265539178578126,0.267620750505958,0.269720316788948,0.271837758788382,0.273972953863105,0.276125775409691,0.278296092904732,0.280483771949234,0.282688674315112,0.284910657993734,0.287149577246509,0.289405282657485,0.291677621187958,0.293966436233052,0.296271567680234,0.29859285196974,0.300930122156901,0.303283207976359,0.305651935908117,0.308036129245376,0.310435608164098,0.312850189794288,0.315279688292965,0.31772391491875,0.320182678108045,0.322655783552735,0.325143034279357,0.32764423072971,0.330159170842845,0.332687650138387,0.335229461801154,0.337784396766996,0.340352243809811,0.342932789629703,0.345525818942241,0.348131114568746,0.350748457527531,0.353377627126029,0.356018401053775,0.35867055547615,0.36133386512882,0.364008103412777,0.366693042489937,0.369388453379187,0.372094106052849,0.37480976953351,0.377535211991131,0.380270200840346,0.383014502837876,0.385767884179981,0.388530110599856,0.391300947464922,0.394080159873939,0.396867512753851,0.399662770956277,0.402465699353568,0.405276062934356,0.408093626898539,0.410918156751622,0.413749418398345,0.416587178235509,0.419431203243942,0.422281261079575,0.425137120163572,0.42799854977144,0.430865320121,0.433737202459141,0.436613969147305,0.439495393745687,0.442381251096065,0.445271317403136,0.448165370314311,0.451063188997916,0.453964554219765,0.456869248418034,0.459777055776363,0.462687762295125,0.465601155860829,0.468517026313559,0.471435165512423,0.47435536739902,0.477277428058827,0.480201145780433,0.483126321112529,0.486052756918685,0.488980258429867,0.491908633294627,0.494837691626952,0.497767246051759,0.500697111747967,0.503627106489066,0.506557050681168,0.509486767398487,0.512416082416241,0.515344824240965,0.51827282413817,0.521199916157386,0.524125937154572,0.5270507268119,0.529974127654901,0.532895985067022,0.535816147301547,0.53873446549088,0.541650793653133,0.544564988696061,0.547476910418378,0.550386421508409,0.553293387540077,0.556197676966257,0.559099161109513,0.561997714150224,0.564893213112164,0.56778553784554,0.57067457100749,0.573560198040112,0.576442307146044,0.579320789261649,0.582195538027842,0.58506644975859,0.587933423407115,0.59079636052982,0.593655165247991,0.596509744207384,0.59936000653575,0.602205863798322,0.605047229951305,0.607884021293436,0.610716156415705,0.613543556149297,0.616366143511866,0.619183843652144,0.62199658379298,0.624804293172916,0.627606902986363,0.63040434632238,0.63319655810211,0.63598347501502,0.63876503545408,0.641541179449891,0.64431184860385,0.647076986020443,0.649836536238701,0.652590445162919,0.655338659992728,0.658081129152627,0.66081780222105,0.663548629859089,0.666273563738997,0.668992556472542,0.671705561539266,0.674412533214715,0.677113426498715,0.679808197043789,0.682496801083803,0.68517919536288,0.687855337064684,0.690525183742204,0.693188693248085,0.695845823665541,0.698496533239932,0.701140780311083,0.703778523246478,0.70640972037537,0.709034329923863,0.711652309951042,0.714263618286219,0.716868212467397,0.719466049681038,0.722057086703191,0.724641279842079,0.727218584882161,0.729788957029711,0.732352350859949,0.734908720265831,0.737458018408538,0.740000197669704,0.7425352096054,0.745063004901938,0.747583533333565,0.75009674372209,0.752602583898511,0.755101000666698,0.757591939769105,0.760075345854476,0.762551162447641,0.765019331921458,0.767479795470986,0.769932493089793,0.772377363548466,0.774814344375319,0.77724337183935,0.7796643809354,0.782077305371541,0.784482077558676,0.786878628602379,0.789266888296937,0.791646785121585,0.794018246239077,0.796381197496574,0.798735563428823,0.801081267263553,0.803418230929079,0.80574637506409,0.808065619029654,0.810375880923375,0.812677077595667,0.814969124668138,0.81725193655401,0.819525426480545,0.821789506513496,0.824044087583529,0.826289079514576,0.828524391054096,0.830749929905236,0.832965602760795,0.835171315339008,0.837366972421095,0.839552477890549,0.841727734774134,0.843892645284532,0.846047110864505,0.848191032232536,0.850324309429987,0.85244684186972,0.854558528386133,0.856659267286617,0.858748956404401,0.860827493152621,0.86289477457966,0.864950697425746,0.866995158180706,0.869028053142698,0.871049278477849,0.873058730280791,0.875056304636089,0.877041897680519,0.879015405666091,0.880976725023804,0.882925752428011,0.88486238486127,0.886786519679557,0.888698054677835,0.890596888156001,0.89248291898519,0.894356046674417,0.896216171437455,0.898063194259868,0.899897016966235,0.901717542287455,0.903524673928043,0.905318316633311,0.907098376256368,0.908864759824969,0.910617375608169,0.912356133182775,0.914080943499485,0.915791718948635,0.917488373425539,0.91917082239532,0.920838982957189,0.922492773908136,0.924132115806059,0.925756931032296,0.927367143853442,0.928962680482292,0.930543469137903,0.932109440104809,0.933660525791371,0.935196660787295,0.936717781920133,0.938223828310742,0.939714741427723,0.941190465140833,0.942650945773279,0.944096132152839,0.945525975661789,0.946940430285586,0.948339452660378,0.949723002119334,0.951091040737677,0.952443533376352,0.953780447724318,0.955101754339539,0.956407426688656,0.957697441185327,0.958971777227156,0.960230417231152,0.961473346667762,0.962700554093505,0.96391203118227,0.965107772755218,0.96628777680927,0.967452044544148,0.96860058038796,0.96973339202127,0.970850490399719,0.971951889775239,0.973037607715823,0.974107665123747,0.97516208625226,0.976200898720723,0.977224133528216,0.97823182506562,0.979224011126266,0.98020073291523,0.981162035057233,0.982107965603083,0.983038576034672,0.983953921268527,0.984854059657936,0.985739052993667,0.986608966503261,0.987463868848899,0.988303832123782,0.989128931847071,0.989939246957483,0.990734859805609,0.991515856145018,0.992282325122165,0.993034359265001,0.993772054470293,0.99449550998971,0.995204828414672,0.995900115659987,0.99658148094624,0.997249036780976,0.99790289893872,0.998543186439767,0.999170021527754,0.999783529646094,1.00038383941325,1.00097108259692,1.00154539408707,1.00210691186792,1.00265577698885,1.00319213353427,1.00371612859245,1.00422791222319,1.00472763742447,1.00521546009802,1.00569153901381,1.00615603577352,1.00660911477286,1.00705094316292,1.00748169081049,1.00790153025728,1.00831063667818,1.00870918783849,1.0090973640501,1.00947534812665,1.00984332533777,1.01020148336228,1.01055001224041,1.01088910432514,1.01121895423257,1.0115397587913,1.01185171699081,1.01215502992882,1.01244990075766,1.01273653462966,1.01301513864157,1.01328592177799,1.01354909485371,1.01380487045502,1.01405346288006,1.01429508807827,1.01452996358882,1.01475830847826,1.01498034327719,1.01519628991614,1.01540637166026,1.01561081304326,1.01580983980041,1.01600367880072,1.01619255797823,1.01637670626233,1.01655635350719,1.01673173042021,1.01690306848958,1.01707059991082,1.01723455751252,1.01739517468119,1.01755268528527,1.01770732359818,1.01785932422053,1.01800892200133,1.0181563519584,1.01830184919787,1.01844564883288,1.01858798590133,1.01872909528284,1.01886921161506,1.01900856920914,1.01914740196453,1.01928594328301,1.01942442598218,1.01956308220834,1.01970214334889,1.01984183994418,1.01998240159873,1.02012405689214,1.0202670332895,1.02041155705129,1.02055785314285,1.02070614514333,1.02085665515439,1.02100960370821,1.0211652096754,1.02132369017258,1.02148526046989,1.02165013389833,1.02181852175715,1.02199063322095,1.02216667524687,1.0223468524816,1.02253136716854,1.02272041905504,1.02291420529987,1.0231129203807,1.02331675600183,1.0235259010023,1.02374054126423,1.02396085962162,1.02418703576974,1.02441924617499,1.02465766398549,1.02490245894235,1.02515379729176,1.02541184169771,1.02567675115564,1.02594868090705,1.02622778235516,1.02651420298178,1.02680808626536,1.02710957160022,1.0274187942172,1.0277358851058,1.02806097093794,1.02839417399322,1.02873561208589,1.02908539849351,1.02944364188748,1.02981044626541,1.03018591088533,1.03057013020199,1.03096319380523,1.03136518636041,1.03177618755116,1.03219627202427,1.03262550933702,1.03306396390665,1.03351169496229,1.03396875649936,1.03443519723656,1.03491106057548,1.0353963845629,1.03589120185561,1.03639553968802,1.03690941984272,1.03743285862395,1.03796586683414,1.03850844975326,1.03906060712134,1.03962233312398,1.04019361638078,1.04077443993694,1.04136478125796,1.04196461222753,1.04257389914864,1.04319260274803,1.04382067818386,1.04445807505675,1.04510473742408,1.04576060381771,1.04642560726519,1.04709967531437,1.04778273006149,1.04847468818267,1.04917546096883,1.04988495436395,1.05060306900671,1.05132970027578,1.05206473833829,1.0528080682018,1.05355956976945,1.05431911789848,1.05508658246202,1.05586182841428,1.0566447158591,1.05743510012186,1.05823283182468,1.05903775696501,1.05984971699751,1.06066854891916,1.06149408535756,1.06232615466221,1.0631645809986,1.06400918444539,1.06485978109439,1.06571618315367,1.06657819905328,1.06744563355382,1.06831828785747,1.06919595972176,1.0700784435757,1.07096553063851,1.07185700904072,1.07275266394769,1.07365227768528,1.07455562986778,1.07546249752798,1.07637265524911,1.07728587529886,1.07820192776499,1.07912058069284,1.08004160022433,1.08096475073843,1.08188979499297,1.08281649426771,1.08374460850869,1.08467389647359,1.08560411587817,1.08653502354359,1.08746637554444,1.08839792735734,1.08932943401006,1.090260650231,1.09119133059898,1.09212122969333,1.09305010224408,1.09397770328217,1.09490378828947,1.09582811334855,1.09675043529199,1.09767051185136,1.0985881018056,1.0995029651289,1.10041486313775,1.10132355863713,1.10222881606577,1.10313040164035,1.10402808349854,1.10492163184084,1.10581081907106,1.10669541993525,1.10757521165908,1.1084499740835,1.10931948979851,1.11018354427512,1.1110419259953,1.11189442657974,1.11274084091342,1.11358096726877,1.11441460742637,1.11524156679314,1.116061654518,1.1168746836048,1.11768047102263,1.1184788378133,1.11926960919592,1.12005261466847,1.12082768810613,1.12159466785657,1.12235339683192,1.1231037225975,1.1238454974572,1.1245785785355,1.12530282785597,1.12601811241636,1.12672430425992,1.1274212805433,1.12810892360074,1.12878712100468,1.12945576562282,1.13011475567124,1.13076399476377,1.13140339195741,1.13203286179374,1.13265232433632,1.1332617052041,1.13386093560081,1.13444995234037,1.13502869786814,1.13559712027807,1.13615517332573,1.13670281643729,1.1372400147144,1.13776673893505,1.13828296555036,1.13878867667746,1.13928386008827,1.1397685091944,1.14024262302792,1.14070620621825,1.14115926896508,1.14160182700727,1.14203390158801,1.14245551941602,1.14286671262291,1.14326751871688,1.1436579805326,1.14403814617753,1.14440806897457,1.14476780740107,1.14511742502444,1.14545699043415,1.14578657717052,1.14610626365018,1.14641613308813,1.14671627341669,1.1470067772011,1.14728774155217,1.14755926803571,1.14782146257919,1.14807443537546,1.14831830078381,1.1485531772283,1.14877918709351,1.14899645661774,1.14920511578375,1.14940529820706,1.14959714102193,1.14978078476523,1.14995637325832,1.15012405348676,1.15028397547841,1.15043629217977,1.1505811593308,1.15071873533809,1.15084918114675,1.15097266011079,1.15108933786251,1.15119938218061,1.15130296285752,1.15140025156577,1.15149142172396,1.15157664836192,1.15165610798557,1.15172997844123,1.15179843877978,1.1518616691207,1.15191985051616,1.15197316481508,1.15202179452742,1.15206592268872,1.15210573272508,1.15214140831855,1.15217313327322,1.15220109138194,1.15222546629382,1.1522464413825,1.15226419961554,1.15227892342491,1.15229079457883,1.15229999405495,1.15230670191513,1.15231109718176,1.15231335771567,1.15231366009578,1.15231217950063,1.15230908959186,1.15230456239965,1.15229876821017,1.15229187545538,1.15228405060505,1.1522754580613,1.15226626005563,1.15225661654863,1.15224668513243,1.15223662093596,1.15222657653292,1.15221670185259,1.15220714409336,1.15219804763936,1.15218955398004,1.15218180163291,1.15217492606939,1.15216905964385,1.15216433152582,1.15216086763533,1.15215879058152,1.15215821960455,1.15215927052076,1.15216205567146,1.15216668387513,1.15217326038298,1.15218188683803,1.15219266123771,1.15220567789997,1.15222102743286,1.15223879670769,1.15225906883571,1.1522819231483,1.15230743518082,1.15233567665993,1.15236671549439,1.15240061576932,1.15243743774402,1.15247723785329,1.1525200687121,1.1525659791237,1.15261501409099,1.15266721483126,1.15272261879431,1.15278125968383,1.15284316748192,1.15290836847674,1.15297688529328,1.15304873692721,1.15312393878175,1.15320250270741,1.15328443704453,1.15336974666872,1.15345843303896,1.15355049424848,1.15364592507816,1.15374471705244,1.15384685849761,1.15395233460244,1.15406112748105,1.15417321623803,1.1542885770355,1.15440718316238,1.15452900510564,1.1546540106235,1.15478216482038,1.15491343022341,1.15504776686054,1.15518513234015,1.15532548193206,1.15546876864967,1.15561494333342,1.15576395473541,1.15591574960492,1.15607027277493,1.15622746724929,1.1563872742907,1.15654963350925,1.1567144829517,1.15688175919107,1.15705139741674,1.15722333152459,1.15739749420724,1.15757381704443,1.15775223059309,1.15793266447725,1.15811504747753,1.15829930762011,1.15848537226517,1.15867316819484,1.1588626217005,1.1590536586694,1.15924620467044,1.15944018503906,1.15963552496117,1.1598321495559,1.1600299839573,1.16022895339464,1.16042898327138,1.16062999924289,1.16083192729264,1.16103469380696,1.16123822564822,1.16144245022635,1.16164729556873,1.1618526903883,1.1620585641499,1.16226484713475,1.16247147050299,1.16267836635443,1.16288546778728,1.16309270895498,1.16330002512097,1.16350735271127,1.16371462936491,1.16392179398208,1.16412878677001,1.16433554928655,1.16454202448134,1.16474815673484,1.16495389189494,1.1651591773113,1.16536396186718,1.16556819600912,1.16577183177421,1.16597482281516,1.16617712442296,1.16637869354703,1.16657948881321,1.1667794705394,1.16697860074903,1.16717684318211,1.16737416330409,1.16757052831238,1.16776590714073,1.1679602704614,1.16815359068523,1.16834584195944,1.16853700016322,1.16872704290123,1.16891594949503,1.16910370097235,1.16929028005443,1.16947567114154,1.16965986029651,1.16984283522635,1.17002458526197,1.17020510133629,1.17038437596061,1.17056240319948,1.17073917864406,1.17091469938377,1.1710889639763,1.17126197241605,1.17143372610131,1.17160422779995,1.17177348161394,1.17194149294251,1.1721082684442,1.17227381599792,1.17243814466291,1.17260126463779,1.17276318721874,1.17292392475685,1.17308349061471,1.17324189912229,1.17339916553222,1.17355530597461,1.17371033741128,1.17386427758955,1.17401714499553,1.17416895880729,1.17431973884797,1.17446950553871,1.17461827985154,1.17476608326232,1.17491293770355,1.17505886551735,1.17520388940845,1.17534803239745,1.17549131777422,1.17563376905171,1.17577540992014,1.17591626420152,1.17605635580467,1.17619570868073,1.17633434677927,1.1764722940049,1.17660957417449,1.17674621097507,1.1768822279225,1.17701764832104,1.17715249522366,1.17728679139319,1.17742055926446,1.17755382090742,1.17768659799147,1.1778189117508,1.17795078295102,1.17808223185687,1.17821327820121,1.17834394115523,1.17847423929992,1.17860419059881,1.17873381237186,1.17886312127076,1.17899213325525,1.17912086357069,1.17924932672678,1.17937753647751,1.17950550580252,1.17963324688991,1.17976077112032,1.17988808905239,1.18001521040945,1.18014214406764,1.18026889804506,1.18039547949236,1.18052189468465,1.18064814901481,1.18077424698804,1.18090019221786,1.18102598742339,1.18115163442804,1.18127713415942,1.18140248665063,1.18152769104285,1.18165274558912,1.18177764765943,1.18190239374685,1.18202697947474,1.18215139960508,1.18227564804792,1.18239971787204,1.18252360131676,1.1826472898049,1.18277077395682,1.18289404360539,1.18301708781183,1.18313989488267,1.18326245238749,1.1833847471777,1.18350676540635,1.1836284925488,1.18374991342426,1.18387101221796,1.18399177250421,1.18411217727011,1.18423220893986,1.18435184939975,1.18447108002367,1.18458988169907,1.18470823485342,1.1848261194811,1.18494351517056,1.1850604011319,1.18517675622464,1.18529255898583,1.18540778765835,1.18552242021961,1.18563643441027,1.18574980776313,1.18586251763206,1.18597454122106,1.18608585561336,1.18619643780057,1.18630626471167,1.18641531324207,1.1865235602824,1.18663098274702,1.18673755760227,1.18684326189447,1.18694807277777,1.18705196754161,1.18715492363803,1.18725691870843,1.1873579306099,1.18745793744103,1.18755691756725,1.18765484964572,1.18775171264983,1.18784748589319,1.18794214905308,1.18803568219344,1.18812806578722,1.18821928073825,1.18830930840232,1.18839813060768,1.18848572967479,1.18857208843531,1.18865719025025,1.18874101902747,1.1888235592382,1.18890479593282,1.18898471475558,1.1890633019586,1.18914054441486,1.18921642963041,1.18929094575586,1.18936408159711,1.1894358266253,1.18950617098574,1.18957510550591,1.18964262170275,1.18970871178895,1.18977336867854,1.18983658599138,1.18989835805699,1.18995867991736,1.19001754732901,1.19007495676396,1.19013090540994,1.19018539116986,1.19023841266043,1.19028996921007,1.19034006085594,1.19038868834019,1.19043585310542,1.19048155728939,1.19052580371904,1.19056859590375,1.19060993802792,1.19064983494283,1.1906882921578,1.19072531583052,1.19076091275676,1.19079509035935,1.19082785667644,1.19085922034922,1.19088919060901,1.19091777726395,1.19094499068508,1.19097084179199,1.19099534203803,1.19101850339495,1.19104033833725,1.19106085982594,1.19108008129197,1.1910980166193,1.19111468012773,1.19113008655535,1.19114425104075,1.19115718910504,1.19116891663362,1.19117944985785,1.19118880533651,1.19119699993717,1.19120405081753,1.19120997540666,1.1912147913862,1.19121851667173,1.19122116939416,1.19122276788119,1.19122333063877,1.19122287633263,1.19122142376988,1.19121899188086,1.19121559970112,1.19121126635369,1.19120601103148,1.19119985297987,1.19119281147956,1.1911849058296,1.19117615533084,1.19116657926945,1.1911561969008,1.19114502743367,1.19113309001479,1.19112040371363,1.19110698750764,1.19109286026787,1.19107804074499,1.19106254755568,1.19104639916947,1.19102961389593,1.19101220987235,1.19099420505186,1.19097561719203,1.19095646384393,1.19093676234168,1.19091652979244,1.19089578306696,1.19087453879062,1.19085281333505,1.19083062281018,1.19080798305696,1.19078490964059,1.1907614178443,1.19073752266358,1.19071323880097,1.19068858066141,1.19066356234828,1.19063819765981,1.19061250008602,1.19058648280607,1.19056015868627,1.19053354027856,1.19050663981958,1.1904794692302,1.19045204011555,1.19042436376548,1.19039645115546,1.19036831294786,1.19033995949376,1.19031140083511,1.19028264670752,1.19025370654329,1.19022458947497,1.19019530433927,1.19016585968145,1.19013626376,1.19010652455178,1.19007664975736,1.19004664680661,1.19001652286455,1.18998628483743,1.18995593937911,1.18992549289767,1.18989495156234,1.18986432131058,1.1898336078554,1.18980281669282,1.18977195310946,1.18974102219034,1.18971002882689,1.1896789777249,1.18964787341275,1.18961672024972,1.18958552243439,1.18955428401318,1.18952300888889,1.18949170082938,1.18946036347617,1.18942900035308,1.18939761487485,1.18936621035569,1.18933479001793,1.18930335700072,1.18927191436865,1.18924046512033,1.18920901219679,1.18917755848962,1.18914610684913,1.1891146600923,1.18908322101071,1.18905179237824,1.18902037695852,1.1889889775122,1.18895759680385,1.18892623760851,1.18889490271784,1.18886359494584,1.18883231713422,1.18880107215759,1.18876986292849,1.18873869240211,1.18870756358069,1.18867647951765,1.18864544332128,1.18861445815826,1.18858352725697,1.18855265391043,1.18852184147898,1.18849109339268,1.18846041315336,1.18842980433664,1.1883992705936,1.18836881565219,1.18833844331835,1.18830815747666,1.18827796209065,1.18824786120266,1.18821785893321,1.18818795948003,1.18815816711681,1.18812848619184,1.18809892112626,1.18806947641217,1.18804015661047,1.18801096634848,1.18798191031721,1.18795299326832,1.18792422001073,1.18789559540702,1.18786712436952,1.18783881185632,1.18781066286705,1.18778268243857,1.18775487564017,1.18772724756886,1.18769980334429,1.18767254810363,1.18764548699617,1.18761862517779,1.18759196780534,1.18756552003082,1.18753928699557,1.18751327382423,1.18748748561882,1.1874619274527,1.1874366043645,1.18741152135212,1.18738668336676,1.18736209530702,1.18733776201295,1.18731368826003,1.18728987875331,1.18726633812156,1.18724307091133,1.18722008158114,1.18719737449555,1.18717495391942,1.18715282401209,1.18713098882178,1.18710945228001,1.18708821819609,1.18706729025184,1.18704667199633,1.18702636684077,1.1870063780536,1.18698670875549,1.18696736191463,1.18694834034209,1.18692964668758,1.18691128343539,1.18689325290064,1.18687555722564,1.18685819837655,1.18684117814033,1.18682449812188,1.18680815974142,1.18679216423211,1.18677651263788,1.18676120581149,1.18674624441284,1.18673162890769,1.18671735956647,1.18670343646336,1.18668985947573,1.18667662828374,1.18666374237038,1.1866512010217,1.1866390033274,1.18662714818177,1.18661563428481,1.18660446014369,1.18659362407446,1.18658312420389,1.18657295847178,1.18656312463339,1.18655362026211,1.18654444275246,1.18653558932326,1.18652705702092,1.18651884272289,1.1865109431412,1.18650335482642,1.1864960741718,1.18648909741781,1.18648242065675,1.18647603983769,1.1864699507715,1.18646414913589,1.18645863048061,1.18645339023271,1.18644842370196,1.18644372608617,1.1864392924767,1.18643511786398,1.18643119714319,1.18642752512006,1.18642409651654,1.18642090597649,1.18641794807133,1.18641521730576,1.1864127081236,1.18641041491372,1.18640833201583,1.18640645372623,1.18640477430368,1.18640328797539,1.18640198894299,1.18640087138845,1.1863999294799,1.18639915737762,1.1863985492399,1.18639809922904,1.18639780151726,1.18639765029272,1.18639763976546,1.18639776417334,1.18639801778766,1.18639839491844,1.18639888991954,1.18639949719378,1.18640021119816,1.18640102644911,1.18640193752779,1.18640293908502,1.18640402584612,1.18640519261554,1.18640643428144,1.1864077458202,1.18640912230084,1.18641055888933,1.18641205085267,1.1864135935627,1.18641518249973,1.18641681325597,1.18641848153878,1.18642018317384,1.18642191410807,1.18642367041245,1.18642544828442,1.18642724405023,1.18642905416698,1.18643087522453,1.18643270394707,1.18643453719434,1.18643637196264,1.1864382053855,1.18644003473408,1.18644185741749,1.18644367098282,1.18644547311504,1.18644726163653,1.18644903450637,1.18645078981921,1.18645252580401,1.18645424082254,1.18645593336775,1.1864576020619,1.1864592456546,1.18646086302076,1.18646245315836,1.18646401518598,1.18646554834008,1.18646705197227,1.18646852554627,1.18646996863486,1.18647138091658,1.1864727621723,1.18647411228155,1.1864754312187,1.18647671904898,1.18647797592421,1.18647920207832,1.18648039782272,1.1864815635416,1.18648269968702,1.18648380677388,1.18648488537488,1.1864859361152,1.18648695966714,1.1864879567446,1.18648892809738,1.18648987450551,1.18649079677338,1.18649169572395,1.18649257219287,1.1864934270226,1.18649426105648,1.18649507513275,1.18649587007889,1.18649664670587,1.18649740580264,1.18649814813062,1.18649887441849,1.1864995853571,1.18650028159464,1.18650096373206,1.18650163231871,1.18650228784829,1.18650293075484,1.18650356140901,1.18650418011431,1.18650478710334,1.18650538253432,1.18650596648755,1.18650653896222,1.18650709987334,1.18650764904885,1.18650818622688,1.18650871105313,1.18650922307848,1.18650972175665,1.18651020644207,1.186510676388,1.18651113074469,1.18651156855774,1.18651198876663,1.18651239020335,1.18651277159129,1.18651313154453,1.18651346856738,1.18651378105431,1.18651406729005,1.18651432544996,1.18651455360064,1.18651474970072,1.18651491160171
0.0683186450358331,0.0677986634939799,0.0672673387230337,0.0667247631589013,0.0661710379293825,0.065606272821323,0.0650305862388978,0.0644441051530685,0.0638469650422749,0.0632393098244302,0.0626212917803061,0.0619930714684042,0.0613548176314262,0.0607067070944753,0.0600489246551387,0.0593816629656167,0.058705122407083,0.0580195109564735,0.0573250440459202,0.0566219444150648,0.0559104419565024,0.0551907735546333,0.0544631829182136,0.0537279204069209,0.0529852428522712,0.0522354133732539,0.0514787011870725,0.0507153814154112,0.0499457348866716,0.0491700479346601,0.0483886121942442,0.0476017243945348,0.0468096861501917,0.0460128037515019,0.0452113879539293,0.044405753767893,0.0435962202496004,0.0427831102938332,0.0419667504296769,0.0411474706202869,0.040325604067892,0.0395014870253714,0.038675458615889,0.0378478606622509,0.0370190375278511,0.0361893359713215,0.0353591050172795,0.0345286958458988,0.0336984617044236,0.0328687578442098,0.0320399414874357,0.031212371828281,0.0303864100741669,0.0295624195335987,0.0287407657582984,0.027921816748701,0.0271059432335633,0.0262935190364788,0.0254849215445919,0.0246805322978593,0.0238807377209727,0.0230859300246951,0.0222965083091207,0.0215128799085112,0.020735462026283,0.0199646837198607,0.0192009883091072,0.0184448362996292,0.0176967089344223,0.0169571125152914,0.0162265836707722,0.0155056957917737,0.0147950669120528,0.0140953693804179,0.0134073417577391,0.0127318034763995,0.0120696729229266,0.011421989742201,0.0107899423010424,0.0101749013601572,0.00957846102453895,0.00900248785499075,0.00844917841367049,0.00792112412123331,0.00742137955162625,0.00695352539063676,0.00652170938183201,0.00613063736697208,0.00578547366767204,0.00549160160570101,0.00525420340505694,0.00507766021826436,0.00496485355985178,0.00491654228636537,0.0049310294197979,0.00500426158565308,0.00513033905985874,0.00530225935392483,0.00551266818575935,0.00575445326960534,0.00602112023646889,0.00630697073838583,0.0066071385855215,0.00691754152571718,0.00723479271512038,0.00755610002904503,0.00787916871930815,0.00820211457440394,0.00852338988144606,0.00884172197315026,0.00915606302468094,0.00946554940745098,0.00976946892565962,0.0100672344418673,0.0103583626285407,0.0106424568098124,0.0109191930594174,0.0111883088903517,0.0114495940100254,0.0117028827253097,0.0119480476694444,0.0121849945916692,0.0124136580044773,0.0126339975257341,0.0128459947861083,0.0130496507983423,0.0132449837054165,0.013432026840876,0.0136108270474292,0.0137814432101381,0.013943944968669,0.014098411579594,0.0142449309049818,0.0143835985077495,0.0145145168376799,0.0146377944947984,0.0147535455590818,0.014861888977338,0.0149629479996296,0.0150568496588779,0.0151437242883355,0.0152237050724807,0.0152969276276122,0.015363529609029,0.0154236503421829,0.0154774304756165,0.0155250116538585,0.0155665362087442,0.0156021468678857,0.0156319864792247,0.0156561977507815,0.0156749230048679,0.0156883039461535,0.0156964814430842,0.0156995953222352,0.0156977841752616,0.0156911851781636,0.0156799339226343,0.0156641642592945,0.0156440081526475,0.0156195955476101,0.0155910542474909,0.0155585098032977,0.0155220854142572,0.0154819018394319,0.015438077320313,0.0153907275142594,0.0153399654386444,0.0152859014255563,0.0152286430868828,0.0151682952895936,0.0151049601410134,0.0150387369838612,0.0149697224008088,0.0148980102282903,0.0148236915792746,0.0147468548746897,0.0146675858831653,0.014585967768744,0.0145020811461886,0.0144160041434981,0.014327812471223,0.0142375794981595,0.014145376332984,0.0140512719113787,0.01395533308819,0.0138576247341498,0.0137582098366852,0.0136571496043372,0.0135545035743065,0.0134503297226445,0.0133446845766061,0.0132376233286906,0.0131291999518969,0.0130194673157303,0.0129084773025048,0.0127962809235007,0.0126829284345464,0.0125684694506094,0.0124529530589947,0.0123364279307688,0.0122189424300434,0.0121005447207694,0.0119812828707159,0.0118612049523247,0.0117403591401499,0.0116187938046136,0.0114965576018256,0.0113736995592373,0.0112502691569164,0.0111263164042474,0.0110018919118798,0.0108770469587608,0.0107518335541013,0.0106263044941394,0.0105005134135743,0.0103745148315519,0.0102483641920916,0.0101221178988474,0.0099958333441001,0.00986956893187694,0.00974338409508956,0.00961733930657939,0.00949149608394988,0.00936591698805536,0.00924066561500269,0.00911580658150676,0.00899140550342112,0.00886752896724508,0.00874424449438642,0.00862162049793459,0.00849972623167347,0.0083786317310374,0.00825840774568817,0.00813912566336504,0.00802085742463609,0.00790367542816105,0.00778765242605939,0.00767286140896627,0.00755937548035874,0.00744726771974277,0.00733661103431117,0.00722747799871607,0.00711994068265092,0.00701407046600728,0.00690993784146281,0.00680761220447137,0.00670716163076788,0.00660865264166985,0.00651214995765611,0.00641771624092976,0.00632541182792887,0.00623529445303117,0.00614741896500513,0.00606183703808489,0.00597859687988446,0.00589774293870894,0.00581931561315845,0.00574335096724077,0.00566988045449848,0.00559893065490414,0.00553052302846581,0.00546467368960324,0.00540139320638735,0.0053406864286713,0.00528255234897157,0.00522698399967632,0.00517396838976418,0.00512348648371375,0.00507551322467991,0.00503001760332224,0.00498696277290953,0.00494630621051635,0.00490799992329698,0.00487199069799456,0.00483822039104947,0.00480662625593546,0.00477714130370005,0.00474969469213728,0.0047242121385923,0.00470061635110002,0.00467882747239898,0.00465876353133534,0.00464034089627559,0.00462347472536784,0.004608079408818,0.00459406899875877,0.00458135762276847,0.00456985987762383,0.00455949120042512,0.00455016821479444,0.00454180905040497,0.00453433363463304,0.00452766395562544,0.0045217242965341,0.0045164414410802,0.00451174485096762,0.00450756681597036,0.00450384257776876,0.00450051042880887,0.00449751178760943,0.00449479125204725,0.00449229663221872,0.00448997896450682,0.00448779250848563,0.00448569472827163,0.00448364625988815,0.00448161086615051,0.00447955538050869,0.00447744964120473,0.00447526641701723,0.00447298132577715,0.00447057274675033,0.00446802172789421,0.00446531188890987,0.00446242932092821,0.00445936248359113,0.00445610210021386,0.00445264105164566,0.00444897426938203,0.00444509862842288,0.00444101284031783,0.00443671734679027,0.00443221421428766,0.00442750702976548,0.00442260079797631,0.00441750184050343,0.00441221769674997,0.00440675702706931,0.00440112951820001,0.00439534579114781,0.00438941731164003,0.00438335630326119,0.00437717566336456,0.0043708888818419,0.00436450996282208,0.00435805334935912,0.00435153385115948,0.00434496657539016,0.00433836686060054,0.00433175021378267,0.00432513225058671,0.00431852863870116,0.00431195504439976,0.0043054270822502,0.00429896026797167,0.00429256997442141,0.00428627139068269,0.00428007948421974,0.00427400896605758,0.00426807425893637,0.0042622894683838,0.00425666835664147,0.00425122431937433,0.00424597036508484,0.00424091909714724,0.0042360826983696,0.004231472917986,0.00422710106097556,0.00422297797959989,0.00421911406704533,0.00421551925305245,0.00421220300141147,0.00420917430919903,0.00420644170762982,0.00420401326439513,0.00420189658735953,0.0042000988294874,0.00419862669487114,0.00419748644573455,0.00419668391028661,0.00419622449130488,0.00419611317533121,0.00419635454236627,0.0041969527759548,0.00419791167355914,0.00419923465712478,0.00420092478374775,0.00420298475636063,0.00420541693436158,0.00420822334411792,0.00421140568928298,0.00421496536087317,0.00421890344705907,0.00422322074263239,0.00422791775811832,0.00423299472851053,0.00423845162161239,0.0042442881459743,0.00425050375842363,0.00425709767119043,0.00426406885863703,0.0042714160636052,0.00427913780339813,0.00428723237541909,0.00429569786249212,0.00430453213789332,0.00431373287012306,0.00432329752745131,0.00433322338226961,0.00434350751528434,0.00435414681958587,0.00436513800462811,0.00437647760015229,0.00438816196008844,0.00440018726646612,0.00441254953336383,0.00442524461092533,0.00443826818946848,0.00445161580370927,0.00446528283712196,0.00447926452645289,0.00449355596640265,0.00450815211448772,0.00452304779608989,0.00453823770969893,0.0045537164323509,0.00456947842526129,0.00458551803964948,0.00460182952274909,0.00461840702399563,0.0046352446013807,0.00465233622795954,0.00466967579849701,0.00468725713623482,0.00470507399976127,0.00472312008996375,0.00474138905704296,0.00475987450756632,0.0047785700115382,0.00479746910946357,0.00481656531938104,0.00483585214384168,0.00485532307680997,0.00487497161046323,0.00489479124186714,0.00491477547950483,0.00493491784963816,0.00495521190248066,0.00497565121816203,0.00499622941246619,0.00501694014232548,0.00503777711105494,0.00505873407331185,0.00507980483976735,0.00510098328147819,0.00512226333394812,0.00514363900086989,0.00516510435754103,0.00518665355394719,0.00520828081750914,0.00522998045549097,0.00525174685706883,0.00527357449506031,0.0052954579273162,0.00531739179777677,0.00533937083719717,0.00536138986354734,0.00538344378209312,0.00540552758516632,0.00542763635163224,0.00544976524606433,0.00547190951763714,0.00549406449874886,0.00551622560338618,0.00553838832524407,0.005560548235614,0.00558270098105455,0.00560484228085916,0.00562696792433601,0.00564907376791547,0.00567115573209999,0.00569320979827176,0.00571523200537396,0.00573721844648164,0.00575916526527734,0.00578106865244761,0.0058029248420156,0.00582473010762467,0.0058464807587879,0.00586817313711799,0.00588980361255205,0.00591136857958539,0.00593286445352801,0.00595428766679683,0.00597563466525605,0.00599690190461766,0.00601808584691332,0.00603918295704906,0.00606018969945255,0.00608110253482259,0.00610191791699008,0.00612263228989898,0.0061432420847153,0.00616374371707185,0.00618413358445578,0.00620440806374446,0.00622456350889532,0.00624459624879488,0.00626450258527098,0.00628427879127231,0.00630392110921793,0.00632342574951931,0.00634278888927682,0.00636200667115253,0.0063810752024205,0.00639999055419519,0.00641874876083813,0.00643734581954273,0.00645577769009669,0.00647404029482136,0.0064921295186867,0.00651004120959943,0.00652777117886252,0.00654531520180374,0.00656266901857179,0.00657982833509738,0.0065967888242159,0.00661354612694763,0.00663009585393241,0.00664643358701525,0.00666255488097961,0.00667845526542454,0.00669413024678214,0.00670957531047033,0.0067247859231772,0.00673975753527315,0.0067544855833467,0.00676896549285949,0.00678319268091577,0.00679716255914237,0.00681087053667458,0.00682431202324428,0.00683748243236498,0.00685037718460895,0.00686299171097246,0.00687532145632412,0.00688736188293183,0.00689910847406351,0.00691055673765756,0.00692170221005834,0.00693254045981286,0.00694306709152353,0.00695327774975202,0.00696316812296996,0.00697273394755173,0.00698197101180463,0.00699087516003188,0.00699944229662445,0.00700766839017686,0.00701554947762101,0.00702308166837346,0.00703026114849158,0.00703708418483305,0.00704354712921431,0.00704964642256354,0.00705537859906293,0.00706074029027507,0.00706572822924811,0.0070703392545958,0.00707457031454701,0.00707841847095983,0.00708188090329528,0.00708495491254615,0.00708763792511566,0.00708992749664072,0.00709182131575527,0.00709331720778898,0.00709441313839537,0.00709510721710437,0.00709539770079424,0.00709528299707826,0.0070947616676014,0.00709383243124218,0.00709249416721466,0.00709074591806575,0.00708858689256279,0.00708601646846718,0.00708303419518979,0.00707963979632376,0.00707583317205069,0.00707161440141588,0.00706698374446888,0.00706194164426566,0.00705648872872836,0.00705062581235888,0.00704435389780231,0.00703767417725637,0.00703058803372359,0.00702309704210291,0.00701520297011703,0.00700690777907296,0.00699821362445317,0.00698912285633421,0.0069796380196306,0.00696976185416167,0.00695949729453927,0.00694884746987445,0.00693781570330172,0.00692640551131869,0.00691462060293956,0.00690246487866035,0.00688994242923546,0.0068770575342645,0.00686381466058827,0.00685021846049271,0.0068362737697204,0.00682198560528851,0.00680735916311292,0.0067923998154378,0.00677711310807073,0.00676150475742373,0.00674558064735951,0.00672934682584321,0.00671280950140033,0.00669597503938182,0.00667884995803655,0.0066614409243919,0.00664375474994346,0.00662579838615486,0.00660757891976837,0.00658910356792768,0.00657037967311364,0.0065514146978949,0.00653221621949562,0.00651279192418216,0.0064931496014712,0.00647329713816076,0.00645324251218687,0.0064329937863095,0.00641255910163026,0.00639194667094483,0.00637116477193314,0.00635022174019173,0.00632912596211286,0.00630788586761492,0.00628650992272905,0.00626500662204726,0.00624338448103784,0.006221652028234,0.00619981779730257,0.00617789031899964,0.00615587811302084,0.00613378967975449,0.00611163349194657,0.00608941798628716,0.00606715155492855,0.00604484253694578,0.00602249920975103,0.00600012978047359,0.00597774237731874,0.00595534504091894,0.00593294571569147,0.00591055224121726,0.00588817234365683,0.00586581362721902,0.00584348356569991,0.00582118949410976,0.00579893860040641,0.00577673791735357,0.00575459431452363,0.0057325144904653,0.00571050496505645,0.00568857207206319,0.00566672195192608,0.00564496054479569,0.00562329358383877,0.00560172658883685,0.00558026486009892,0.00555891347270999,0.00553767727113706,0.00551656086421399,0.00549556862052621,0.00547470466421639,0.00545397287123052,0.0054333768660235,0.00541292001874242,0.00539260544290539,0.00537243599359181,0.00535241426615939,0.00533254259550189,0.00531282305586049,0.00529325746119925,0.00527384736615392,0.00525459406756094,0.00523549860657204,0.0052165617713589,0.00519778410041001,0.00517916588641976,0.00516070718076774,0.00514240779858374,0.00512426732439137,0.00510628511832205,0.00508846032288853,0.0050707918703053,0.00505327849034114,0.00503591871868665,0.00501871090581798,0.00500165322633606,0.00498474368875837,0.00496798014573868,0.00495136030468856,0.00493488173877256,0.00491854189824772,0.00490233812211646,0.00488626765006088,0.004870327634625,0.00485451515361068,0.00483882722265242,0.00482326080793559,0.00480781283902189,0.00479248022174508,0.00477725985114029,0.00476214862436968,0.00474714345360781,0.00473224127884894,0.00471743908059995,0.00470273389242273,0.00468812281329079,0.00467360301972495,0.00465917177767411,0.0046448264541078,0.00463056452828882,0.00461638360269472,0.00460228141355846,0.00458825584099977,0.00457430491872065,0.00456042684324015,0.00454661998264443,0.00453288288482974,0.00451921428521719,0.00450561311392084,0.00449207850235139,0.00447860978923969,0.00446520652606693,0.00445186848188922,0.00443859564754643,0.00442538823924677,0.00441224670152051,0.00439917170953825,0.00438616417079092,0.00437322522613044,0.00436035625017172,0.00434755885105899,0.00433483486960095,0.00432218637778062,0.00430961567664788,0.00429712529360434,0.00428471797909202,0.00427239670269806,0.00426016464869083,0.00424802521100345,0.00423598198768262,0.00422403877482193,0.00421219956000046,0.00420046851524872,0.00418884998956556,0.00417734850101044,0.00416596872839761,0.00415471550261879,0.00414359379762316,0.00413260872108367,0.00412176550478016,0.00411106949472994,0.0041005261410975,0.00409014098791591,0.00407991966265286,0.00406986786565427,0.00405999135949943,0.00405029595830156,0.00404078751698718,0.00403147192058819,0.00402235507358004,0.00401344288929885,0.00400474127947,0.00399625614388029,0.00398799336022428,0.00397995877415494,0.00397215818956697,0.00396459735914076,0.00395728197517234,0.00395021766071406,0.00394340996104834,0.00393686433551541,0.00393058614971383,0.0039245806680905,0.00391885304693469,0.00391340832778849,0.00390825143128368,0.00390338715141235,0.00389882015023645,0.00389455495303908,0.00389059594391754,0.00388694736181572,0.00388361329699079,0.00388059768790765,0.0038779043185512,0.00387553681614482,0.00387349864926086,0.00387179312630785,0.00387042339437645,0.00386939243842449,0.0038687030807803,0.00386835798094138,0.00386835963564514,0.00386871037918662,0.00386941238395832,0.00387046766118631,0.00387187806183663,0.00387364527766558,0.00387577084238755,0.00387825613293445,0.00388110237078079,0.00388431062331023,0.00388788180519979,0.00389181667979885,0.00389611586048187,0.00390077981195516,0.00390580885149936,0.00391120315013088,0.00391696273366741,0.00392308748368477,0.0039295771383549,0.00393643129315685,0.00394364940145426,0.003951230774935,0.00395917458391113,0.00396747985747979,0.00397614548354734,0.00398517020872108,0.0039945526380749,0.00400429123479668,0.00401438431972777,0.00402483007080622,0.00403562652242775,0.00404677156473925,0.00405826294288092,0.00407009825619345,0.00408227495740857,0.0040947903518417,0.00410764159660601,0.00412082569986739,0.00413433952016074,0.00414817976578764,0.00416234299431513,0.00417682561219484,0.00419162387452148,0.00420673388494914,0.00422215159578299,0.0042378728082632,0.0042538931730568,0.00427020819097172,0.00428681321390635,0.00430370344604669,0.00432087394532144,0.00433831962512441,0.00435603525631154,0.00437401546947838,0.00439225475752224,0.00441074747849211,0.00442948785872699,0.00444846999628175,0.00446768786463834,0.00448713531669853,0.00450680608905325,0.00452669380652165,0.00454679198695197,0.00456709404627434,0.00458759330379497,0.00460828298771931,0.00462915624089115,0.0046502061267334,0.0046714256353752,0.00469280768994863,0.0047143451530383,0.00473603083326638,0.00475785749199476,0.00477981785012609,0.00480190459498434,0.00482411038725574,0.00484642786797037,0.00486884966550519,0.0048913684025888,0.0049139767032883,0.00493666719995866,0.00495943254013565,0.0049822653933536,0.00500515845786924,0.00502810446727401,0.00505109619697702,0.00507412647054201,0.0050971881658624,0.00512027422115861,0.00514337764078278,0.00516649150081662,0.00518960895444918,0.00521272323712232,0.00523582767143218,0.00525891567177611,0.00528198074873521,0.00530501651318345,0.0053280166801151,0.00535097507218329,0.0053738856229443,0.00539674237980224,0.00541953950664968,0.00544227128620083,0.00546493212201539,0.00548751654021191,0.0055100191908701,0.00553243484912283,0.00555475841593926,0.00557698491860168,0.00559910951087905,0.00562112747290098,0.00564303421073673,0.00566482525568484,0.00568649626327956,0.00570804301202116,0.00572946140183732,0.00575074745228355,0.00577189730049134,0.00579290719887361,0.00581377351259767,0.00583449271683622,0.00585506139380737,0.00587547622961418,0.0058957340108955,0.00591583162130039,0.00593576603779806,0.00595553432683637,0.00597513364036151,0.00599456121171203,0.00601381435139994,0.00603289044279207,0.00605178693770454,0.0060705013519235,0.00608903126066574,0.00610737429399194,0.00612552813218628,0.00614349050111448,0.00616125916757326,0.00617883193464315,0.00619620663705672,0.00621338113659468,0.00623035331752145,0.00624712108207204,0.0062636823460012,0.00628003503420589,0.00629617707643116,0.00631210640307001,0.00632782094106626,0.00634331860993027,0.00635859731787589,0.00637365495808659,0.00638848940511866,0.00640309851144863,0.00641748010417234,0.00643163198186236,0.00644555191158986,0.00645923762611655,0.00647268682126191,0.00648589715344999,0.00649886623744001,0.00651159164424456,0.00652407089923847,0.00653630148046168,0.00654828081711844,0.00656000628827561,0.00657147522176224,0.00658268489327197,0.00659363252566982,0.00660431528850446,0.00661473029772602,0.0066248746156101,0.00663474525088773,0.00664433915908072,0.00665365324304224,0.00666268435370241,0.00667142929101766,0.00667988480512295,0.0066880475976858,0.00669591432346061,0.00670348159204162,0.00671074596981302,0.00671770398209532,0.00672435211548623,0.00673068682039386,0.00673670451376096,0.00674240158197862,0.00674777438398692,0.00675281925455952,0.00675753250776932,0.00676191044063347,0.00676594933693539,0.00676964547122095,0.00677299511296584,0.00677599453091195,0.00677863999757061,0.00678092779388963,0.00678285421408022,0.00678441557060109,0.00678560819929692,0.00678642846468742,0.00678687276540339,0.00678693753976575,0.00678661927150351,0.00678591449560662,0.00678481980431162,0.0067833318532159,0.00678144736751549,0.00677916314836128,0.006776476079329,0.00677338313299811,0.00676988137763495,0.00676596798397463,0.00676164023209606,0.00675689551838441,0.00675173136257418,0.00674614541486623,0.00674013546311262,0.006733699440062,0.00672683543065831,0.00671954167938553,0.00671181659765179,0.00670365877120412,0.00669506696756486,0.00668604014348049,0.00667657745237409,0.00666667825179298,0.00665634211084249,0.00664556881759603,0.0066343583864724,0.00662271106557028,0.00661062734394966,0.00659810795884956,0.00658515390283154,0.00657176643083847,0.00655794706715818,0.00654369761228031,0.0065290201496351,0.00651391705220352,0.00649839098898682,0.00648244493132468,0.00646608215905075,0.00644930626647455,0.0064321211681774,0.00641453110461063,0.00639654064748484,0.00637815470493828,0.00635937852647294,0.00634021770764675,0.00632067819451063,0.00630076628777925,0.00628048864672365,0.00625985229277438,0.00623886461282354,0.00621753336221449,0.0061958666674077,0.0061738730283114,0.00615156132026607,0.00612894079567103,0.00610602108524097,0.00608281219888074,0.00605932452616698,0.00603556883642517,0.00601155627838979,0.00598729837943444,0.00596280704435918,0.00593809455372238,0.00591317356170378,0.00588805709348462,0.00586275854213096,0.00583729166496523,0.00581167057941065,0.00578590975829265,0.00576002402458056,0.00573402854555171,0.00570793882635993,0.00568177070298951,0.00565554033457556,0.00562926419506957,0.00560295906422889,0.00557664201790816,0.00555033041763004,0.00552404189941096,0.00549779436181753,0.00547160595322811,0.0054454950582739,0.00541948028343349,0.00539358044175526,0.0053678145366814,0.00534220174494729,0.00531676139853019,0.00529151296562238,0.00526647603060471,0.00524167027299889,0.00521711544537804,0.00519283135021685,0.005168837815666,0.00514515467023844,0.00512180171639853,0.00509879870305011,0.00507616529692432,0.00505392105287346,0.00503208538308269,0.00501067752521885,0.00498971650954241,0.00496922112501677,0.00494920988445776,0.00492970098877523,0.0049107122903674,0.00489226125573822,0.00487436492741812,0.00485703988527933,0.00484030220734657,0.00482416743021436,0.00480865050919218,0.00479376577830894,0.00477952691031656,0.00476594687684162,0.00475303790884167,0.00474081145753001,0.00472927815593874,0.00471844778129411,0.00470832921838081,0.00469893042407345,0.00469025839321375,0.00468231912601106,0.00467511759713979,0.00466865772670134,0.00466294235321199,0.00465797320876973,0.00465375089654334,0.00465027487071471,0.00464754341899204,0.00464555364779712,0.00464430147021434,0.00464378159677355,0.00464398752912109,0.00464491155661581,0.00464654475586933,0.00464887699323254,0.00465189693021332,0.00465559203179357,0.00465994857759738,0.0046649516758481,0.00467058528003803,0.00467683220822194,0.00468367416483479,0.00469109176492417,0.00469906456068036,0.00470757107014067,0.00471658880793987,0.00472609431797532,0.00473606320785403,0.00474647018498846,0.00475728909420933,0.00476849295676591,0.00478005401058784,0.00479194375168697,0.00480413297658313,0.00481659182564402,0.00482928982723538,0.00484219594258534,0.00485527861127319,0.00486850579726068,0.00488184503539076,0.00489526347828527,0.00490872794358059,0.00492220496144624,0.00493566082233808,0.00494906162494281,0.00496237332427567,0.00497556177989767,0.00498859280422315,0.00500143221089148,0.00501404586317979,0.00502639972243531,0.00503845989650754,0.00505019268816101,0.00506156464344937,0.00507254260003244,0.00508309373541687,0.00509318561509936,0.00510278624059046,0.0051118640972944,0.00512038820221836,0.0051283281514813,0.00513565416758983,0.00514233714644452,0.00514834870403726,0.0051536612227963,0.00515824789753134,0.0051620827809272,0.00516514082853067,0.00516739794317066,0.00516883101874773,0.0051694179833251,0.00516913784144842,0.00516797071561698,0.00516589788682585,0.00516290183409446,0.00515896627289274,0.00515407619237235,0.00514821789130725,0.00514137901264486,0.00513354857656625,0.00512471701195098,0.00511487618614065,0.00510401943289356,0.00509214157842244,0.00507923896540676,0.00506530947487195,0.00505035254582932,0.00503436919257296,0.0050173620195345,0.00499933523360135,0.00498029465381088,0.00496024771834092,0.00493920348872799,0.0049171726512573,0.00489416751548378,0.00487020200986159,0.00484529167448109,0.00481945365093679,0.004792706669379,0.00476507103283511,0.00473656859892385,0.00470722275912965,0.00467705841585413,0.00464610195751644,0.00461438123203828,0.00458192551911926,0.00454876550178689,0.00451493323779304,0.00448046213152552,0.00444538690721032,0.00440974358429764,0.00437356945605206,0.00433690307250582,0.00429978422908427,0.0042622539623733,0.00422435455467077,0.00418612954914455,0.00414762377760915,0.00410888340312949,0.00406995597986144,0.00403089053273946,0.00399173765982034,0.00395254966028053,0.00391338069123737,0.00387428695671136,0.00383532693215645,0.0037965616280442,0.00375805489597824,0.00371987378071732,0.00368208892127207,0.00364477500388364,0.00360801126915533,0.00357188207485239,0.00353647751486291,0.00350189409347465,0.00346823545241675,0.00343561314598604,0.00340414745697615,0.00337396824301301,0.0033452157992524,0.0033180417192217,0.00329260973094522,0.00326909648049536,0.00324769222996034,0.00322860143181171,0.00321204313720646,0.0031982511924073,0.00318747417590112,0.00317997502967257,0.0031760303422001,0.00317592924876254,0.00317997192705059,0.0031884676829867,0.00320173264268226,0.00322008709058612,0.00324385251941976,0.00327334848216182,0.00330888935745383,0.00335078115461457,0.00339931849061632,0.00345478186737228,0.00351743536317811,0.00358752482817057,0.00366527664252079,0.00375089706102395,0.00384457213246545,0.00394646815016464,0.00405673256426414,0.00417549526845283,0.00430287016451922,0.00443895690698457,0.00458384273578443,0.00473760431578209,0.00490030951587745,0.00507201907581106,0.00525278812395194,0.0054426675232968,0.00564170503490092,0.00584994629767866,0.00606743563090928,0.00629421667101943,0.00653033285756505,0.00677582778513819,0.00703074543851757,0.00729513032808551,0.00756902754162172,0.00785248272728592,0.00814554202109191,0.00844825193058758,0.00876065918488513,0.00908281055969476,0.00941475268464234,0.00975653183891649,0.0101081937402011,0.0104697833309028,0.0108413445648732,0.0112229201971376,0.0116145515785699,0.0120162784569721,0.0124281387856299,0.012850168540092,0.0132824015436691,0.0137248693019404,0.014177600846395,0.0146406225872105,0.0151139581750726,0.0155976283718711,0.0160916509300515,0.0165960404803652,0.0171108084277352,0.0176359628549396,0.0181715084338058,0.0187174463436098,0.0192737741963729,0.0198404859687563,0.0204175719402612,0.0210050186374524,0.0216028087839318,0.0222109212558003,0.022829331042358,0.0234580092118052,0.0240969228817205,0.0247460351941051,0.025405305294787,0.0260746883169948,0.0267541353689169,0.0274435935250737,0.0281430058213419,0.0288523112534724,0.0295714447789553,0.0303003373220901,0.031038915782127,0.0317871030443548,0.0325448179940157,0.0333119755329304,0.0340884865987271,0.034874258186571,0.0356691933732988,0.0364731913438642,0.037286147420006,0.0381079530910522,0.0389384960467806,0.039777660212257,0.040625325784581,0.0414813692714638,0.0423456635315798,0.0432180778166315,0.0440984778150647,0.0449867256973767,0.0458826801629605,0.0467861964884361,0.0476971265774208,0.0486153190116952,0.0495406191037248,0.0504728689505007,0.0514119074886551,0.0523575705508169,0.0533096909231764,0.0542680984042245,0.0552326198646414,0.0562030793083097,0.0571792979344313,0.0581610942007256,0.0591482838876839,0.0601406801638624,0.0611380936521966,0.0621403324973205,0.0631472024338803,0.0641585068558335,0.065174046886716,0.0661936214508658,0.0672170273455975,0.0682440593143244,0.0692745101206163,0.070308170623181,0.0713448298517703,0.0723842750840016,0.0734262919230891,0.0744706643764741,0.0755171749353516,0.0765656046550871,0.07761573323652,0.0786673391081457,0.0797201995091707,0.0807740905734295,0.081828787414154,0.0828840642095841,0.083939694289413,0.0849954502220554,0.0860511039027263,0.0871064266423179,0.0881611892570563,0.0892151621589193,0.0902681154468009,0.0913198189984076,0.0923700425628638,0.0934185558540002,0.0944651286443053,0.0955095308595171,0.0965515326738315,0.0975909046056914,0.098627417614117,0.0996608431955393,0.100690953481104,0.101717521334413,0.102740320449673,0.103759125450204,0.104773711987272,0.105783856839168,0.106789338010497,0.107789934831618,0.108785428058189,0.109775599970765,0.110760234474397,0.111739117198152,0.112712035594499,0.113678779038499,0.114639138926723,0.115592908775841,0.116539884320816,0.117479863612633,0.118412647115474,0.11933803780327,0.120255841255556,0.121165865752564,0.122067922369479,0.12296182506975,0.123847390797397,0.124724439568232,0.125592794559935,0.126452282200879,0.127302732257637,0.128143977921048,0.128975855890784,0.129798206458335,0.130610873588314,0.131413704998009,0.132206552235105,0.132989270753483,0.133761719987026,0.134523763421339,0.135275268663313,0.136016107508434,0.136746156005765,0.137465294520524,0.138173407794188,0.138870385002042,0.139556119808098,0.140230510417308,0.140893459625011,0.141544874863523,0.142184668245818,0.142812756606219,0.143429061538032,0.144033509428067,0.144626031487993,0.145206563782465,0.145775047253986,0.146331427744427,0.146875656013168,0.147407687751815,0.147927483595439,0.148435009130311,0.148930234898075,0.149413136396373,0.149883694075869,0.150341893333634,0.150787724502877,0.151221182838998,0.151642268501949,0.152050986534881,0.152447346839053,0.152831364145011,0.153203057980015,0.15356245263171,0.153909577108055,0.154244465093519,0.154567154901571,0.154877689423465,0.155176116073351,0.155462486729752,0.155736857673441,0.155999289521743,0.156249847159297,0.156488599665318,0.156715620237405,0.156930986111919,0.157134778481014,0.157327082406354,0.157507986729587,0.157677583979629,0.157835970276835,0.157983245234125,0.158119511855155,0.158244876429592,0.158359448425582,0.158463340379522,0.15855666778319,0.158639548968362,0.158712104988986,0.158774459501039,0.158826738640161,0.158869070897185,0.158901586991646,0.158924419743427,0.158937703942625,0.158941576217784,0.15893617490259,0.15892163990119,0.158898112552253,0.158865735491905,0.15882465251568,0.158775008439638,0.158716948960755,0.158650620516772,0.158576170145625,0.158493745344609,0.158403493929424,0.158305563893255,0.158200103266015,0.158087259973913,0.157967181699498,0.15784001574235,0.157705908880561,0.15756500723316,0.157417456123647,0.157263399944788,0.157102982024805,0.156936344495126,0.156763628159848,0.156584972367076,0.156400514882278,0.156210391763801,0.156014737240699,0.155813683593004,0.155607361034593,0.155395897598759,0.155179419026635,0.154958048658621,0.154731907328911,0.15450111326328,0.154265781980222,0.154026026195565,0.153781955730695,0.153533677424499,0.153281295049126,0.153024909229664,0.15276461736784,0.152500513569854,0.15223268857842,0.151961229709093,0.151686220790939,0.151407742111642,0.151125870367101,0.15084067861559,0.150552236236532,0.150260608893924,0.149965858504443,0.149668043210267,0.149367217356639,0.149063431474207,0.14875673226617,0.148447162600211,0.148134761505238,0.147819564172908,0.147501601963915,0.147180902419057,0.146857489275037,0.146531382484993,0.146202598243702,0.145871149017436,0.14553704357841,0.145200287043761,0.144860880919002,0.144518823145871,0.144174108154518,0.143826726919939,0.143476667022563,0.143123912712908,0.142768444980203,0.142410241624892,0.142049277334901,0.141685523765565,0.14131894962312,0.140949520751636,0.140577200223277,0.140201948431743,0.139823723188762,0.139442479823514,0.139058171284835,0.138670748246097,0.138280159212601,0.137886350631339,0.137489267002984,0.137088850995955,0.136685043562411,0.136277784056029,0.135867010351403,0.135452658964909,0.1350346651769,0.134612963155068,0.134187486078815,0.13375816626451,0.133324935291469,0.132887724128499,0.132446463260868,0.132001082817526,0.131551512698458,0.131097682702017,0.130639522652086,0.130176962524926,0.129709932575566,0.129238363463582,0.128762186378142,0.128281333162215,0.127795736435772,0.127305329717891,0.126810047547623,0.126309825603505,0.125804600821609,0.125294311512008,0.124778897473556,0.124258300106857,0.123732462525354,0.123201329664407,0.122664848388289,0.122122967594987,0.121575638318736,0.121022813830186,0.120464449734153,0.119900504064875,0.119330937378688,0.118755712844084,0.118174796329071,0.11758815648581,0.116995764832452,0.116397595832142,0.115793626969152,0.115183838822098,0.114568215134203,0.113946742880585,0.11331941233255,0.112686217118873,0.112047154284043,0.111402224343473,0.110751431335677,0.110094782871388,0.109432290179638,0.108763968150789,0.108089835376522,0.107409914186818,0.106724230683941,0.106032814773438,0.105335700192203,0.104632924533624,0.10392452926985,0.103210559771203,0.102491065322786,0.101766099138325,0.101035718371302,0.10029998412343,0.0995589614505053,0.0988127193657111,0.0980613308404242,0.0973048728025937,0.0965434261327528,0.0957770756577304,0.0950059101421342,0.0942300222776756,0.0934495086704194,0.0926644698260473,0.0918750101332083,0.0910812378450403,0.0902832650589521,0.0894812076947583,0.0886751854712526,0.0878653218813122,0.0870517441656341,0.0862345832851934,0.0854139738925177,0.0845900543018776,0.0837629664585017,0.0829328559069233,0.0820998717585553,0.0812641666586005,0.080425896752404,0.0795852216513535,0.0787423043984381,0.0778973114335669,0.0770504125587464,0.0762017809032268,0.0753515928887241,0.0745000281948186,0.0736472697246297,0.0727935035708582,0.0719389189822954,0.0710837083308917,0.0702280670794658,0.0693721937501315,0.0685162898935142,0.067660560058821,0.0668052117648199,0.0659504554717745,0.0650965045543638,0.0642435752756045,0.063391886761777,0.062541660978335,0.0616931227067499,0.0608464995222338,0.0600020217722476,0.0591599225556635,0.0583204377024217,0.0574838057534795,0.0566502679408062,0.0558200681671358,0.0549934529851231,0.0541706715754927,0.0533519757236953,0.0525376197945107,0.0517278607039448,0.0509229578876802,0.050123173265231,0.0493287711988449,0.0485400184460643,0.0477571841047166,0.0469805395489567,0.046210358354821,0.0454469162135802,0.0446904908309945,0.0439413618103792,0.0431998105171759,0.0424661199225117,0.0417405744230008,0.0410234596338059,0.0403150621517534,0.0396156692850708,0.038925568746098,0.0382450483031201,0.0375743953872973,0.0369138966505253,0.0362638374699698,0.0356245013949931,0.0349961695322221,0.0343791198646502,0.0337736265009069,0.0331799588512064,0.0325983807270138,0.032029149362163,0.0314725143540439,0.0309287165245659,0.0303979867019004,0.0298805444255395,0.0293765965789581,0.0288863359561441,0.028409939770425,0.0279475681163591,0.027499362397926,0.0270654437387768,0.0266459113928196,0.0262408411758316,0.0258502839410129,0.0254742641233027,0.025112778378768,0.0247657943463265,0.0244332495593739,0.0241150505344591,0.0238110720629268,0.0235211567293765,0.0232451146778822,0.0229827236431962,0.0227337292597268,0.0224978456560403,0.0222747563371529,0.0220641153511419,0.0218655487308227,0.0216786561956322,0.0215030130936366,0.0213381725589473,0.0211836678559484,0.0210390148787423,0.0209037147721991,0.0207772566399708,0.0206591203048213,0.0205487790875412,0.0204457025724981,0.020349359330368,0.0202592195716863,0.0201747577083622,0.0200954548040852,0.0200208008984485,0.0199502971934972,0.0198834580951516,0.0198198131054619,0.0197589085648418,0.0197003092462622,0.0196435998058109,0.0195883860960414,0.0195342963501472,0.0194809822462019,0.0194281198615488,0.0193754105279111,0.0193225815979797,0.0192693871341458,0.0192156085297052,0.0191610550723147,0.0191055644587482,0.0190490032691062,0.018991267407593,0.0189322825158107,0.0188720043632312,0.018810419218108,0.0187475442005749,0.0186834276180507,0.0186181492813252,0.0185518207978377,0.0184845858366702,0.0184166203576677,0.0183481327948681,0.0182793641820842,0.018210588206051,0.0181421111700676,0.0180742718485637,0.0180074412105765,0.0179420219878147,0.0178784480609217,0.0178171836358565,0.0177587221811536,0.0177035850963671,0.0176523200824561,0.0176054991864306,0.0175637164954539,0.0175275854599794,0.0174977358315466,0.017474810208657,0.0174594601937146,0.0174523421752515,0.0174541127623252,0.0174654239117133,0.0174869178027983,0.0175192215291673,0.0175629416891563,0.0176186589689879,0.017686922820909,0.0177682463440286,0.017863101476725,0.0179719146061007,0.018095062691864,0.0182328699893893,0.0183856054400837,0.01855348077738,0.0187366493747742,0.0189352058395513,0.0191491863334763,0.0193785695809862,0.019623278507344,0.0198831824346151,0.0201580997527027,0.0204478009762341,0.0207520120957218,0.0210704181328041,0.0214026668139487,0.0217483722841318,0.0221071187909845,0.0224784642800153,0.0228619438521406,0.023257073045329,0.023663350912236,0.024080262874959,0.0245072833462443,0.0249438781135209,0.0253895064879801,0.0258436232255832,0.0263056802304571,0.0267751280537215,0.027251417202517,0.0277339992749994,0.0282223279374587,0.0287158597596473,0.0292140549239449,0.0297163778232666,0.0302222975617205,0.0307312883709897,0.0312428299543326,0.0317564077689823,0.0322715132566337,0.0327876440306504,0.0333043040276178,0.0338210036299328,0.0343372597652573,0.0348525959878689,0.0353665425462314,0.0358786364404645,0.0363884214728189,0.0368954482937573,0.0373992744457897,0.0378994644068278,0.0383955896344756,0.0388872286123879,0.0393739668995703,0.0398553971832757,0.0403311193359645,0.0408007404766301,0.0412638750366655,0.0417201448303323,0.0421691791298,0.0426106147446426,0.0430440961056239,0.0434692753525449,0.0438858124258874,0.0442933751619557,0.0446916393911984,0.0450802890393672,0.0454590162311589,0.0458275213959823,0.0461855133754858,0.04653270953248,0.0468688358608862,0.0471936270963566,0.0475068268272101,0.0478081876053414,0.0480974710567676,0.0483744479914846,0.0486388985123183,0.0488906121224682,0.0491293878314565,0.0493550342592043,0.0495673697379739,0.0497662224119254,0.0499514303340485,0.0501228415602465,0.0502803142403648,0.0504237167059736,0.0505529275547237,0.0506678357311123,0.0507683406035105,0.0508543520373205,0.0509257904641447,0.050982586946861,0.0510246832405156,0.0510520318489647,0.0510645960772045,0.0510623500793471,0.0510452789022196,0.0510133785245805,0.0509666558919584,0.0509051289471429,0.0508288266563712,0.0507377890312678,0.0506320671466176,0.0505117231540721,0.0503768302919097,0.0502274728909829,0.0500637463770073,0.0498857572693695,0.0496936231766557,0.04948747278912,0.049267445868331,0.049033693234257,0.0487863767500748,0.048525669305016,0.0482517547955883,0.0479648281055335,0.0476650950849107,0.0473527725287177,0.0470280881554921,0.0466912805863536,0.0463425993249832,0.0459823047390528,0.0456106680436563,0.0452279712873107,0.0448345073411235,0.0444305798917499,0.0440165034387763,0.043592603297185,0.0431592156055692,0.042716687340774,0.0422653763396434,0.0418056513285453,0.0413378919613278,0.0408624888663311,0.0403798437030329,0.0398903692288467,0.0393944893765049,0.038892639342346,0.0383852656856808,0.037872826439229,0.0373557912303856,0.0368346414127969,0.0363098702073842,0.0357819828515339,0.0352514967546745,0.034718941657857,0.0341848597942456,0.0336498060465891,0.0331143480967574,0.0325790665612922,0.032044555105602,0.0315114205279229,0.0309802828024524,0.03045177506914,0.0299265435554735,0.0294052474132381,0.0288885584506692,0.0283771607377047,0.0278717500592105,0.0273730331881955,0.026881726948246,0.0263985570318596,0.0259242565392241,0.0254595642005061,0.0250052222441805,0.0245619738746567,0.0241305603248437,0.0237117174537174,0.0233061718658143,0.0229146365392385,0.0225378059615091,0.0221763507885548,0.0218309120613318,0.0215020950365828,0.0211904627125475,0.0208965291559868,0.0206207527623329,0.0203635296044277,0.0201251870452085,0.0199059778037926,0.0197060746707132,0.019525566064934,0.0193644526116319,0.0192226448952701,0.0190999625078231,0.0189961344687314,0.0189108010437546,0.0188435169375152,0.018793755782732,0.0187609158014695,0.01874432647336,0.0187432560151384,0.0187569194565184,0.0187844870899125,0.0188250930752789,0.0188778439950967,0.0189418271761924,0.0190161186225322,0.0190997904337779,0.0191919176161394,0.0192915842229127,0.0193978887905726,0.0195099490613324,0.019626906004087,0.0197479271623847,0.019872209370621,0.0199989808883187,0.0201275030076219,0.02025707119151,0.0203870158002965,0.0205167024622562,0.0206455321411987,0.0207729409499191,0.0208983997540357,0.0210214136060755,0.0211415210449984,0.0212582932918198,0.0213713333677168,0.0214802751570505,0.0215847824341446,0.0216845478694493,0.021779292027879,0.0218687623696399,0.021952732261719,0.0220310000063782,0.0221033878914433,0.0221697412658767,0.0222299276430368,0.0222838358331342,0.0223313751056625,0.0223724743819925,0.0224070814578451,0.0224351622549874,0.022456700101208,0.0224716950374061,0.0224801631504656,0.0224821359304686,0.0224776596507223,0.0224667947690275,0.022449615348585,0.0224262084969257,0.0223966738212568,0.022361122898629,0.0223196787593518,0.0222724753821123,0.0222196571992828,0.0221613786109293,0.022097803506071,0.0220291047897738,0.0219554639146969,0.0218770704157413,0.0217941214464865,0.0217068213161352,0.021615381025721,0.0215200178023793,0.0214209546305189,0.0213184197787798,0.0212126463217172,0.021103871655211,0.0209923370046708,0.0208782869251802,0.0207619687928216,0.0206436322865231,0.0205235288598927,0.0204019112026438,0.0202790326913669,0.0201551468295811,0.0200305066771924,0.0199053642697045,0.0197799700277633,0.0196545721578831,0.0195294160454757,0.0194047436416047,0.0192807928451975,0.0191577968827762,0.0190359836880988,0.0189155752844454,0.0187967871726123,0.018679827728,0.018564897610486,0.0184521891910473,0.0183418859993429,0.0182341621966602,0.0181291820787718,0.0180270996133247,0.0179280580163935,0.0178321893727579,0.0177396143043099,0.0176504416907544,0.0175647684464413,0.017482679356751,0.0174042469769535,0.0173295315958911,0.0172585812661843,0.0171914319019678,0.0171281074444133,0.0170686200945315,0.0170129706119535,0.0169611486776194,0.0169131333175408,0.0168688933840944,0.0168283880906355,0.0167915675946343,0.0167583736240214,0.0167287401410128,0.0167025940373585,0.0166798558547351,0.0166604405238826,0.0166442581160614,0.0166312146004795,0.016621212601503,0.016614152149698,0.0166099314210644,0.0166084474591923,0.0166095968754857,0.0166132765230521,0.0166193841403282,0.0166278189610014,0.0166384822872787,0.0166512780240398,0.0166661131718824,0.016682898277523,0.0167015478404398,0.0167219806750469,0.0167441202280578,0.0167678948510301,0.0167932380283886,0.0168200885614914,0.0168483907095414,0.0168780942883584,0.0169091547282025,0.0169415330919998,0.0169751960554521,0.0170101158506228,0.0170462701746895,0.0170836420656335,0.0171222197467048,0.0171619964415588,0.0172029701620106,0.0172451434703953,0.0172885232185596,0.0173331202655426,0.0173789491760307,0.0174260279016994,0.0174743774475749,0.0175240215255663,0.0175749861973327,0.0176272995086628,0.0176809911175441,0.0177360919181036,0.0177926336625876,0.0178506485835345,0.0179101690182658,0.0179712270377869,0.018033854082143,0.0180980806042155,0.0181639357238758,0.0182314468943312,0.0183006395824028,0.018371536964368,0.0184441596388821,0.0185185253583617,0.0185946487800718,0.0186725412380102,0.0187522105365243,0.0188336607664287,0.0189168921442232,0.0190019008748383,0.0190886790381628,0.0191772144994333,0.0192674908433982,0.019359487332003,0.0194531788851852,0.0195485360842163,0.0196455251968894,0.0197441082237198,0.0198442429642093,0.0199458831021209,0.0200489783086207,0.0201534743620649,0.0202593132831515,0.0203664334841073,0.020474769930549,0.0205842543146368,0.0206948152381314,0.0208063784039752,0.0209188668150346,0.021032200978672,0.0211462991158436,0.0212610773734736,0.0213764500389037,0.02149232975528,0.0216086277367987,0.0217252539828021,0.021842117489784,0.0219591264604356,0.0220761885089369,0.0221932108617702,0.022310100553407,0.0224267646162875,0.0225431102645809,0.0226590450712829,0.0227744771382707,0.0228893152589961,0.0230034690735529,0.0231168492159118,0.0232293674531665,0.0233409368166818,0.0234514717250789,0.0235608880990329,0.0236691034678919,0.0237760370681655,0.0238816099339547,0.0239857449794278,0.0240883670734644,0.024189403106621,0.0242887820505857,0.0243864350103047,0.0244822952689777,0.0245762983261305,0.0246683819289866,0.0247584860973649,0.0248465531423401,0.0249325276789033,0.0250163566328714,0.0250979892422918,0.025177377053594,0.0252544739127422,0.0253292359516398,0.0254016215700387,0.0254715914132018,0.0255391083455667,0.0256041374206548,0.0256666458474676,0.0257266029536107,0.0257839801453799,0.0258387508650418,0.0258908905455354,0.0259403765628161,0.0259871881860608,0.0260313065259474,0.0260727144812172,0.0261113966837242,0.0261473394421674,0.0261805306846974,0.0262109599005814,0.0262386180811056,0.0262634976598905,0.0262855924527887,0.0263048975975245,0.0263214094932322,0.0263351257400386,0.0263460450788363,0.0263541673313833,0.0263594933408605,0.0263620249130081,0.0263617647579614,0.0263587164328951,0.0263528842855839,0.0263442733989768,0.0263328895368782,0.0263187390908231,0.0263018290282265,0.0262821668418798,0.0262597605008616,0.0262346184029273,0.0262067493284316,0.0261761623958343,0.0261428670188336,0.0261068728651644,0.0260681898170961,0.0260268279336585,0.0259827974146201,0.0259361085662366,0.025886771768782,0.0258347974458705,0.0257801960355749,0.0257229779633392,0.0256631536166839,0.0256007333216967,0.0255357273212993,0.0254681457552745,0.0253979986420353,0.0253252958621159,0.0252500471433605,0.025172262047783,0.0250919499600705,0.0250091200777042,0.0249237814026627,0.0248359427346781,0.0247456126660079,0.0246527995776876,0.0245575116372265,0.0244597567977102,0.0243595427982734,0.024256877165901,0.0241517672185221,0.0240442200693536,0.0239342426324566,0.0238218416294655,0.0237070235974529,0.023589794897891,0.0234701617266711,0.0233481301251429,0.0232237059921365,0.0230968950969314,0.0229677030931371,0.0228361355334514,0.0227021978852608,0.0225658955470503,0.0224272338655892,0.0222862181538587,0.0221428537096911,0.0219971458350889,0.0218490998561955,0.0216987211438873,0.0215460151349597,0.0213909873538799,0.0212336434350761,0.0210739891457354,0.0209120304090853,0.0207477733281304,0.0205812242098185,0.0204123895896078,0.0202412762564111,0.0200678912778926,0.0198922420260919,0.0197143362033479,0.0195341818684958,0.0193517874633122,0.0191671618391844,0.018980314283979,0.0187912545490803,0.0185999928765766,0.0184065400265674,0.0182109073045653,0.0180131065889678,0.0178131503585735,0.0176110517201199,0.0174068244358196,0.0172004829508712,0.0169920424209239,0.0167815187394761,0.0165689285651882,0.0163542893490957,0.0161376193617076,0.0159189377199789,0.0156982644141519,0.0154756203344668,0.0152510272977409,0.015024508073826,0.014796086411957,0.0145657870670148,0.0143336358257398,0.0140996595329387,0.0138638861177426,0.0136263446199908,0.0133870652168313,0.0131460792496557,0.0129034192515088,0.0126591189751487,0.0124132134219658,0.0121657388720154,0.011916732915472,0.0116662344858763,0.011414283895625,0.0111609228742459,0.010906194610114,0.0106501437964061,0.0103928166822598,0.0101342611303197,0.00987452668211209,0.00961366463301548,0.00935172811900887,0.00908877221789622,0.00882485406836658,0.00856003301109201,0.00829437075715121,0.00802793159047416,0.00776078261284336,0.00749299404241059,0.00722463957990644,0.00695579686103243,0.00668654801936274,0.00641698039205894,0.00614718741171832,0.00587726974306916,0.00560733674499313,0.00533750836953287,0.0050679176548205,0.00479871403558688,0.00453006779478587,0.0042621761318706,0.00399527155870592,0.00372963370562638,0.00346560621782254,0.00320362140281847,0.00294423692991626,0.00268819167384739,0.00243649260544615,0.00219055293436643,0.00195241569560549,0.00172511850494359,0.00151327899749357,0.00132396516916819,0.00116769479350888,0.00105858834199734,0.00101130636814774,0.0010335940603946,0.00112053544467699,0.0012580553990947,0.0014309419834451,0.00162729738779356,0.00183899119447871,0.00206070617066168,0.00228896539826223,0.00252145073501645,0.00275657381435731,0.00299321336144289,0.00323055380345135,0.00346798449806401,0.00370503547079738,0.00394133550555577,0.00417658420375792,0.00441053296246552,0.0046429717697776,0.00487371987249117,0.00510261907123704,0.00532952883064139,0.00555432266429087,0.00577688542895847,0.00599711127666707,0.006214902088998,0.00643016626925216,0.00664281780316171,0.00685277552324141,0.00705996252904569,0.00726430572784592,0.00746573546907666,0.00766418525234222,0.0078595914935216,0.00805189333703967,0.00824103250502271,0.00842695317606321,0.00860960188785077,0.00878892745910324,0.00896488092714601,0.00913741549819944,0.00930648650799377,0.00947205139077347,0.00963406965510373,0.00979250286517466,0.00994731462652538,0.0100984705752927,0.0102459383702386,0.0103896876869317,0.0105296902135606,0.0106659196479356,0.0107983516953082,0.0109269640666905,0.0110517364774077,0.0111726506456548,0.011289690290864,0.011402841131717,0.0115120908836608,0.0116174292558081,0.0117188479471198,0.0118163406417836,0.0119099030037166,0.0119995326701283,0.0120852292440969,0.0121669942861155,0.012244831304577,0.0123187457451671,0.012388744979146,0.0124548382905041,0.0125170368619817,0.012575353759947,0.0126298039181324,0.0126804041202288,0.0127271729813461,0.0127701309283454,0.012809300179055,0.0128447047203822,0.0128763702853396,0.0129043243290013,0.01292859600341,0.0129492161314543,0.0129662171797392,0.0129796332304734,0.0129894999523976,0.0129958545707798,0.0129987358365083,0.0129981839943065,0.0129942407501031,0.0129869492375833,0.0129763539839541,0.0129625008749518,0.0129454371191247,0.0129252112114212,0.0129018728961157,0.0128754731291055,0.0128460640396108,0.0128136988913107,0.0127784320429495,0.0127403189084443,0.0126994159165284,0.0126557804699629,0.0126094709043507,0.0125605464465842,0.0125090671729609,0.0124550939669986,0.0123986884769822,0.0123399130732747,0.0122788308054236,0.0122155053590944,0.0121500010128605,0.0120823825948821,0.0120127154395054,0.0119410653438094,0.0118674985241323,0.0117920815726032,0.0117148814137078,0.0116359652609159,0.0115554005733981,0.0114732550128574,0.011389596400504,0.0113044926741947,0.011218011845765,0.0111302219585735,0.0110411910452825,0.0109509870858969,0.0108596779660827,0.0107673314357855,0.0106740150681664,0.0105797962188766,0.0104847419856871,0.010388919168491,0.0102923942296923,0.0101952332549984,0.0100975019146269,0.00999926542494431,0.00990058851054621,0.00980153536678912,0.00970216962278456,0.00960255430486464,0.00950275180052802,0.00940282382287369,0.00930283137553003,0.0092028347180858,0.00910289333202903,0.00900306588719894,0.00890341020875603,0.00880398324467499,0.00870484103376564,0.00860603867422668,0.00850763029273672,0.00840966901408823,0.0083122069313706,0.00821529507670899,0.00811898339256696,0.00802332070362238,0.00792835468922832,0.00783413185647309,0.00774069751385527,0.00764809574559199,0.00755636938658103,0.00746555999804175,0.00737570784386403,0.00728685186769748,0.00719902967081748,0.00711227749080983,0.00702663018111958,0.00694212119151588,0.00685878254952927,0.00677664484292249,0.00669573720326191,0.00661608729066201,0.00653772127977971,0.00646066384714073,0.00638493815988435,0.00631056586601799,0.0062375670862755,0.00616596040767627,0.00609576287888363,0.00602699000746263,0.00595965575913682,0.00589377255914167,0.00582935129576979,0.00576640132619896,0.00570493048468852,0.00564494509322217,0.00558644997466559,0.00552944846849676,0.00547394244915492,0.00541993234703968,0.00536741717217654,0.0053163945405485,0.00526686070307591,0.0052188105772074,0.00517223778106543,0.00512713467006982,0.00508349237594185,0.0050413008479716,0.00500054889641125,0.00496122423783833,0.00492331354231522,0.00488680248215416,0.00485167578208245,0.00481791727058956,0.00478550993222722,0.00475443596062426,0.00472467681197279,0.0046962132587389,0.00466902544335146,0.00464309293162406,0.00461839476567063,0.00459490951608278,0.0045726153331468,0.00455148999689081,0.00453151096576672,0.00451265542378858,0.00449490032596584,0.0044782224418897,0.00446259839735032,0.00444800471388288,0.00443441784616158,0.00442181421718116,0.00441017025118625,0.00439946240432834,0.0043896671930491,0.00438076122020696,0.00437272119898126,0.00436552397460316,0.00435914654397665,0.00435356607326521,0.00434875991353033,0.00434470561451779,0.00434138093669434,0.00433876386164353,0.00433683260093363,0.0043355656035729,0.0043349415621694,0.00433493941791191,0.00433553836448745,0.00433671785104852,0.00433845758433977,0.00434073753008968,0.00434353791376759,0.00434683922080137,0.00435062219634479,0.00435486784467756,0.0043595574283137,0.00436467246688778,0.00437019473588142,0.00437610626524603,0.0043823893379708,0.00438902648863814,0.00439600050200285,0.00440329441162518,0.00441089149858226,0.0044187752902772,0.00442692955936013,0.00443533832277072,0.00444398584090796,0.00445285661692914,0.00446193539617672,0.00447120716572889,0.00448065715406711,0.00449027083085178,0.00450003390679551,0.00450993233362167,0.00451995230409563,0.0045300802521154,0.00454030285284738,0.00455060702289287,0.00456097992047143,0.0045714089456073,0.00458188174030548,0.00459238618870467,0.00460291041719524,0.00461344279449099,0.0046239719316448,0.00463448668199955,0.00464497614106636,0.00465542964632375,0.00466583677693243,0.00467618735336245,0.00468647143692996,0.00469667932924211,0.00470680157154964,0.00471682894400838,0.00472675246485216,0.00473656338948042,0.00474625320946495,0.00475581365148072,0.0047652366761675,0.00477451447692942,0.00478363947867971,0.00479260433653928,0.00480140193449829,0.00481002538405034,0.00481846802280922,0.00482672341311834,0.00483478534066362,0.00484264781310058,0.00485030505870695,0.00485775152507192,0.00486498187783293,0.00487199099947049,0.00487877398817156,0.00488532615677186,0.00489164303178704,0.00489772035254251,0.00490355407041094,0.0049091403481661,0.00491447555946111,0.00491955628843906,0.00492437932948239,0.00492894168710681,0.00493324057600494,0.00493727342124372,0.00494103785861952,0.00494453173517398,0.00494775310987294,0.00495070025444974,0.00495337165441271,0.00495576601021632,0.00495788223859458,0.00495971947405419
