-1.6422564412056833,-1.0430642294430492,-0.5409473918453264,-2.2051611533845366,-0.32242235874528075,-3.180609056199364,-0.27505764473691047,-1.9176702102766066,-1.5910695152960008,-2.7665071246001576,-0.5543608559213292,-0.35376904828291456,-0.010993840948152998,-2.769223701795738,-1.0810649122076748,-0.26106400820920633,0.7344737537294245,-0.7652323174956076,-1.210148121657597,-1.8393434682729002,-1.6717908030569306,-4.224196460493997,-13.214513066058114,-2.0035654186284506,0.9723627175439966,-0.9866598415008987,-4.548211783383424,-2.883217508166759,-3.097510151221257,-2.674844310148851,-2.2507133204926086,-3.2875568281125025,-1.2966357648279665,-2.3073109058638788,-1.8885036445719616,-0.6279092977881957,-1.9282635963222123,0.5846004026078182,-2.3380603002137144,-4.347035273542218,-0.5431237883210539,-4.67630594650856,-1.5206759607700642,0.5551172905958893,-2.2192717589706694,-0.555365120950709,0.7766877008737832,-1.6373655468283839,-0.10938815115021705,-0.37445930480357775,-0.1710387545894355,-5.493603614285457,-0.32291138166003236,0.48255691220108377,0.9569687740795852,-0.6739436500120903,-0.11055800593228265,-2.671903824374902,-0.4348174888904271,-0.34001241433397345,1.0144432115296418,-0.2956003789562217,-1.4544663109080196,0.984634142716846,-0.5252789087321453,-0.2752523276684535,-1.3017241400199835,0.9351786260376385,-0.8079027258795438,-0.517195397138279,0.5883388197451468,0.6614672804829324,0.45161340450075865,0.6238607909297319,0.1298418299297072,-0.7071815400236092,-1.1067732364110725,-0.08920139627506266,0.47644483091416073,0.5767615265155643,-2.622139856178488,0.777071429498118,-2.1403880710398737,1.1061857331982472,0.4510044401551335,0.6296137619886167,-0.28806838711312266,-1.9139923849492952,-2.7350879205313454,0.8284454233854324,0.030149871975188078,-0.28713131376200723,-0.12690666318847535,-0.14453657877489737,0.42178773854579177,-1.628857025135218,-0.6732234696653061,0.032749464257864055,-1.6429825125070554,0.5797967272629797,0.5149945381141615,-1.0014828217888023,-0.7470559832348427,-0.2113203455304572,-0.5390353317003965,0.5907279481457461,-1.0767831978343139,-0.4224461204695461,1.2660006536675927,-0.6390171944281896,-0.6619102793938922,-36.841361487904656,-0.3607667075948111,-1.5048832205412372,-1.9285276669587648,-0.7505485094478025,-1.7721130628009476,-3.2844676165082043,-0.9543992486988095,-0.9399711127737246,-0.6478410490893927,0.5116414271281695,-0.7797597937840767,-1.2918300503121252,0.05708516910647722,-9.788210379761384,-0.7054264528368184,-36.841361487904656,-3.2105812786886085,-2.0328426126729484,-3.0363832322424256
-1.6422564412056833,-1.0430642294430492,-0.5409473918453264,-2.2051611533845366,-0.32242235874528075,-3.180609056199364,-0.27505764473691047,-1.9176702102766066,-1.5910695152960008,-2.7665071246001576,-0.5543608559213292,-0.35376904828291456,-0.010993840948152998,-2.769223701795738,-1.0810649122076748,-0.26106400820920633,0.7344737537294245,-0.7652323174956076,-1.210148121657597,-1.8393434682729002,-1.6717908030569306,-4.224196460493997,-13.214513066058114,-2.0035654186284506,0.9723627175439966,-0.9866598415008987,-4.548211783383424,-2.883217508166759,-3.097510151221257,-2.674844310148851,-2.2507133204926086,-3.2875568281125025,-1.2966357648279665,-2.3073109058638788,-1.8885036445719616,-0.6279092977881957,-1.9282635963222123,0.5846004026078182,-2.3380603002137144,-4.347035273542218,-0.5431237883210539,-4.67630594650856,-1.5206759607700642,0.5551172905958893,-2.2192717589706694,-0.555365120950709,0.7766877008737832,-1.6373655468283839,-0.10938815115021705,-0.37445930480357775,-0.1710387545894355,-5.493603614285457,-0.32291138166003236,0.48255691220108377,0.9569687740795852,-0.6739436500120903,-0.11055800593228265,-2.671903824374902,-0.4348174888904271,-0.34001241433397345,1.0144432115296418,-0.2956003789562217,-1.4544663109080196,0.984634142716846,-0.5252789087321453,-0.2752523276684535,-1.3017241400199835,0.9351786260376385,-0.8079027258795438,-0.517195397138279,0.5883388197451468,0.6614672804829324,0.45161340450075865,0.6238607909297319,0.1298418299297072,-0.7071815400236092,-1.1067732364110725,-0.08920139627506266,0.47644483091416073,0.5767615265155643,-2.622139856178488,0.777071429498118,-2.1403880710398737,1.1061857331982472,0.4510044401551335,0.6296137619886167,-0.28806838711312266,-1.9139923849492952,-2.7350879205313454,0.8284454233854324,0.030149871975188078,-0.28713131376200723,-0.12690666318847535,-0.14453657877489737,0.42178773854579177,-1.628857025135218,-0.6732234696653061,0.032749464257864055,-1.6429825125070554,0.5797967272629797,0.5149945381141615,-1.0014828217888023,-0.7470559832348427,-0.2113203455304572,-0.5390353317003965,0.5907279481457461,-1.0767831978343139,-0.4224461204695461,1.2660006536675927,-0.6390171944281896,-0.6619102793938922,-36.841361487904656,-0.3607667075948111,-1.5048832205412372,-1.9285276669587648,-0.7505485094478025,-1.7721130628009476,-3.2844676165082043,-0.9543992486988095,-0.9399711127737246,-0.6478410490893927,0.5116414271281695,-0.7797597937840767,-1.2918300503121252,0.05708516910647722,-9.788210379761384,-0.7054264528368184,-36.841361487904656,-3.2105812786886085,-2.0328426126729484,-3.0363832322424256
-1.6422564412056833,-1.0430642294430492,-0.5409473918453264,-2.2051611533845366,-0.32242235874528075,-3.180609056199364,-0.27505764473691047,-1.9176702102766066,-1.5910695152960008,-2.7665071246001576,-0.5543608559213292,-0.35376904828291456,-0.010993840948152998,-2.769223701795738,-1.0810649122076748,-0.26106400820920633,0.7344737537294245,-0.7652323174956076,-1.210148121657597,-1.8393434682729002,-1.6717908030569306,-4.224196460493997,-13.214513066058114,-2.0035654186284506,0.9723627175439966,-0.9866598415008987,-4.548211783383424,-2.883217508166759,-3.097510151221257,-2.674844310148851,-2.2507133204926086,-3.2875568281125025,-1.2966357648279665,-2.3073109058638788,-1.8885036445719616,-0.6279092977881957,-1.9282635963222123,0.5846004026078182,-2.3380603002137144,-4.347035273542218,-0.5431237883210539,-4.67630594650856,-1.5206759607700642,0.5551172905958893,-2.2192717589706694,-0.555365120950709,0.7766877008737832,-1.6373655468283839,-0.10938815115021705,-0.37445930480357775,-0.1710387545894355,-5.493603614285457,-0.32291138166003236,0.48255691220108377,0.9569687740795852,-0.6739436500120903,-0.11055800593228265,-2.671903824374902,-0.4348174888904271,-0.34001241433397345,1.0144432115296418,-0.2956003789562217,-1.4544663109080196,0.984634142716846,-0.5252789087321453,-0.2752523276684535,-1.3017241400199835,0.9351786260376385,-0.8079027258795438,-0.517195397138279,0.5883388197451468,0.6614672804829324,0.45161340450075865,0.6238607909297319,0.1298418299297072,-0.7071815400236092,-1.1067732364110725,-0.08920139627506266,0.47644483091416073,0.5767615265155643,-2.622139856178488,0.777071429498118,-2.1403880710398737,1.1061857331982472,0.4510044401551335,0.6296137619886167,-0.28806838711312266,-1.9139923849492952,-2.7350879205313454,0.8284454233854324,0.030149871975188078,-0.28713131376200723,-0.12690666318847535,-0.14453657877489737,0.42178773854579177,-1.628857025135218,-0.6732234696653061,0.032749464257864055,-1.6429825125070554,0.5797967272629797,0.5149945381141615,-1.0014828217888023,-0.7470559832348427,-0.2113203455304572,-0.5390353317003965,0.5907279481457461,-1.0767831978343139,-0.4224461204695461,1.2660006536675927,-0.6390171944281896,-0.6619102793938922,-36.841361487904656,-0.3607667075948111,-1.5048832205412372,-1.9285276669587648,-0.7505485094478025,-1.7721130628009476,-3.2844676165082043,-0.9543992486988095,-0.9399711127737246,-0.6478410490893927,0.5116414271281695,-0.7797597937840767,-1.2918300503121252,0.05708516910647722,-9.788210379761384,-0.7054264528368184,-36.841361487904656,-3.2105812786886085,-2.0328426126729484,-3.0363832322424256
-1.6422564412056833,-1.0430642294430492,-0.5409473918453264,-2.2051611533845366,-0.32242235874528075,-3.180609056199364,-0.27505764473691047,-1.9176702102766066,-1.5910695152960008,-2.7665071246001576,-0.5543608559213292,-0.35376904828291456,-0.010993840948152998,-2.769223701795738,-1.0810649122076748,-0.26106400820920633,0.7344737537294245,-0.7652323174956076,-1.210148121657597,-1.8393434682729002,-1.6717908030569306,-4.224196460493997,-13.214513066058114,-2.0035654186284506,0.9723627175439966,-0.9866598415008987,-4.548211783383424,-2.883217508166759,-3.097510151221257,-2.674844310148851,-2.2507133204926086,-3.2875568281125025,-1.2966357648279665,-2.3073109058638788,-1.8885036445719616,-0.6279092977881957,-1.9282635963222123,0.5846004026078182,-2.3380603002137144,-4.347035273542218,-0.5431237883210539,-4.67630594650856,-1.5206759607700642,0.5551172905958893,-2.2192717589706694,-0.555365120950709,0.7766877008737832,-1.6373655468283839,-0.10938815115021705,-0.37445930480357775,-0.1710387545894355,-5.493603614285457,-0.32291138166003236,0.48255691220108377,0.9569687740795852,-0.6739436500120903,-0.11055800593228265,-2.671903824374902,-0.4348174888904271,-0.34001241433397345,1.0144432115296418,-0.2956003789562217,-1.4544663109080196,0.984634142716846,-0.5252789087321453,-0.2752523276684535,-1.3017241400199835,0.9351786260376385,-0.8079027258795438,-0.517195397138279,0.5883388197451468,0.6614672804829324,0.45161340450075865,0.6238607909297319,0.1298418299297072,-0.7071815400236092,-1.1067732364110725,-0.08920139627506266,0.47644483091416073,0.5767615265155643,-2.622139856178488,0.777071429498118,-2.1403880710398737,1.1061857331982472,0.4510044401551335,0.6296137619886167,-0.28806838711312266,-1.9139923849492952,-2.7350879205313454,0.8284454233854324,0.030149871975188078,-0.28713131376200723,-0.12690666318847535,-0.14453657877489737,0.42178773854579177,-1.628857025135218,-0.6732234696653061,0.032749464257864055,-1.6429825125070554,0.5797967272629797,0.5149945381141615,-1.0014828217888023,-0.7470559832348427,-0.2113203455304572,-0.5390353317003965,0.5907279481457461,-1.0767831978343139,-0.4224461204695461,1.2660006536675927,-0.6390171944281896,-0.6619102793938922,-36.841361487904656,-0.3607667075948111,-1.5048832205412372,-1.9285276669587648,-0.7505485094478025,-1.7721130628009476,-3.2844676165082043,-0.9543992486988095,-0.9399711127737246,-0.6478410490893927,0.5116414271281695,-0.7797597937840767,-1.2918300503121252,0.05708516910647722,-9.788210379761384,-0.7054264528368184,-36.841361487904656,-3.2105812786886085,-2.0328426126729484,-3.0363832322424256
-1.6422564412056833,-1.0430642294430492,-0.5409473918453264,-2.2051611533845366,-0.32242235874528075,-3.180609056199364,-0.27505764473691047,-1.9176702102766066,-1.5910695152960008,-2.7665071246001576,-0.5543608559213292,-0.35376904828291456,-0.010993840948152998,-2.769223701795738,-1.0810649122076748,-0.26106400820920633,0.7344737537294245,-0.7652323174956076,-1.210148121657597,-1.8393434682729002,-1.6717908030569306,-4.224196460493997,-13.214513066058114,-2.0035654186284506,0.9723627175439966,-0.9866598415008987,-4.548211783383424,-2.883217508166759,-3.097510151221257,-2.674844310148851,-2.2507133204926086,-3.2875568281125025,-1.2966357648279665,-2.3073109058638788,-1.8885036445719616,-0.6279092977881957,-1.9282635963222123,0.5846004026078182,-2.3380603002137144,-4.347035273542218,-0.5431237883210539,-4.67630594650856,-1.5206759607700642,0.5551172905958893,-2.2192717589706694,-0.555365120950709,0.7766877008737832,-1.6373655468283839,-0.10938815115021705,-0.37445930480357775,-0.1710387545894355,-5.493603614285457,-0.32291138166003236,0.48255691220108377,0.9569687740795852,-0.6739436500120903,-0.11055800593228265,-2.671903824374902,-0.4348174888904271,-0.34001241433397345,1.0144432115296418,-0.2956003789562217,-1.4544663109080196,0.984634142716846,-0.5252789087321453,-0.2752523276684535,-1.3017241400199835,0.9351786260376385,-0.8079027258795438,-0.517195397138279,0.5883388197451468,0.6614672804829324,0.45161340450075865,0.6238607909297319,0.1298418299297072,-0.7071815400236092,-1.1067732364110725,-0.08920139627506266,0.47644483091416073,0.5767615265155643,-2.622139856178488,0.777071429498118,-2.1403880710398737,1.1061857331982472,0.4510044401551335,0.6296137619886167,-0.28806838711312266,-1.9139923849492952,-2.7350879205313454,0.8284454233854324,0.030149871975188078,-0.28713131376200723,-0.12690666318847535,-0.14453657877489737,0.42178773854579177,-1.628857025135218,-0.6732234696653061,0.032749464257864055,-1.6429825125070554,0.5797967272629797,0.5149945381141615,-1.0014828217888023,-0.7470559832348427,-0.2113203455304572,-0.5390353317003965,0.5907279481457461,-1.0767831978343139,-0.4224461204695461,1.2660006536675927,-0.6390171944281896,-0.6619102793938922,-36.841361487904656,-0.3607667075948111,-1.5048832205412372,-1.9285276669587648,-0.7505485094478025,-1.7721130628009476,-3.2844676165082043,-0.9543992486988095,-0.9399711127737246,-0.6478410490893927,0.5116414271281695,-0.7797597937840767,-1.2918300503121252,0.05708516910647722,-9.788210379761384,-0.7054264528368184,-36.841361487904656,-3.2105812786886085,-2.0328426126729484,-3.0363832322424256
-1.6422564412056833,-1.0430642294430492,-0.5409473918453264,-2.2051611533845366,-0.32242235874528075,-3.180609056199364,-0.27505764473691047,-1.9176702102766066,-1.5910695152960008,-2.7665071246001576,-0.5543608559213292,-0.35376904828291456,-0.010993840948152998,-2.769223701795738,-1.0810649122076748,-0.26106400820920633,0.7344737537294245,-0.7652323174956076,-1.210148121657597,-1.8393434682729002,-1.6717908030569306,-4.224196460493997,-13.214513066058114,-2.0035654186284506,0.9723627175439966,-0.9866598415008987,-4.548211783383424,-2.883217508166759,-3.097510151221257,-2.674844310148851,-2.2507133204926086,-3.2875568281125025,-1.2966357648279665,-2.3073109058638788,-1.8885036445719616,-0.6279092977881957,-1.9282635963222123,0.5846004026078182,-2.3380603002137144,-4.347035273542218,-0.5431237883210539,-4.67630594650856,-1.5206759607700642,0.5551172905958893,-2.2192717589706694,-0.555365120950709,0.7766877008737832,-1.6373655468283839,-0.10938815115021705,-0.37445930480357775,-0.1710387545894355,-5.493603614285457,-0.32291138166003236,0.48255691220108377,0.9569687740795852,-0.6739436500120903,-0.11055800593228265,-2.671903824374902,-0.4348174888904271,-0.34001241433397345,1.0144432115296418,-0.2956003789562217,-1.4544663109080196,0.984634142716846,-0.5252789087321453,-0.2752523276684535,-1.3017241400199835,0.9351786260376385,-0.8079027258795438,-0.517195397138279,0.5883388197451468,0.6614672804829324,0.45161340450075865,0.6238607909297319,0.1298418299297072,-0.7071815400236092,-1.1067732364110725,-0.08920139627506266,0.47644483091416073,0.5767615265155643,-2.622139856178488,0.777071429498118,-2.1403880710398737,1.1061857331982472,0.4510044401551335,0.6296137619886167,-0.28806838711312266,-1.9139923849492952,-2.7350879205313454,0.8284454233854324,0.030149871975188078,-0.28713131376200723,-0.12690666318847535,-0.14453657877489737,0.42178773854579177,-1.628857025135218,-0.6732234696653061,0.032749464257864055,-1.6429825125070554,0.5797967272629797,0.5149945381141615,-1.0014828217888023,-0.7470559832348427,-0.2113203455304572,-0.5390353317003965,0.5907279481457461,-1.0767831978343139,-0.4224461204695461,1.2660006536675927,-0.6390171944281896,-0.6619102793938922,-36.841361487904656,-0.3607667075948111,-1.5048832205412372,-1.9285276669587648,-0.7505485094478025,-1.7721130628009476,-3.2844676165082043,-0.9543992486988095,-0.9399711127737246,-0.6478410490893927,0.5116414271281695,-0.7797597937840767,-1.2918300503121252,0.05708516910647722,-9.788210379761384,-0.7054264528368184,-36.841361487904656,-3.2105812786886085,-2.0328426126729484,-3.0363832322424256
-1.6422564412056833,-1.0430642294430492,-0.5409473918453264,-2.2051611533845366,-0.32242235874528075,-3.180609056199364,-0.27505764473691047,-1.9176702102766066,-1.5910695152960008,-2.7665071246001576,-0.5543608559213292,-0.35376904828291456,-0.010993840948152998,-2.769223701795738,-1.0810649122076748,-0.26106400820920633,0.7344737537294245,-0.7652323174956076,-1.210148121657597,-1.8393434682729002,-1.6717908030569306,-4.224196460493997,-13.214513066058114,-2.0035654186284506,0.9723627175439966,-0.9866598415008987,-4.548211783383424,-2.883217508166759,-3.097510151221257,-2.674844310148851,-2.2507133204926086,-3.2875568281125025,-1.2966357648279665,-2.3073109058638788,-1.8885036445719616,-0.6279092977881957,-1.9282635963222123,0.5846004026078182,-2.3380603002137144,-4.347035273542218,-0.5431237883210539,-4.67630594650856,-1.5206759607700642,0.5551172905958893,-2.2192717589706694,-0.555365120950709,0.7766877008737832,-1.6373655468283839,-0.10938815115021705,-0.37445930480357775,-0.1710387545894355,-5.493603614285457,-0.32291138166003236,0.48255691220108377,0.9569687740795852,-0.6739436500120903,-0.11055800593228265,-2.671903824374902,-0.4348174888904271,-0.34001241433397345,1.0144432115296418,-0.2956003789562217,-1.4544663109080196,0.984634142716846,-0.5252789087321453,-0.2752523276684535,-1.3017241400199835,0.9351786260376385,-0.8079027258795438,-0.517195397138279,0.5883388197451468,0.6614672804829324,0.45161340450075865,0.6238607909297319,0.1298418299297072,-0.7071815400236092,-1.1067732364110725,-0.08920139627506266,0.47644483091416073,0.5767615265155643,-2.622139856178488,0.777071429498118,-2.1403880710398737,1.1061857331982472,0.4510044401551335,0.6296137619886167,-0.28806838711312266,-1.9139923849492952,-2.7350879205313454,0.8284454233854324,0.030149871975188078,-0.28713131376200723,-0.12690666318847535,-0.14453657877489737,0.42178773854579177,-1.628857025135218,-0.6732234696653061,0.032749464257864055,-1.6429825125070554,0.5797967272629797,0.5149945381141615,-1.0014828217888023,-0.7470559832348427,-0.2113203455304572,-0.5390353317003965,0.5907279481457461,-1.0767831978343139,-0.4224461204695461,1.2660006536675927,-0.6390171944281896,-0.6619102793938922,-36.841361487904656,-0.3607667075948111,-1.5048832205412372,-1.9285276669587648,-0.7505485094478025,-1.7721130628009476,-3.2844676165082043,-0.9543992486988095,-0.9399711127737246,-0.6478410490893927,0.5116414271281695,-0.7797597937840767,-1.2918300503121252,0.05708516910647722,-9.788210379761384,-0.7054264528368184,-36.841361487904656,-3.2105812786886085,-2.0328426126729484,-3.0363832322424256
-1.6480757161046948,-0.5546513395872616,-0.5434372428289856,-1.6172261422544207,0.2884341139811581,-3.891838346330775,-0.003208411296115619,-0.976930307391562,-0.7504776988398851,-1.1661148611483638,-0.5139095405505588,-0.2732787576937196,-0.41572896345909943,-1.599984137137415,-1.2016416071291984,-0.867505016610466,0.6098692905768786,-0.6405724293782895,-0.9518911238236895,-1.1007902982225006,0.15575127920047277,-3.2317087740683537,-6.06624278799662,-2.469475609791984,0.6055948714191002,-0.49818002244682,-3.941640918537973,-2.385140580875166,-4.362289897551403,-2.6535242966870674,-3.6810876910682135,-2.8130419792223096,-0.8668796335712872,-1.9945210828268505,-1.550493151951104,-1.6208498168341454,-1.6774696752928873,0.21968380365017706,-1.5510215648651033,-4.3023890103524485,-0.7540660414355655,-4.619030085033218,-1.9076903340878126,0.6905357920079527,-2.4670533056847725,-0.37210881029161824,0.6773045791591371,-1.7076568741716027,-0.3782724390262797,-0.6197217640090319,0.15879814395146816,-6.403338944469625,-0.4794835301582856,0.8158273073571968,0.9219199575019261,-0.838500544283366,-0.3522119408382072,-2.371423308333006,-0.4533576496273617,-0.48342227796929466,1.4122990166412166,-0.2467525763616097,-1.2364672381117847,0.9678150018566474,-0.5502764165641525,0.29708495168731086,-1.3479745558154999,0.5029832075275199,-0.7455974222709241,-0.43266198303730047,1.1335944970934515,0.928565350078081,-0.37957854230905463,0.5830291427486896,0.16559786385967895,-0.7016088983205895,-0.36953977824053924,-0.4420905455865504,0.20891554963370265,0.6949350297935388,-2.4393168682974222,0.8225236111737655,-1.8871556252928812,1.235595235787238,0.6380563903098259,0.6169501532462404,-0.4873250585824885,-2.0120988277855107,-2.8979842499051056,0.9285470998944488,0.1430378235483702,-0.43889405720402214,0.38805872547021636,-0.5616137927157157,0.4949456202595124,-1.931351201441379,-1.9582856101211477,-0.738063318978944,-1.4623212523528009,0.5236935392472234,0.6394441178353639,-0.8321852314407745,-0.7317622130769926,0.41642960497997905,-0.33502890271596036,0.5345616143308594,-1.1840857165636907,0.09860084326759164,1.5808745923574765,-1.0756695439176474,-0.16446512024297413,-3.288850768491283,0.046042884592599184,-1.2500298036398483,-0.9258724977134823,-1.101439376962313,-0.35590521579231627,-2.243593543383196,0.8458842445964949,0.09073367544506884,0.19102677434610865,0.8128477170821249,-0.28124181283993555,-0.2904953237453547,0.05202445806629211,-2.7053569561962894,-0.5338376938848823,-3.288850768491283,-3.2372144729651247,-1.8663330145014838,-1.771264315076399
-1.8676174579263234,-0.4210475776663247,-0.5782591457774018,-1.460996874501881,0.5332210015846062,-3.9997238801566883,0.15590923412383187,-1.2040968051537684,-0.7505930919167135,-1.240711347219731,-0.5357494925560456,-0.26751645809856256,-0.696592924969088,-2.7105843428905643,-1.314872443643603,-1.352488707504344,0.6632714480563519,-0.6631290707074449,-0.7270903028382663,-1.1148851519657665,0.568948598127646,-2.826876836407801,-6.11171967601276,-2.6209977394940935,0.7170012295935057,-0.5610125134541492,-4.927960180441647,-2.32473343065631,-5.956466500158455,-2.9245135735406165,-4.441715708508069,-3.882787887723679,-0.8649136232598968,-1.6732917958109546,-2.2217406960532826,-1.5422940057659404,-2.86320987304308,0.3793301722890235,-2.7373161295563215,-4.47968104726969,-0.8348477687390393,-5.013268105297435,-2.369836871915956,0.5637781837750904,-2.907218709498431,-0.5839344653797081,0.8654854577214451,-1.478186263182683,-0.43927077125942493,-1.2487267088794995,-0.3136761328358022,-36.43312706319865,-0.36149727943012677,0.5925500470986941,0.7922677959016191,-0.9804119415397458,-0.08806168484814696,-3.266722713347718,-0.5280415395032726,-0.3896252490419082,1.4062211512909468,-0.04397081861152403,-0.7055378865749136,0.8974877783232597,-0.8861671304213611,-0.25881035142775116,-1.987212134534012,0.6092563248494528,-0.7925759358174144,-0.7001325634762108,1.0788212925252139,0.7716973879540772,-1.24314188916714,0.6338537154022627,-0.09415955957002843,-0.8897878604336955,-0.6751144420388432,-0.3019796877807034,0.07941393985772628,0.2509162092414201,-2.2821123241259413,0.691602987432007,-2.2859218297089283,1.096741233480464,1.1654453681259256,0.5284990875833575,-0.768801048981667,-2.2113223587313766,-3.3369303849722107,0.9486192218158687,-0.3631462872926909,-0.6151302656090056,-0.05070173038354593,-0.8939763927709524,0.17858659658499149,-2.0120703182386768,-2.6492546929613607,-2.0204769699380507,-1.0179525232479332,0.453617543514963,0.6709848068108994,-1.3621760759258246,-1.419610282198245,0.33208348673986804,-0.10926367462672243,0.5971827494069762,-1.5864436918264024,-0.478998890412482,1.363962527764175,-1.4717903453600865,-0.7461818366630182,-4.291111560314381,-0.9015388121587031,-2.046483541364628,-1.508063449673035,-1.2511066596992908,-1.6533498976515462,-2.1325229118717277,0.5565747343513164,-0.5326562879609458,-1.0668984653509772,0.5897539044891161,-0.6861650165930483,-0.26921356858606893,-2.4283193392446183,-2.596741068788063,-0.6997222314942776,-4.291111560314381,-3.5935477189033667,-2.0194028556458425,-1.2807129427784487
-1.8676174579263234,-0.4210475776663247,-0.5782591457774018,-1.460996874501881,0.5332210015846062,-3.9997238801566883,0.15590923412383187,-1.2040968051537684,-0.7505930919167135,-1.240711347219731,-0.5357494925560456,-0.26751645809856256,-0.696592924969088,-2.7105843428905643,-1.314872443643603,-1.352488707504344,0.6632714480563519,-0.6631290707074449,-0.7270903028382663,-1.1148851519657665,0.568948598127646,-2.826876836407801,-6.11171967601276,-2.6209977394940935,0.7170012295935057,-0.5610125134541492,-4.927960180441647,-2.32473343065631,-5.956466500158455,-2.9245135735406165,-4.441715708508069,-3.882787887723679,-0.8649136232598968,-1.6732917958109546,-2.2217406960532826,-1.5422940057659404,-2.86320987304308,0.3793301722890235,-2.7373161295563215,-4.47968104726969,-0.8348477687390393,-5.013268105297435,-2.369836871915956,0.5637781837750904,-2.907218709498431,-0.5839344653797081,0.8654854577214451,-1.478186263182683,-0.43927077125942493,-1.2487267088794995,-0.3136761328358022,-36.43312706319865,-0.36149727943012677,0.5925500470986941,0.7922677959016191,-0.9804119415397458,-0.08806168484814696,-3.266722713347718,-0.5280415395032726,-0.3896252490419082,1.4062211512909468,-0.04397081861152403,-0.7055378865749136,0.8974877783232597,-0.8861671304213611,-0.25881035142775116,-1.987212134534012,0.6092563248494528,-0.7925759358174144,-0.7001325634762108,1.0788212925252139,0.7716973879540772,-1.24314188916714,0.6338537154022627,-0.09415955957002843,-0.8897878604336955,-0.6751144420388432,-0.3019796877807034,0.07941393985772628,0.2509162092414201,-2.2821123241259413,0.691602987432007,-2.2859218297089283,1.096741233480464,1.1654453681259256,0.5284990875833575,-0.768801048981667,-2.2113223587313766,-3.3369303849722107,0.9486192218158687,-0.3631462872926909,-0.6151302656090056,-0.05070173038354593,-0.8939763927709524,0.17858659658499149,-2.0120703182386768,-2.6492546929613607,-2.0204769699380507,-1.0179525232479332,0.453617543514963,0.6709848068108994,-1.3621760759258246,-1.419610282198245,0.33208348673986804,-0.10926367462672243,0.5971827494069762,-1.5864436918264024,-0.478998890412482,1.363962527764175,-1.4717903453600865,-0.7461818366630182,-4.291111560314381,-0.9015388121587031,-2.046483541364628,-1.508063449673035,-1.2511066596992908,-1.6533498976515462,-2.1325229118717277,0.5565747343513164,-0.5326562879609458,-1.0668984653509772,0.5897539044891161,-0.6861650165930483,-0.26921356858606893,-2.4283193392446183,-2.596741068788063,-0.6997222314942776,-4.291111560314381,-3.5935477189033667,-2.0194028556458425,-1.2807129427784487
-1.8676174579263234,-0.4210475776663247,-0.5782591457774018,-1.460996874501881,0.5332210015846062,-3.9997238801566883,0.15590923412383187,-1.2040968051537684,-0.7505930919167135,-1.240711347219731,-0.5357494925560456,-0.26751645809856256,-0.696592924969088,-2.7105843428905643,-1.314872443643603,-1.352488707504344,0.6632714480563519,-0.6631290707074449,-0.7270903028382663,-1.1148851519657665,0.568948598127646,-2.826876836407801,-6.11171967601276,-2.6209977394940935,0.7170012295935057,-0.5610125134541492,-4.927960180441647,-2.32473343065631,-5.956466500158455,-2.9245135735406165,-4.441715708508069,-3.882787887723679,-0.8649136232598968,-1.6732917958109546,-2.2217406960532826,-1.5422940057659404,-2.86320987304308,0.3793301722890235,-2.7373161295563215,-4.47968104726969,-0.8348477687390393,-5.013268105297435,-2.369836871915956,0.5637781837750904,-2.907218709498431,-0.5839344653797081,0.8654854577214451,-1.478186263182683,-0.43927077125942493,-1.2487267088794995,-0.3136761328358022,-36.43312706319865,-0.36149727943012677,0.5925500470986941,0.7922677959016191,-0.9804119415397458,-0.08806168484814696,-3.266722713347718,-0.5280415395032726,-0.3896252490419082,1.4062211512909468,-0.04397081861152403,-0.7055378865749136,0.8974877783232597,-0.8861671304213611,-0.25881035142775116,-1.987212134534012,0.6092563248494528,-0.7925759358174144,-0.7001325634762108,1.0788212925252139,0.7716973879540772,-1.24314188916714,0.6338537154022627,-0.09415955957002843,-0.8897878604336955,-0.6751144420388432,-0.3019796877807034,0.07941393985772628,0.2509162092414201,-2.2821123241259413,0.691602987432007,-2.2859218297089283,1.096741233480464,1.1654453681259256,0.5284990875833575,-0.768801048981667,-2.2113223587313766,-3.3369303849722107,0.9486192218158687,-0.3631462872926909,-0.6151302656090056,-0.05070173038354593,-0.8939763927709524,0.17858659658499149,-2.0120703182386768,-2.6492546929613607,-2.0204769699380507,-1.0179525232479332,0.453617543514963,0.6709848068108994,-1.3621760759258246,-1.419610282198245,0.33208348673986804,-0.10926367462672243,0.5971827494069762,-1.5864436918264024,-0.478998890412482,1.363962527764175,-1.4717903453600865,-0.7461818366630182,-4.291111560314381,-0.9015388121587031,-2.046483541364628,-1.508063449673035,-1.2511066596992908,-1.6533498976515462,-2.1325229118717277,0.5565747343513164,-0.5326562879609458,-1.0668984653509772,0.5897539044891161,-0.6861650165930483,-0.26921356858606893,-2.4283193392446183,-2.596741068788063,-0.6997222314942776,-4.291111560314381,-3.5935477189033667,-2.0194028556458425,-1.2807129427784487
-1.8676174579263234,-0.4210475776663247,-0.5782591457774018,-1.460996874501881,0.5332210015846062,-3.9997238801566883,0.15590923412383187,-1.2040968051537684,-0.7505930919167135,-1.240711347219731,-0.5357494925560456,-0.26751645809856256,-0.696592924969088,-2.7105843428905643,-1.314872443643603,-1.352488707504344,0.6632714480563519,-0.6631290707074449,-0.7270903028382663,-1.1148851519657665,0.568948598127646,-2.826876836407801,-6.11171967601276,-2.6209977394940935,0.7170012295935057,-0.5610125134541492,-4.927960180441647,-2.32473343065631,-5.956466500158455,-2.9245135735406165,-4.441715708508069,-3.882787887723679,-0.8649136232598968,-1.6732917958109546,-2.2217406960532826,-1.5422940057659404,-2.86320987304308,0.3793301722890235,-2.7373161295563215,-4.47968104726969,-0.8348477687390393,-5.013268105297435,-2.369836871915956,0.5637781837750904,-2.907218709498431,-0.5839344653797081,0.8654854577214451,-1.478186263182683,-0.43927077125942493,-1.2487267088794995,-0.3136761328358022,-36.43312706319865,-0.36149727943012677,0.5925500470986941,0.7922677959016191,-0.9804119415397458,-0.08806168484814696,-3.266722713347718,-0.5280415395032726,-0.3896252490419082,1.4062211512909468,-0.04397081861152403,-0.7055378865749136,0.8974877783232597,-0.8861671304213611,-0.25881035142775116,-1.987212134534012,0.6092563248494528,-0.7925759358174144,-0.7001325634762108,1.0788212925252139,0.7716973879540772,-1.24314188916714,0.6338537154022627,-0.09415955957002843,-0.8897878604336955,-0.6751144420388432,-0.3019796877807034,0.07941393985772628,0.2509162092414201,-2.2821123241259413,0.691602987432007,-2.2859218297089283,1.096741233480464,1.1654453681259256,0.5284990875833575,-0.768801048981667,-2.2113223587313766,-3.3369303849722107,0.9486192218158687,-0.3631462872926909,-0.6151302656090056,-0.05070173038354593,-0.8939763927709524,0.17858659658499149,-2.0120703182386768,-2.6492546929613607,-2.0204769699380507,-1.0179525232479332,0.453617543514963,0.6709848068108994,-1.3621760759258246,-1.419610282198245,0.33208348673986804,-0.10926367462672243,0.5971827494069762,-1.5864436918264024,-0.478998890412482,1.363962527764175,-1.4717903453600865,-0.7461818366630182,-4.291111560314381,-0.9015388121587031,-2.046483541364628,-1.508063449673035,-1.2511066596992908,-1.6533498976515462,-2.1325229118717277,0.5565747343513164,-0.5326562879609458,-1.0668984653509772,0.5897539044891161,-0.6861650165930483,-0.26921356858606893,-2.4283193392446183,-2.596741068788063,-0.6997222314942776,-4.291111560314381,-3.5935477189033667,-2.0194028556458425,-1.2807129427784487
-1.8676174579263234,-0.4210475776663247,-0.5782591457774018,-1.460996874501881,0.5332210015846062,-3.9997238801566883,0.15590923412383187,-1.2040968051537684,-0.7505930919167135,-1.240711347219731,-0.5357494925560456,-0.26751645809856256,-0.696592924969088,-2.7105843428905643,-1.314872443643603,-1.352488707504344,0.6632714480563519,-0.6631290707074449,-0.7270903028382663,-1.1148851519657665,0.568948598127646,-2.826876836407801,-6.11171967601276,-2.6209977394940935,0.7170012295935057,-0.5610125134541492,-4.927960180441647,-2.32473343065631,-5.956466500158455,-2.9245135735406165,-4.441715708508069,-3.882787887723679,-0.8649136232598968,-1.6732917958109546,-2.2217406960532826,-1.5422940057659404,-2.86320987304308,0.3793301722890235,-2.7373161295563215,-4.47968104726969,-0.8348477687390393,-5.013268105297435,-2.369836871915956,0.5637781837750904,-2.907218709498431,-0.5839344653797081,0.8654854577214451,-1.478186263182683,-0.43927077125942493,-1.2487267088794995,-0.3136761328358022,-36.43312706319865,-0.36149727943012677,0.5925500470986941,0.7922677959016191,-0.9804119415397458,-0.08806168484814696,-3.266722713347718,-0.5280415395032726,-0.3896252490419082,1.4062211512909468,-0.04397081861152403,-0.7055378865749136,0.8974877783232597,-0.8861671304213611,-0.25881035142775116,-1.987212134534012,0.6092563248494528,-0.7925759358174144,-0.7001325634762108,1.0788212925252139,0.7716973879540772,-1.24314188916714,0.6338537154022627,-0.09415955957002843,-0.8897878604336955,-0.6751144420388432,-0.3019796877807034,0.07941393985772628,0.2509162092414201,-2.2821123241259413,0.691602987432007,-2.2859218297089283,1.096741233480464,1.1654453681259256,0.5284990875833575,-0.768801048981667,-2.2113223587313766,-3.3369303849722107,0.9486192218158687,-0.3631462872926909,-0.6151302656090056,-0.05070173038354593,-0.8939763927709524,0.17858659658499149,-2.0120703182386768,-2.6492546929613607,-2.0204769699380507,-1.0179525232479332,0.453617543514963,0.6709848068108994,-1.3621760759258246,-1.419610282198245,0.33208348673986804,-0.10926367462672243,0.5971827494069762,-1.5864436918264024,-0.478998890412482,1.363962527764175,-1.4717903453600865,-0.7461818366630182,-4.291111560314381,-0.9015388121587031,-2.046483541364628,-1.508063449673035,-1.2511066596992908,-1.6533498976515462,-2.1325229118717277,0.5565747343513164,-0.5326562879609458,-1.0668984653509772,0.5897539044891161,-0.6861650165930483,-0.26921356858606893,-2.4283193392446183,-2.596741068788063,-0.6997222314942776,-4.291111560314381,-3.5935477189033667,-2.0194028556458425,-1.2807129427784487
-1.8676174579263234,-0.4210475776663247,-0.5782591457774018,-1.460996874501881,0.5332210015846062,-3.9997238801566883,0.15590923412383187,-1.2040968051537684,-0.7505930919167135,-1.240711347219731,-0.5357494925560456,-0.26751645809856256,-0.696592924969088,-2.7105843428905643,-1.314872443643603,-1.352488707504344,0.6632714480563519,-0.6631290707074449,-0.7270903028382663,-1.1148851519657665,0.568948598127646,-2.826876836407801,-6.11171967601276,-2.6209977394940935,0.7170012295935057,-0.5610125134541492,-4.927960180441647,-2.32473343065631,-5.956466500158455,-2.9245135735406165,-4.441715708508069,-3.882787887723679,-0.8649136232598968,-1.6732917958109546,-2.2217406960532826,-1.5422940057659404,-2.86320987304308,0.3793301722890235,-2.7373161295563215,-4.47968104726969,-0.8348477687390393,-5.013268105297435,-2.369836871915956,0.5637781837750904,-2.907218709498431,-0.5839344653797081,0.8654854577214451,-1.478186263182683,-0.43927077125942493,-1.2487267088794995,-0.3136761328358022,-36.43312706319865,-0.36149727943012677,0.5925500470986941,0.7922677959016191,-0.9804119415397458,-0.08806168484814696,-3.266722713347718,-0.5280415395032726,-0.3896252490419082,1.4062211512909468,-0.04397081861152403,-0.7055378865749136,0.8974877783232597,-0.8861671304213611,-0.25881035142775116,-1.987212134534012,0.6092563248494528,-0.7925759358174144,-0.7001325634762108,1.0788212925252139,0.7716973879540772,-1.24314188916714,0.6338537154022627,-0.09415955957002843,-0.8897878604336955,-0.6751144420388432,-0.3019796877807034,0.07941393985772628,0.2509162092414201,-2.2821123241259413,0.691602987432007,-2.2859218297089283,1.096741233480464,1.1654453681259256,0.5284990875833575,-0.768801048981667,-2.2113223587313766,-3.3369303849722107,0.9486192218158687,-0.3631462872926909,-0.6151302656090056,-0.05070173038354593,-0.8939763927709524,0.17858659658499149,-2.0120703182386768,-2.6492546929613607,-2.0204769699380507,-1.0179525232479332,0.453617543514963,0.6709848068108994,-1.3621760759258246,-1.419610282198245,0.33208348673986804,-0.10926367462672243,0.5971827494069762,-1.5864436918264024,-0.478998890412482,1.363962527764175,-1.4717903453600865,-0.7461818366630182,-4.291111560314381,-0.9015388121587031,-2.046483541364628,-1.508063449673035,-1.2511066596992908,-1.6533498976515462,-2.1325229118717277,0.5565747343513164,-0.5326562879609458,-1.0668984653509772,0.5897539044891161,-0.6861650165930483,-0.26921356858606893,-2.4283193392446183,-2.596741068788063,-0.6997222314942776,-4.291111560314381,-3.5935477189033667,-2.0194028556458425,-1.2807129427784487
-1.5578543107640699,-2.1906616945738597,-0.5657291502879406,-2.1212429793619325,0.3533210187404342,-3.8308012099428557,0.05653741835655463,-1.1370758070897025,-1.1717417296128634,-1.2720876454357983,-0.4335867565340268,-0.18240525873508906,-0.5158154884534474,-2.8298867855705883,-0.9237114702742719,-0.8846104870082744,0.7135527027411269,-0.8867174186319279,-1.446066567995613,-2.241394295192809,-0.7289494678746817,-4.630907562169589,-32.49747514341678,-2.1613868974950186,0.9847498759712648,-1.1762921748526183,-5.886676115824609,-2.655887236409747,-5.533899395070209,-3.2496987002555837,-5.405613916251017,-4.414902246642516,-1.5794044908933196,-4.2475006023749655,-2.637128377845448,-1.960447485799608,-1.9970377227651794,0.3188620095527808,-2.2991686984267643,-3.7692770844747803,-0.467665320364576,-4.304460854984928,-2.0141238121527647,0.5879131083064731,-3.2369095117829816,-0.3726854238354395,0.6070684833734513,-1.8331662521628767,0.16817634939445833,-0.2512701819163815,-0.3923821024770125,-36.84071251233198,-0.6514279054015989,0.6990609601259963,0.725605572300307,-0.41596572321645275,0.039806004393001644,-2.6383559961568803,-0.3941500282210249,-0.13548603707189236,0.9247414286192237,-0.2838000307767263,-0.816750975606253,0.7277118288462168,-1.0258167121178112,0.020258074752230536,-1.5243448405877258,0.6976629389861363,-0.2146827674118864,-0.5264311680334506,0.5269061753546003,0.4559152272864291,0.32360121119232643,0.5020783751949749,-0.3263870280134971,-0.7526858129652425,-0.5325751889435827,-0.3701285643685363,0.37174378074648956,0.4454744283928197,-3.0002353726607227,0.6282634115614818,-2.691388610404346,0.9517356601735415,0.9034687764160371,0.27092827346271925,-1.164140998092012,-2.5702179914011754,-3.1284437867124453,0.6675008220009327,0.10777524113080202,-0.536240648906782,0.2794584579188149,-0.5525618822051246,-0.027706252894132345,-0.19771058150019696,-2.4353174305580034,-0.18408548453349188,-1.3859725561437604,0.6703998312712468,0.5199493338149705,-1.3434483820877603,-0.9752429598698518,0.24475628867966392,-0.2758067683958632,0.6257145220455714,-1.2596578630115258,-0.8592917356130914,1.3254776963040706,-0.8111044809732867,-0.47614648918411084,-36.84136148790346,-0.6934772134497157,-2.352917490114593,-2.144269067942405,-0.731235222509274,-1.837273558139086,-1.604242631101678,-0.36247214266090655,-1.3547905324885678,-1.8291526724590637,0.4964935347770127,-0.7840939994225805,-1.4574681651852588,-2.202090836652822,-3.5295900798171873,-1.460093343392974,-36.84136148790346,-3.611099792727224,-2.089988616870336,-1.9598329167675466
-1.5578543107640699,-2.1906616945738597,-0.5657291502879406,-2.1212429793619325,0.3533210187404342,-3.8308012099428557,0.05653741835655463,-1.1370758070897025,-1.1717417296128634,-1.2720876454357983,-0.4335867565340268,-0.18240525873508906,-0.5158154884534474,-2.8298867855705883,-0.9237114702742719,-0.8846104870082744,0.7135527027411269,-0.8867174186319279,-1.446066567995613,-2.241394295192809,-0.7289494678746817,-4.630907562169589,-32.49747514341678,-2.1613868974950186,0.9847498759712648,-1.1762921748526183,-5.886676115824609,-2.655887236409747,-5.533899395070209,-3.2496987002555837,-5.405613916251017,-4.414902246642516,-1.5794044908933196,-4.2475006023749655,-2.637128377845448,-1.960447485799608,-1.9970377227651794,0.3188620095527808,-2.2991686984267643,-3.7692770844747803,-0.467665320364576,-4.304460854984928,-2.0141238121527647,0.5879131083064731,-3.2369095117829816,-0.3726854238354395,0.6070684833734513,-1.8331662521628767,0.16817634939445833,-0.2512701819163815,-0.3923821024770125,-36.84071251233198,-0.6514279054015989,0.6990609601259963,0.725605572300307,-0.41596572321645275,0.039806004393001644,-2.6383559961568803,-0.3941500282210249,-0.13548603707189236,0.9247414286192237,-0.2838000307767263,-0.816750975606253,0.7277118288462168,-1.0258167121178112,0.020258074752230536,-1.5243448405877258,0.6976629389861363,-0.2146827674118864,-0.5264311680334506,0.5269061753546003,0.4559152272864291,0.32360121119232643,0.5020783751949749,-0.3263870280134971,-0.7526858129652425,-0.5325751889435827,-0.3701285643685363,0.37174378074648956,0.4454744283928197,-3.0002353726607227,0.6282634115614818,-2.691388610404346,0.9517356601735415,0.9034687764160371,0.27092827346271925,-1.164140998092012,-2.5702179914011754,-3.1284437867124453,0.6675008220009327,0.10777524113080202,-0.536240648906782,0.2794584579188149,-0.5525618822051246,-0.027706252894132345,-0.19771058150019696,-2.4353174305580034,-0.18408548453349188,-1.3859725561437604,0.6703998312712468,0.5199493338149705,-1.3434483820877603,-0.9752429598698518,0.24475628867966392,-0.2758067683958632,0.6257145220455714,-1.2596578630115258,-0.8592917356130914,1.3254776963040706,-0.8111044809732867,-0.47614648918411084,-36.84136148790346,-0.6934772134497157,-2.352917490114593,-2.144269067942405,-0.731235222509274,-1.837273558139086,-1.604242631101678,-0.36247214266090655,-1.3547905324885678,-1.8291526724590637,0.4964935347770127,-0.7840939994225805,-1.4574681651852588,-2.202090836652822,-3.5295900798171873,-1.460093343392974,-36.84136148790346,-3.611099792727224,-2.089988616870336,-1.9598329167675466
-1.2868626144378392,-1.0029499992663333,-0.6582065340330989,-3.016351323953853,-0.12994828998513036,-3.7408589177085436,-0.05987593778222849,-2.5161971536788035,-1.1045312226481323,-2.6387371478029666,-0.4629563779643828,0.00314386183432035,-0.38442349010301147,-3.6634810788008267,-0.8473996546126152,-0.8755552415277168,0.750638603870125,-0.8197345007192038,-1.3936221975967875,-1.9734429407126444,-0.46979130569731614,-3.7200040384213757,-5.047362608392831,-2.104706447670579,0.9662718322622266,-1.2013145411125323,-5.51990144882277,-1.8993062503812164,-4.9133948986524825,-2.538542441334934,-2.5279541519236917,-4.385118805294764,-1.4408855229592423,-2.5247179219128433,-1.8679698436064351,-0.2971657901629463,-2.045236055905295,0.5468314492796699,-2.8242007332766166,-3.6165499925521325,-0.36968894020745635,-4.647667420335672,-1.734446393927322,0.5366561525024668,-3.5297003732201837,-0.45629846531104856,0.6529122389835796,-2.007934717564759,0.4360146648100735,-0.0760285190036894,-0.9215945803576768,-5.385219333057131,-0.17178863033225505,0.4991221880865856,0.5242297927288502,0.5669450633682726,0.015308103824100852,-2.1884739648091998,-0.7245842158308112,0.03547539893906035,0.8223585057076963,-0.41069458975513773,-0.35891881082073485,0.5448502789724662,-0.9628764339330692,0.18427034309875848,-1.5241411519179204,0.8338827155785747,-0.7692771070247155,-0.32156014892988743,0.24767017333280897,-0.11159784383383158,1.0667612232209265,0.5076980485618322,-0.20115136376604226,-0.5981879821950951,-0.4585325867083964,-1.5426017899507838,0.4391028881464134,-0.07358837864752518,-3.3493017144291373,0.6235220981409407,-3.1278259852465693,0.8792257416859236,1.0362598506745686,-0.011502034797686503,-0.7508848894499257,-3.0907250277884115,-3.442318968555074,0.3200518478862915,-0.20179577744611288,-0.24856913965507524,0.10839068680919019,-0.33048845620609046,0.0744735925655648,-0.4795771806169341,-0.4876934029126917,0.11021129175144603,-1.7724099402549778,0.5822224523723422,0.4955258009564036,-1.216522979917702,-0.811342500255797,-0.3494096805847063,-0.49642507985993706,0.8445640912021979,-1.0838067711087318,-0.6305384919710011,1.3233381537266324,-0.5185161369063722,-0.7797240722595917,-36.84136148790472,-0.9945835792897965,-1.38300082659239,-2.567301040804094,-0.21424347333826319,-1.8780191450050419,-1.2081776405658256,-0.9963073324876494,-1.6478421639394691,-1.2829549910316702,0.27769483638076475,-0.48919192404975304,-1.6669679922112053,-1.4658806888040494,-5.252222381477017,-0.7248401918109368,-36.84136148790472,-3.59066367594047,-2.1302638382569206,-2.7329729994533913
-1.2868626144378392,-1.0029499992663333,-0.6582065340330989,-3.016351323953853,-0.12994828998513036,-3.7408589177085436,-0.05987593778222849,-2.5161971536788035,-1.1045312226481323,-2.6387371478029666,-0.4629563779643828,0.00314386183432035,-0.38442349010301147,-3.6634810788008267,-0.8473996546126152,-0.8755552415277168,0.750638603870125,-0.8197345007192038,-1.3936221975967875,-1.9734429407126444,-0.46979130569731614,-3.7200040384213757,-5.047362608392831,-2.104706447670579,0.9662718322622266,-1.2013145411125323,-5.51990144882277,-1.8993062503812164,-4.9133948986524825,-2.538542441334934,-2.5279541519236917,-4.385118805294764,-1.4408855229592423,-2.5247179219128433,-1.8679698436064351,-0.2971657901629463,-2.045236055905295,0.5468314492796699,-2.8242007332766166,-3.6165499925521325,-0.36968894020745635,-4.647667420335672,-1.734446393927322,0.5366561525024668,-3.5297003732201837,-0.45629846531104856,0.6529122389835796,-2.007934717564759,0.4360146648100735,-0.0760285190036894,-0.9215945803576768,-5.385219333057131,-0.17178863033225505,0.4991221880865856,0.5242297927288502,0.5669450633682726,0.015308103824100852,-2.1884739648091998,-0.7245842158308112,0.03547539893906035,0.8223585057076963,-0.41069458975513773,-0.35891881082073485,0.5448502789724662,-0.9628764339330692,0.18427034309875848,-1.5241411519179204,0.8338827155785747,-0.7692771070247155,-0.32156014892988743,0.24767017333280897,-0.11159784383383158,1.0667612232209265,0.5076980485618322,-0.20115136376604226,-0.5981879821950951,-0.4585325867083964,-1.5426017899507838,0.4391028881464134,-0.07358837864752518,-3.3493017144291373,0.6235220981409407,-3.1278259852465693,0.8792257416859236,1.0362598506745686,-0.011502034797686503,-0.7508848894499257,-3.0907250277884115,-3.442318968555074,0.3200518478862915,-0.20179577744611288,-0.24856913965507524,0.10839068680919019,-0.33048845620609046,0.0744735925655648,-0.4795771806169341,-0.4876934029126917,0.11021129175144603,-1.7724099402549778,0.5822224523723422,0.4955258009564036,-1.216522979917702,-0.811342500255797,-0.3494096805847063,-0.49642507985993706,0.8445640912021979,-1.0838067711087318,-0.6305384919710011,1.3233381537266324,-0.5185161369063722,-0.7797240722595917,-36.84136148790472,-0.9945835792897965,-1.38300082659239,-2.567301040804094,-0.21424347333826319,-1.8780191450050419,-1.2081776405658256,-0.9963073324876494,-1.6478421639394691,-1.2829549910316702,0.27769483638076475,-0.48919192404975304,-1.6669679922112053,-1.4658806888040494,-5.252222381477017,-0.7248401918109368,-36.84136148790472,-3.59066367594047,-2.1302638382569206,-2.7329729994533913
-1.2868626144378392,-1.0029499992663333,-0.6582065340330989,-3.016351323953853,-0.12994828998513036,-3.7408589177085436,-0.05987593778222849,-2.5161971536788035,-1.1045312226481323,-2.6387371478029666,-0.4629563779643828,0.00314386183432035,-0.38442349010301147,-3.6634810788008267,-0.8473996546126152,-0.8755552415277168,0.750638603870125,-0.8197345007192038,-1.3936221975967875,-1.9734429407126444,-0.46979130569731614,-3.7200040384213757,-5.047362608392831,-2.104706447670579,0.9662718322622266,-1.2013145411125323,-5.51990144882277,-1.8993062503812164,-4.9133948986524825,-2.538542441334934,-2.5279541519236917,-4.385118805294764,-1.4408855229592423,-2.5247179219128433,-1.8679698436064351,-0.2971657901629463,-2.045236055905295,0.5468314492796699,-2.8242007332766166,-3.6165499925521325,-0.36968894020745635,-4.647667420335672,-1.734446393927322,0.5366561525024668,-3.5297003732201837,-0.45629846531104856,0.6529122389835796,-2.007934717564759,0.4360146648100735,-0.0760285190036894,-0.9215945803576768,-5.385219333057131,-0.17178863033225505,0.4991221880865856,0.5242297927288502,0.5669450633682726,0.015308103824100852,-2.1884739648091998,-0.7245842158308112,0.03547539893906035,0.8223585057076963,-0.41069458975513773,-0.35891881082073485,0.5448502789724662,-0.9628764339330692,0.18427034309875848,-1.5241411519179204,0.8338827155785747,-0.7692771070247155,-0.32156014892988743,0.24767017333280897,-0.11159784383383158,1.0667612232209265,0.5076980485618322,-0.20115136376604226,-0.5981879821950951,-0.4585325867083964,-1.5426017899507838,0.4391028881464134,-0.07358837864752518,-3.3493017144291373,0.6235220981409407,-3.1278259852465693,0.8792257416859236,1.0362598506745686,-0.011502034797686503,-0.7508848894499257,-3.0907250277884115,-3.442318968555074,0.3200518478862915,-0.20179577744611288,-0.24856913965507524,0.10839068680919019,-0.33048845620609046,0.0744735925655648,-0.4795771806169341,-0.4876934029126917,0.11021129175144603,-1.7724099402549778,0.5822224523723422,0.4955258009564036,-1.216522979917702,-0.811342500255797,-0.3494096805847063,-0.49642507985993706,0.8445640912021979,-1.0838067711087318,-0.6305384919710011,1.3233381537266324,-0.5185161369063722,-0.7797240722595917,-36.84136148790472,-0.9945835792897965,-1.38300082659239,-2.567301040804094,-0.21424347333826319,-1.8780191450050419,-1.2081776405658256,-0.9963073324876494,-1.6478421639394691,-1.2829549910316702,0.27769483638076475,-0.48919192404975304,-1.6669679922112053,-1.4658806888040494,-5.252222381477017,-0.7248401918109368,-36.84136148790472,-3.59066367594047,-2.1302638382569206,-2.7329729994533913
-0.9127079940562521,-0.7864435126713932,-0.5071545562085631,-2.5449766411251145,-0.2293476280159613,-3.4611905641442893,0.4986270568782474,-2.163406093178766,-1.1854289825563484,-2.091132871101016,-0.49869592548368397,0.0323664707250781,-0.5188952103312995,-2.9266334941062033,-0.6227942125719484,-0.7388577873061272,0.7583916839946417,-0.3043419149867975,-0.9644757279412434,-1.8056985485678274,-0.9129383911438024,-2.7834152397140173,-4.508927965455201,-1.97689473957646,1.1044966882199618,-1.0769968836561727,-4.228609860699954,-1.8410717679651927,-4.719627229504997,-2.6421520752700567,-2.557148975682948,-2.749872952179379,-1.1631472426744807,-2.114785293290422,-1.3773246962605241,-0.11600680252257695,-1.6590689709879414,0.6128813611406664,-2.0457629218170297,-4.0433863991495596,-0.3242202856150873,-4.949060024904552,-1.9938842000089476,0.7859362794760281,-3.2049362622994897,-0.8342491269017129,0.6282149301604019,-2.2188741056698564,0.3974330914786218,-0.3299573283315467,-1.0086536359782738,-5.206591520709945,0.03749666048430802,0.2655522883780512,0.43612388064990654,0.8625093094430607,0.038919929246908805,-2.450922587390414,-1.0435282381146584,0.09325583525363099,1.0585415891702392,-0.28856947774594094,0.11184242822483954,0.32107824827872083,-0.8580391740959522,0.11956816234497639,-1.3055421628538137,0.8139402977743982,-0.7043101839369582,-0.2828103568114468,0.9909802481624628,0.01784783951389064,1.1077184648287162,0.5705157569358861,0.23936405737088154,-0.6384484758810782,-0.3781832595203196,-2.816930743938777,0.6411927638772686,-0.006983866446891696,-3.5010012598859688,0.7278989360338841,-2.9066811294574872,0.8356246006841572,1.3487701099341547,-0.49332895536907384,-0.5571129092430855,-2.806378268332052,-2.3666060987842705,-0.25128048100751416,0.039993129544908856,-0.3583469930982056,-0.021141773457997778,-0.19249763976533288,0.4873217636143398,-1.3479728826098385,0.27676570313742804,0.046002996733399956,-1.8044677203410204,0.5926227513033571,0.7679870315253614,-0.9531797126871191,-1.2532572496205265,-0.2966209174186326,-0.3014097861421813,0.8746319429352477,-0.7593411875034316,-0.6172473745676514,1.1679060697773442,-0.4282555755061051,0.09705782404890793,-4.238148396664237,-0.11850051463085577,-0.8113499587254607,-1.7997601101830474,0.07057299847126207,-1.0161880604221643,-2.406425338863185,-0.6278105309794998,-1.0767325786094204,-1.8791809284604046,0.4652961047833771,-0.7166545909739546,-1.1788604206037405,-0.7696037357795039,-3.040018966142679,1.408440742718356,-4.238148396664237,-2.577288321357925,-1.5776853096424732,-2.7541809725824713
-1.2868626144378392,-1.0029499992663333,-0.6582065340330989,-3.016351323953853,-0.12994828998513036,-3.7408589177085436,-0.05987593778222849,-2.5161971536788035,-1.1045312226481323,-2.6387371478029666,-0.4629563779643828,0.00314386183432035,-0.38442349010301147,-3.6634810788008267,-0.8473996546126152,-0.8755552415277168,0.750638603870125,-0.8197345007192038,-1.3936221975967875,-1.9734429407126444,-0.46979130569731614,-3.7200040384213757,-5.047362608392831,-2.104706447670579,0.9662718322622266,-1.2013145411125323,-5.51990144882277,-1.8993062503812164,-4.9133948986524825,-2.538542441334934,-2.5279541519236917,-4.385118805294764,-1.4408855229592423,-2.5247179219128433,-1.8679698436064351,-0.2971657901629463,-2.045236055905295,0.5468314492796699,-2.8242007332766166,-3.6165499925521325,-0.36968894020745635,-4.647667420335672,-1.734446393927322,0.5366561525024668,-3.5297003732201837,-0.45629846531104856,0.6529122389835796,-2.007934717564759,0.4360146648100735,-0.0760285190036894,-0.9215945803576768,-5.385219333057131,-0.17178863033225505,0.4991221880865856,0.5242297927288502,0.5669450633682726,0.015308103824100852,-2.1884739648091998,-0.7245842158308112,0.03547539893906035,0.8223585057076963,-0.41069458975513773,-0.35891881082073485,0.5448502789724662,-0.9628764339330692,0.18427034309875848,-1.5241411519179204,0.8338827155785747,-0.7692771070247155,-0.32156014892988743,0.24767017333280897,-0.11159784383383158,1.0667612232209265,0.5076980485618322,-0.20115136376604226,-0.5981879821950951,-0.4585325867083964,-1.5426017899507838,0.4391028881464134,-0.07358837864752518,-3.3493017144291373,0.6235220981409407,-3.1278259852465693,0.8792257416859236,1.0362598506745686,-0.011502034797686503,-0.7508848894499257,-3.0907250277884115,-3.442318968555074,0.3200518478862915,-0.20179577744611288,-0.24856913965507524,0.10839068680919019,-0.33048845620609046,0.0744735925655648,-0.4795771806169341,-0.4876934029126917,0.11021129175144603,-1.7724099402549778,0.5822224523723422,0.4955258009564036,-1.216522979917702,-0.811342500255797,-0.3494096805847063,-0.49642507985993706,0.8445640912021979,-1.0838067711087318,-0.6305384919710011,1.3233381537266324,-0.5185161369063722,-0.7797240722595917,-36.84136148790472,-0.9945835792897965,-1.38300082659239,-2.567301040804094,-0.21424347333826319,-1.8780191450050419,-1.2081776405658256,-0.9963073324876494,-1.6478421639394691,-1.2829549910316702,0.27769483638076475,-0.48919192404975304,-1.6669679922112053,-1.4658806888040494,-5.252222381477017,-0.7248401918109368,-36.84136148790472,-3.59066367594047,-2.1302638382569206,-2.7329729994533913
-1.2868626144378392,-1.0029499992663333,-0.6582065340330989,-3.016351323953853,-0.12994828998513036,-3.7408589177085436,-0.05987593778222849,-2.5161971536788035,-1.1045312226481323,-2.6387371478029666,-0.4629563779643828,0.00314386183432035,-0.38442349010301147,-3.6634810788008267,-0.8473996546126152,-0.8755552415277168,0.750638603870125,-0.8197345007192038,-1.3936221975967875,-1.9734429407126444,-0.46979130569731614,-3.7200040384213757,-5.047362608392831,-2.104706447670579,0.9662718322622266,-1.2013145411125323,-5.51990144882277,-1.8993062503812164,-4.9133948986524825,-2.538542441334934,-2.5279541519236917,-4.385118805294764,-1.4408855229592423,-2.5247179219128433,-1.8679698436064351,-0.2971657901629463,-2.045236055905295,0.5468314492796699,-2.8242007332766166,-3.6165499925521325,-0.36968894020745635,-4.647667420335672,-1.734446393927322,0.5366561525024668,-3.5297003732201837,-0.45629846531104856,0.6529122389835796,-2.007934717564759,0.4360146648100735,-0.0760285190036894,-0.9215945803576768,-5.385219333057131,-0.17178863033225505,0.4991221880865856,0.5242297927288502,0.5669450633682726,0.015308103824100852,-2.1884739648091998,-0.7245842158308112,0.03547539893906035,0.8223585057076963,-0.41069458975513773,-0.35891881082073485,0.5448502789724662,-0.9628764339330692,0.18427034309875848,-1.5241411519179204,0.8338827155785747,-0.7692771070247155,-0.32156014892988743,0.24767017333280897,-0.11159784383383158,1.0667612232209265,0.5076980485618322,-0.20115136376604226,-0.5981879821950951,-0.4585325867083964,-1.5426017899507838,0.4391028881464134,-0.07358837864752518,-3.3493017144291373,0.6235220981409407,-3.1278259852465693,0.8792257416859236,1.0362598506745686,-0.011502034797686503,-0.7508848894499257,-3.0907250277884115,-3.442318968555074,0.3200518478862915,-0.20179577744611288,-0.24856913965507524,0.10839068680919019,-0.33048845620609046,0.0744735925655648,-0.4795771806169341,-0.4876934029126917,0.11021129175144603,-1.7724099402549778,0.5822224523723422,0.4955258009564036,-1.216522979917702,-0.811342500255797,-0.3494096805847063,-0.49642507985993706,0.8445640912021979,-1.0838067711087318,-0.6305384919710011,1.3233381537266324,-0.5185161369063722,-0.7797240722595917,-36.84136148790472,-0.9945835792897965,-1.38300082659239,-2.567301040804094,-0.21424347333826319,-1.8780191450050419,-1.2081776405658256,-0.9963073324876494,-1.6478421639394691,-1.2829549910316702,0.27769483638076475,-0.48919192404975304,-1.6669679922112053,-1.4658806888040494,-5.252222381477017,-0.7248401918109368,-36.84136148790472,-3.59066367594047,-2.1302638382569206,-2.7329729994533913
-1.2868626144378392,-1.0029499992663333,-0.6582065340330989,-3.016351323953853,-0.12994828998513036,-3.7408589177085436,-0.05987593778222849,-2.5161971536788035,-1.1045312226481323,-2.6387371478029666,-0.4629563779643828,0.00314386183432035,-0.38442349010301147,-3.6634810788008267,-0.8473996546126152,-0.8755552415277168,0.750638603870125,-0.8197345007192038,-1.3936221975967875,-1.9734429407126444,-0.46979130569731614,-3.7200040384213757,-5.047362608392831,-2.104706447670579,0.9662718322622266,-1.2013145411125323,-5.51990144882277,-1.8993062503812164,-4.9133948986524825,-2.538542441334934,-2.5279541519236917,-4.385118805294764,-1.4408855229592423,-2.5247179219128433,-1.8679698436064351,-0.2971657901629463,-2.045236055905295,0.5468314492796699,-2.8242007332766166,-3.6165499925521325,-0.36968894020745635,-4.647667420335672,-1.734446393927322,0.5366561525024668,-3.5297003732201837,-0.45629846531104856,0.6529122389835796,-2.007934717564759,0.4360146648100735,-0.0760285190036894,-0.9215945803576768,-5.385219333057131,-0.17178863033225505,0.4991221880865856,0.5242297927288502,0.5669450633682726,0.015308103824100852,-2.1884739648091998,-0.7245842158308112,0.03547539893906035,0.8223585057076963,-0.41069458975513773,-0.35891881082073485,0.5448502789724662,-0.9628764339330692,0.18427034309875848,-1.5241411519179204,0.8338827155785747,-0.7692771070247155,-0.32156014892988743,0.24767017333280897,-0.11159784383383158,1.0667612232209265,0.5076980485618322,-0.20115136376604226,-0.5981879821950951,-0.4585325867083964,-1.5426017899507838,0.4391028881464134,-0.07358837864752518,-3.3493017144291373,0.6235220981409407,-3.1278259852465693,0.8792257416859236,1.0362598506745686,-0.011502034797686503,-0.7508848894499257,-3.0907250277884115,-3.442318968555074,0.3200518478862915,-0.20179577744611288,-0.24856913965507524,0.10839068680919019,-0.33048845620609046,0.0744735925655648,-0.4795771806169341,-0.4876934029126917,0.11021129175144603,-1.7724099402549778,0.5822224523723422,0.4955258009564036,-1.216522979917702,-0.811342500255797,-0.3494096805847063,-0.49642507985993706,0.8445640912021979,-1.0838067711087318,-0.6305384919710011,1.3233381537266324,-0.5185161369063722,-0.7797240722595917,-36.84136148790472,-0.9945835792897965,-1.38300082659239,-2.567301040804094,-0.21424347333826319,-1.8780191450050419,-1.2081776405658256,-0.9963073324876494,-1.6478421639394691,-1.2829549910316702,0.27769483638076475,-0.48919192404975304,-1.6669679922112053,-1.4658806888040494,-5.252222381477017,-0.7248401918109368,-36.84136148790472,-3.59066367594047,-2.1302638382569206,-2.7329729994533913
-1.2868626144378392,-1.0029499992663333,-0.6582065340330989,-3.016351323953853,-0.12994828998513036,-3.7408589177085436,-0.05987593778222849,-2.5161971536788035,-1.1045312226481323,-2.6387371478029666,-0.4629563779643828,0.00314386183432035,-0.38442349010301147,-3.6634810788008267,-0.8473996546126152,-0.8755552415277168,0.750638603870125,-0.8197345007192038,-1.3936221975967875,-1.9734429407126444,-0.46979130569731614,-3.7200040384213757,-5.047362608392831,-2.104706447670579,0.9662718322622266,-1.2013145411125323,-5.51990144882277,-1.8993062503812164,-4.9133948986524825,-2.538542441334934,-2.5279541519236917,-4.385118805294764,-1.4408855229592423,-2.5247179219128433,-1.8679698436064351,-0.2971657901629463,-2.045236055905295,0.5468314492796699,-2.8242007332766166,-3.6165499925521325,-0.36968894020745635,-4.647667420335672,-1.734446393927322,0.5366561525024668,-3.5297003732201837,-0.45629846531104856,0.6529122389835796,-2.007934717564759,0.4360146648100735,-0.0760285190036894,-0.9215945803576768,-5.385219333057131,-0.17178863033225505,0.4991221880865856,0.5242297927288502,0.5669450633682726,0.015308103824100852,-2.1884739648091998,-0.7245842158308112,0.03547539893906035,0.8223585057076963,-0.41069458975513773,-0.35891881082073485,0.5448502789724662,-0.9628764339330692,0.18427034309875848,-1.5241411519179204,0.8338827155785747,-0.7692771070247155,-0.32156014892988743,0.24767017333280897,-0.11159784383383158,1.0667612232209265,0.5076980485618322,-0.20115136376604226,-0.5981879821950951,-0.4585325867083964,-1.5426017899507838,0.4391028881464134,-0.07358837864752518,-3.3493017144291373,0.6235220981409407,-3.1278259852465693,0.8792257416859236,1.0362598506745686,-0.011502034797686503,-0.7508848894499257,-3.0907250277884115,-3.442318968555074,0.3200518478862915,-0.20179577744611288,-0.24856913965507524,0.10839068680919019,-0.33048845620609046,0.0744735925655648,-0.4795771806169341,-0.4876934029126917,0.11021129175144603,-1.7724099402549778,0.5822224523723422,0.4955258009564036,-1.216522979917702,-0.811342500255797,-0.3494096805847063,-0.49642507985993706,0.8445640912021979,-1.0838067711087318,-0.6305384919710011,1.3233381537266324,-0.5185161369063722,-0.7797240722595917,-36.84136148790472,-0.9945835792897965,-1.38300082659239,-2.567301040804094,-0.21424347333826319,-1.8780191450050419,-1.2081776405658256,-0.9963073324876494,-1.6478421639394691,-1.2829549910316702,0.27769483638076475,-0.48919192404975304,-1.6669679922112053,-1.4658806888040494,-5.252222381477017,-0.7248401918109368,-36.84136148790472,-3.59066367594047,-2.1302638382569206,-2.7329729994533913
-1.4929373790851481,-0.7917076065432833,-0.8403799144541726,-1.9833570519679735,0.3688201541943327,-4.3059690215583,-0.41884829382963373,-0.8646426732291236,-0.8463282687856465,0.3391615034441252,-0.5872570376093552,-0.16626622774427452,-0.2763934194082067,-2.5276647602744187,-1.1422193836433783,-1.3181212644390312,0.46210864916194355,-0.670163367844898,-1.128593734725935,-1.237242522398941,0.11388712801526807,-2.7940173791584644,-3.6259683695267855,-2.2899397450283385,0.7842331282277893,-0.5866537143636454,-4.210401479550026,-1.7510260388312335,-3.026603526863969,-1.1589937273915134,-4.244995996699225,-2.751941466895836,-0.9762100666792728,-1.9743656410083046,-2.2987585123471126,-2.2309466370718973,-1.9983195025784468,0.08543429539829604,-1.667049268993944,-3.32272060088829,-0.6217615351897151,-3.835766105857125,-2.010714093258958,0.2745950292084718,-2.518620215484122,-0.25723832299033467,0.580569231360934,-1.8325048011320948,-0.06972697461611224,-0.1892663081284159,-0.6565925602405976,-35.46881761380639,-0.09665415503062015,0.6357115211407101,0.7145208827073689,-0.8190035963708437,-0.45842614701835604,-2.383771598625273,-0.41176858952453804,-0.08073711445092521,1.2440506484268332,-0.6556235368982131,-0.5347513276067327,0.7549592133934344,-0.8699985160543277,0.044017250889930665,-1.5975629971002128,0.5577833466115047,-0.8013626053916013,-0.3191606623306367,0.5712933825128353,0.5062201487090345,0.284756995431345,0.6820152397918542,-0.4598508257179783,-0.793063052835325,-0.5894042731940018,-0.279864495044036,0.4650223417669369,0.394682087337827,-2.645669646138046,0.6536774242497972,-2.245489782348058,1.1103210853566825,0.3921634786849713,0.33780890337784636,-1.1629598919762902,-2.5742552650440187,-3.1661853035909795,0.7064544509527694,0.07476008003667396,-0.5950134363211417,0.1245876393976718,-0.4510276421968367,0.2298135531356583,-0.28092141369884416,-2.63307208100828,-1.4376448497648568,-1.1530803462786627,0.4410505952600502,0.6045178469605096,-1.1063962373937914,-0.863750294851669,0.41178641680779693,-0.41780171738462674,0.3219593344024544,-1.365838107534854,-0.39921051922573864,1.3393109931611584,-1.0363700347820317,-0.5392397656781865,-3.6932047351450294,-0.8201362798452461,-1.2295040307540295,-0.9643193891386292,-0.7558448712968505,-1.34064889349823,-1.7243084785320468,-0.11816523444871202,-1.0813136259929934,-1.1449060784269696,0.49806278506133256,-0.6627779132861661,-1.2490919695255351,-2.027052787659436,-3.9911375293634883,-1.5955239283442968,-3.6932047351450294,-3.3784837300845303,-2.1116617002462603,-1.1917644267604992
-1.4929373790851481,-0.7917076065432833,-0.8403799144541726,-1.9833570519679735,0.3688201541943327,-4.3059690215583,-0.41884829382963373,-0.8646426732291236,-0.8463282687856465,0.3391615034441252,-0.5872570376093552,-0.16626622774427452,-0.2763934194082067,-2.5276647602744187,-1.1422193836433783,-1.3181212644390312,0.46210864916194355,-0.670163367844898,-1.128593734725935,-1.237242522398941,0.11388712801526807,-2.7940173791584644,-3.6259683695267855,-2.2899397450283385,0.7842331282277893,-0.5866537143636454,-4.210401479550026,-1.7510260388312335,-3.026603526863969,-1.1589937273915134,-4.244995996699225,-2.751941466895836,-0.9762100666792728,-1.9743656410083046,-2.2987585123471126,-2.2309466370718973,-1.9983195025784468,0.08543429539829604,-1.667049268993944,-3.32272060088829,-0.6217615351897151,-3.835766105857125,-2.010714093258958,0.2745950292084718,-2.518620215484122,-0.25723832299033467,0.580569231360934,-1.8325048011320948,-0.06972697461611224,-0.1892663081284159,-0.6565925602405976,-35.46881761380639,-0.09665415503062015,0.6357115211407101,0.7145208827073689,-0.8190035963708437,-0.45842614701835604,-2.383771598625273,-0.41176858952453804,-0.08073711445092521,1.2440506484268332,-0.6556235368982131,-0.5347513276067327,0.7549592133934344,-0.8699985160543277,0.044017250889930665,-1.5975629971002128,0.5577833466115047,-0.8013626053916013,-0.3191606623306367,0.5712933825128353,0.5062201487090345,0.284756995431345,0.6820152397918542,-0.4598508257179783,-0.793063052835325,-0.5894042731940018,-0.279864495044036,0.4650223417669369,0.394682087337827,-2.645669646138046,0.6536774242497972,-2.245489782348058,1.1103210853566825,0.3921634786849713,0.33780890337784636,-1.1629598919762902,-2.5742552650440187,-3.1661853035909795,0.7064544509527694,0.07476008003667396,-0.5950134363211417,0.1245876393976718,-0.4510276421968367,0.2298135531356583,-0.28092141369884416,-2.63307208100828,-1.4376448497648568,-1.1530803462786627,0.4410505952600502,0.6045178469605096,-1.1063962373937914,-0.863750294851669,0.41178641680779693,-0.41780171738462674,0.3219593344024544,-1.365838107534854,-0.39921051922573864,1.3393109931611584,-1.0363700347820317,-0.5392397656781865,-3.6932047351450294,-0.8201362798452461,-1.2295040307540295,-0.9643193891386292,-0.7558448712968505,-1.34064889349823,-1.7243084785320468,-0.11816523444871202,-1.0813136259929934,-1.1449060784269696,0.49806278506133256,-0.6627779132861661,-1.2490919695255351,-2.027052787659436,-3.9911375293634883,-1.5955239283442968,-3.6932047351450294,-3.3784837300845303,-2.1116617002462603,-1.1917644267604992
-1.4929373790851481,-0.7917076065432833,-0.8403799144541726,-1.9833570519679735,0.3688201541943327,-4.3059690215583,-0.41884829382963373,-0.8646426732291236,-0.8463282687856465,0.3391615034441252,-0.5872570376093552,-0.16626622774427452,-0.2763934194082067,-2.5276647602744187,-1.1422193836433783,-1.3181212644390312,0.46210864916194355,-0.670163367844898,-1.128593734725935,-1.237242522398941,0.11388712801526807,-2.7940173791584644,-3.6259683695267855,-2.2899397450283385,0.7842331282277893,-0.5866537143636454,-4.210401479550026,-1.7510260388312335,-3.026603526863969,-1.1589937273915134,-4.244995996699225,-2.751941466895836,-0.9762100666792728,-1.9743656410083046,-2.2987585123471126,-2.2309466370718973,-1.9983195025784468,0.08543429539829604,-1.667049268993944,-3.32272060088829,-0.6217615351897151,-3.835766105857125,-2.010714093258958,0.2745950292084718,-2.518620215484122,-0.25723832299033467,0.580569231360934,-1.8325048011320948,-0.06972697461611224,-0.1892663081284159,-0.6565925602405976,-35.46881761380639,-0.09665415503062015,0.6357115211407101,0.7145208827073689,-0.8190035963708437,-0.45842614701835604,-2.383771598625273,-0.41176858952453804,-0.08073711445092521,1.2440506484268332,-0.6556235368982131,-0.5347513276067327,0.7549592133934344,-0.8699985160543277,0.044017250889930665,-1.5975629971002128,0.5577833466115047,-0.8013626053916013,-0.3191606623306367,0.5712933825128353,0.5062201487090345,0.284756995431345,0.6820152397918542,-0.4598508257179783,-0.793063052835325,-0.5894042731940018,-0.279864495044036,0.4650223417669369,0.394682087337827,-2.645669646138046,0.6536774242497972,-2.245489782348058,1.1103210853566825,0.3921634786849713,0.33780890337784636,-1.1629598919762902,-2.5742552650440187,-3.1661853035909795,0.7064544509527694,0.07476008003667396,-0.5950134363211417,0.1245876393976718,-0.4510276421968367,0.2298135531356583,-0.28092141369884416,-2.63307208100828,-1.4376448497648568,-1.1530803462786627,0.4410505952600502,0.6045178469605096,-1.1063962373937914,-0.863750294851669,0.41178641680779693,-0.41780171738462674,0.3219593344024544,-1.365838107534854,-0.39921051922573864,1.3393109931611584,-1.0363700347820317,-0.5392397656781865,-3.6932047351450294,-0.8201362798452461,-1.2295040307540295,-0.9643193891386292,-0.7558448712968505,-1.34064889349823,-1.7243084785320468,-0.11816523444871202,-1.0813136259929934,-1.1449060784269696,0.49806278506133256,-0.6627779132861661,-1.2490919695255351,-2.027052787659436,-3.9911375293634883,-1.5955239283442968,-3.6932047351450294,-3.3784837300845303,-2.1116617002462603,-1.1917644267604992
-1.4929373790851481,-0.7917076065432833,-0.8403799144541726,-1.9833570519679735,0.3688201541943327,-4.3059690215583,-0.41884829382963373,-0.8646426732291236,-0.8463282687856465,0.3391615034441252,-0.5872570376093552,-0.16626622774427452,-0.2763934194082067,-2.5276647602744187,-1.1422193836433783,-1.3181212644390312,0.46210864916194355,-0.670163367844898,-1.128593734725935,-1.237242522398941,0.11388712801526807,-2.7940173791584644,-3.6259683695267855,-2.2899397450283385,0.7842331282277893,-0.5866537143636454,-4.210401479550026,-1.7510260388312335,-3.026603526863969,-1.1589937273915134,-4.244995996699225,-2.751941466895836,-0.9762100666792728,-1.9743656410083046,-2.2987585123471126,-2.2309466370718973,-1.9983195025784468,0.08543429539829604,-1.667049268993944,-3.32272060088829,-0.6217615351897151,-3.835766105857125,-2.010714093258958,0.2745950292084718,-2.518620215484122,-0.25723832299033467,0.580569231360934,-1.8325048011320948,-0.06972697461611224,-0.1892663081284159,-0.6565925602405976,-35.46881761380639,-0.09665415503062015,0.6357115211407101,0.7145208827073689,-0.8190035963708437,-0.45842614701835604,-2.383771598625273,-0.41176858952453804,-0.08073711445092521,1.2440506484268332,-0.6556235368982131,-0.5347513276067327,0.7549592133934344,-0.8699985160543277,0.044017250889930665,-1.5975629971002128,0.5577833466115047,-0.8013626053916013,-0.3191606623306367,0.5712933825128353,0.5062201487090345,0.284756995431345,0.6820152397918542,-0.4598508257179783,-0.793063052835325,-0.5894042731940018,-0.279864495044036,0.4650223417669369,0.394682087337827,-2.645669646138046,0.6536774242497972,-2.245489782348058,1.1103210853566825,0.3921634786849713,0.33780890337784636,-1.1629598919762902,-2.5742552650440187,-3.1661853035909795,0.7064544509527694,0.07476008003667396,-0.5950134363211417,0.1245876393976718,-0.4510276421968367,0.2298135531356583,-0.28092141369884416,-2.63307208100828,-1.4376448497648568,-1.1530803462786627,0.4410505952600502,0.6045178469605096,-1.1063962373937914,-0.863750294851669,0.41178641680779693,-0.41780171738462674,0.3219593344024544,-1.365838107534854,-0.39921051922573864,1.3393109931611584,-1.0363700347820317,-0.5392397656781865,-3.6932047351450294,-0.8201362798452461,-1.2295040307540295,-0.9643193891386292,-0.7558448712968505,-1.34064889349823,-1.7243084785320468,-0.11816523444871202,-1.0813136259929934,-1.1449060784269696,0.49806278506133256,-0.6627779132861661,-1.2490919695255351,-2.027052787659436,-3.9911375293634883,-1.5955239283442968,-3.6932047351450294,-3.3784837300845303,-2.1116617002462603,-1.1917644267604992
-1.4929373790851481,-0.7917076065432833,-0.8403799144541726,-1.9833570519679735,0.3688201541943327,-4.3059690215583,-0.41884829382963373,-0.8646426732291236,-0.8463282687856465,0.3391615034441252,-0.5872570376093552,-0.16626622774427452,-0.2763934194082067,-2.5276647602744187,-1.1422193836433783,-1.3181212644390312,0.46210864916194355,-0.670163367844898,-1.128593734725935,-1.237242522398941,0.11388712801526807,-2.7940173791584644,-3.6259683695267855,-2.2899397450283385,0.7842331282277893,-0.5866537143636454,-4.210401479550026,-1.7510260388312335,-3.026603526863969,-1.1589937273915134,-4.244995996699225,-2.751941466895836,-0.9762100666792728,-1.9743656410083046,-2.2987585123471126,-2.2309466370718973,-1.9983195025784468,0.08543429539829604,-1.667049268993944,-3.32272060088829,-0.6217615351897151,-3.835766105857125,-2.010714093258958,0.2745950292084718,-2.518620215484122,-0.25723832299033467,0.580569231360934,-1.8325048011320948,-0.06972697461611224,-0.1892663081284159,-0.6565925602405976,-35.46881761380639,-0.09665415503062015,0.6357115211407101,0.7145208827073689,-0.8190035963708437,-0.45842614701835604,-2.383771598625273,-0.41176858952453804,-0.08073711445092521,1.2440506484268332,-0.6556235368982131,-0.5347513276067327,0.7549592133934344,-0.8699985160543277,0.044017250889930665,-1.5975629971002128,0.5577833466115047,-0.8013626053916013,-0.3191606623306367,0.5712933825128353,0.5062201487090345,0.284756995431345,0.6820152397918542,-0.4598508257179783,-0.793063052835325,-0.5894042731940018,-0.279864495044036,0.4650223417669369,0.394682087337827,-2.645669646138046,0.6536774242497972,-2.245489782348058,1.1103210853566825,0.3921634786849713,0.33780890337784636,-1.1629598919762902,-2.5742552650440187,-3.1661853035909795,0.7064544509527694,0.07476008003667396,-0.5950134363211417,0.1245876393976718,-0.4510276421968367,0.2298135531356583,-0.28092141369884416,-2.63307208100828,-1.4376448497648568,-1.1530803462786627,0.4410505952600502,0.6045178469605096,-1.1063962373937914,-0.863750294851669,0.41178641680779693,-0.41780171738462674,0.3219593344024544,-1.365838107534854,-0.39921051922573864,1.3393109931611584,-1.0363700347820317,-0.5392397656781865,-3.6932047351450294,-0.8201362798452461,-1.2295040307540295,-0.9643193891386292,-0.7558448712968505,-1.34064889349823,-1.7243084785320468,-0.11816523444871202,-1.0813136259929934,-1.1449060784269696,0.49806278506133256,-0.6627779132861661,-1.2490919695255351,-2.027052787659436,-3.9911375293634883,-1.5955239283442968,-3.6932047351450294,-3.3784837300845303,-2.1116617002462603,-1.1917644267604992
-1.4929373790851481,-0.7917076065432833,-0.8403799144541726,-1.9833570519679735,0.3688201541943327,-4.3059690215583,-0.41884829382963373,-0.8646426732291236,-0.8463282687856465,0.3391615034441252,-0.5872570376093552,-0.16626622774427452,-0.2763934194082067,-2.5276647602744187,-1.1422193836433783,-1.3181212644390312,0.46210864916194355,-0.670163367844898,-1.128593734725935,-1.237242522398941,0.11388712801526807,-2.7940173791584644,-3.6259683695267855,-2.2899397450283385,0.7842331282277893,-0.5866537143636454,-4.210401479550026,-1.7510260388312335,-3.026603526863969,-1.1589937273915134,-4.244995996699225,-2.751941466895836,-0.9762100666792728,-1.9743656410083046,-2.2987585123471126,-2.2309466370718973,-1.9983195025784468,0.08543429539829604,-1.667049268993944,-3.32272060088829,-0.6217615351897151,-3.835766105857125,-2.010714093258958,0.2745950292084718,-2.518620215484122,-0.25723832299033467,0.580569231360934,-1.8325048011320948,-0.06972697461611224,-0.1892663081284159,-0.6565925602405976,-35.46881761380639,-0.09665415503062015,0.6357115211407101,0.7145208827073689,-0.8190035963708437,-0.45842614701835604,-2.383771598625273,-0.41176858952453804,-0.08073711445092521,1.2440506484268332,-0.6556235368982131,-0.5347513276067327,0.7549592133934344,-0.8699985160543277,0.044017250889930665,-1.5975629971002128,0.5577833466115047,-0.8013626053916013,-0.3191606623306367,0.5712933825128353,0.5062201487090345,0.284756995431345,0.6820152397918542,-0.4598508257179783,-0.793063052835325,-0.5894042731940018,-0.279864495044036,0.4650223417669369,0.394682087337827,-2.645669646138046,0.6536774242497972,-2.245489782348058,1.1103210853566825,0.3921634786849713,0.33780890337784636,-1.1629598919762902,-2.5742552650440187,-3.1661853035909795,0.7064544509527694,0.07476008003667396,-0.5950134363211417,0.1245876393976718,-0.4510276421968367,0.2298135531356583,-0.28092141369884416,-2.63307208100828,-1.4376448497648568,-1.1530803462786627,0.4410505952600502,0.6045178469605096,-1.1063962373937914,-0.863750294851669,0.41178641680779693,-0.41780171738462674,0.3219593344024544,-1.365838107534854,-0.39921051922573864,1.3393109931611584,-1.0363700347820317,-0.5392397656781865,-3.6932047351450294,-0.8201362798452461,-1.2295040307540295,-0.9643193891386292,-0.7558448712968505,-1.34064889349823,-1.7243084785320468,-0.11816523444871202,-1.0813136259929934,-1.1449060784269696,0.49806278506133256,-0.6627779132861661,-1.2490919695255351,-2.027052787659436,-3.9911375293634883,-1.5955239283442968,-3.6932047351450294,-3.3784837300845303,-2.1116617002462603,-1.1917644267604992
-1.4929373790851481,-0.7917076065432833,-0.8403799144541726,-1.9833570519679735,0.3688201541943327,-4.3059690215583,-0.41884829382963373,-0.8646426732291236,-0.8463282687856465,0.3391615034441252,-0.5872570376093552,-0.16626622774427452,-0.2763934194082067,-2.5276647602744187,-1.1422193836433783,-1.3181212644390312,0.46210864916194355,-0.670163367844898,-1.128593734725935,-1.237242522398941,0.11388712801526807,-2.7940173791584644,-3.6259683695267855,-2.2899397450283385,0.7842331282277893,-0.5866537143636454,-4.210401479550026,-1.7510260388312335,-3.026603526863969,-1.1589937273915134,-4.244995996699225,-2.751941466895836,-0.9762100666792728,-1.9743656410083046,-2.2987585123471126,-2.2309466370718973,-1.9983195025784468,0.08543429539829604,-1.667049268993944,-3.32272060088829,-0.6217615351897151,-3.835766105857125,-2.010714093258958,0.2745950292084718,-2.518620215484122,-0.25723832299033467,0.580569231360934,-1.8325048011320948,-0.06972697461611224,-0.1892663081284159,-0.6565925602405976,-35.46881761380639,-0.09665415503062015,0.6357115211407101,0.7145208827073689,-0.8190035963708437,-0.45842614701835604,-2.383771598625273,-0.41176858952453804,-0.08073711445092521,1.2440506484268332,-0.6556235368982131,-0.5347513276067327,0.7549592133934344,-0.8699985160543277,0.044017250889930665,-1.5975629971002128,0.5577833466115047,-0.8013626053916013,-0.3191606623306367,0.5712933825128353,0.5062201487090345,0.284756995431345,0.6820152397918542,-0.4598508257179783,-0.793063052835325,-0.5894042731940018,-0.279864495044036,0.4650223417669369,0.394682087337827,-2.645669646138046,0.6536774242497972,-2.245489782348058,1.1103210853566825,0.3921634786849713,0.33780890337784636,-1.1629598919762902,-2.5742552650440187,-3.1661853035909795,0.7064544509527694,0.07476008003667396,-0.5950134363211417,0.1245876393976718,-0.4510276421968367,0.2298135531356583,-0.28092141369884416,-2.63307208100828,-1.4376448497648568,-1.1530803462786627,0.4410505952600502,0.6045178469605096,-1.1063962373937914,-0.863750294851669,0.41178641680779693,-0.41780171738462674,0.3219593344024544,-1.365838107534854,-0.39921051922573864,1.3393109931611584,-1.0363700347820317,-0.5392397656781865,-3.6932047351450294,-0.8201362798452461,-1.2295040307540295,-0.9643193891386292,-0.7558448712968505,-1.34064889349823,-1.7243084785320468,-0.11816523444871202,-1.0813136259929934,-1.1449060784269696,0.49806278506133256,-0.6627779132861661,-1.2490919695255351,-2.027052787659436,-3.9911375293634883,-1.5955239283442968,-3.6932047351450294,-3.3784837300845303,-2.1116617002462603,-1.1917644267604992
-1.4929373790851481,-0.7917076065432833,-0.8403799144541726,-1.9833570519679735,0.3688201541943327,-4.3059690215583,-0.41884829382963373,-0.8646426732291236,-0.8463282687856465,0.3391615034441252,-0.5872570376093552,-0.16626622774427452,-0.2763934194082067,-2.5276647602744187,-1.1422193836433783,-1.3181212644390312,0.46210864916194355,-0.670163367844898,-1.128593734725935,-1.237242522398941,0.11388712801526807,-2.7940173791584644,-3.6259683695267855,-2.2899397450283385,0.7842331282277893,-0.5866537143636454,-4.210401479550026,-1.7510260388312335,-3.026603526863969,-1.1589937273915134,-4.244995996699225,-2.751941466895836,-0.9762100666792728,-1.9743656410083046,-2.2987585123471126,-2.2309466370718973,-1.9983195025784468,0.08543429539829604,-1.667049268993944,-3.32272060088829,-0.6217615351897151,-3.835766105857125,-2.010714093258958,0.2745950292084718,-2.518620215484122,-0.25723832299033467,0.580569231360934,-1.8325048011320948,-0.06972697461611224,-0.1892663081284159,-0.6565925602405976,-35.46881761380639,-0.09665415503062015,0.6357115211407101,0.7145208827073689,-0.8190035963708437,-0.45842614701835604,-2.383771598625273,-0.41176858952453804,-0.08073711445092521,1.2440506484268332,-0.6556235368982131,-0.5347513276067327,0.7549592133934344,-0.8699985160543277,0.044017250889930665,-1.5975629971002128,0.5577833466115047,-0.8013626053916013,-0.3191606623306367,0.5712933825128353,0.5062201487090345,0.284756995431345,0.6820152397918542,-0.4598508257179783,-0.793063052835325,-0.5894042731940018,-0.279864495044036,0.4650223417669369,0.394682087337827,-2.645669646138046,0.6536774242497972,-2.245489782348058,1.1103210853566825,0.3921634786849713,0.33780890337784636,-1.1629598919762902,-2.5742552650440187,-3.1661853035909795,0.7064544509527694,0.07476008003667396,-0.5950134363211417,0.1245876393976718,-0.4510276421968367,0.2298135531356583,-0.28092141369884416,-2.63307208100828,-1.4376448497648568,-1.1530803462786627,0.4410505952600502,0.6045178469605096,-1.1063962373937914,-0.863750294851669,0.41178641680779693,-0.41780171738462674,0.3219593344024544,-1.365838107534854,-0.39921051922573864,1.3393109931611584,-1.0363700347820317,-0.5392397656781865,-3.6932047351450294,-0.8201362798452461,-1.2295040307540295,-0.9643193891386292,-0.7558448712968505,-1.34064889349823,-1.7243084785320468,-0.11816523444871202,-1.0813136259929934,-1.1449060784269696,0.49806278506133256,-0.6627779132861661,-1.2490919695255351,-2.027052787659436,-3.9911375293634883,-1.5955239283442968,-3.6932047351450294,-3.3784837300845303,-2.1116617002462603,-1.1917644267604992
-1.4929373790851481,-0.7917076065432833,-0.8403799144541726,-1.9833570519679735,0.3688201541943327,-4.3059690215583,-0.41884829382963373,-0.8646426732291236,-0.8463282687856465,0.3391615034441252,-0.5872570376093552,-0.16626622774427452,-0.2763934194082067,-2.5276647602744187,-1.1422193836433783,-1.3181212644390312,0.46210864916194355,-0.670163367844898,-1.128593734725935,-1.237242522398941,0.11388712801526807,-2.7940173791584644,-3.6259683695267855,-2.2899397450283385,0.7842331282277893,-0.5866537143636454,-4.210401479550026,-1.7510260388312335,-3.026603526863969,-1.1589937273915134,-4.244995996699225,-2.751941466895836,-0.9762100666792728,-1.9743656410083046,-2.2987585123471126,-2.2309466370718973,-1.9983195025784468,0.08543429539829604,-1.667049268993944,-3.32272060088829,-0.6217615351897151,-3.835766105857125,-2.010714093258958,0.2745950292084718,-2.518620215484122,-0.25723832299033467,0.580569231360934,-1.8325048011320948,-0.06972697461611224,-0.1892663081284159,-0.6565925602405976,-35.46881761380639,-0.09665415503062015,0.6357115211407101,0.7145208827073689,-0.8190035963708437,-0.45842614701835604,-2.383771598625273,-0.41176858952453804,-0.08073711445092521,1.2440506484268332,-0.6556235368982131,-0.5347513276067327,0.7549592133934344,-0.8699985160543277,0.044017250889930665,-1.5975629971002128,0.5577833466115047,-0.8013626053916013,-0.3191606623306367,0.5712933825128353,0.5062201487090345,0.284756995431345,0.6820152397918542,-0.4598508257179783,-0.793063052835325,-0.5894042731940018,-0.279864495044036,0.4650223417669369,0.394682087337827,-2.645669646138046,0.6536774242497972,-2.245489782348058,1.1103210853566825,0.3921634786849713,0.33780890337784636,-1.1629598919762902,-2.5742552650440187,-3.1661853035909795,0.7064544509527694,0.07476008003667396,-0.5950134363211417,0.1245876393976718,-0.4510276421968367,0.2298135531356583,-0.28092141369884416,-2.63307208100828,-1.4376448497648568,-1.1530803462786627,0.4410505952600502,0.6045178469605096,-1.1063962373937914,-0.863750294851669,0.41178641680779693,-0.41780171738462674,0.3219593344024544,-1.365838107534854,-0.39921051922573864,1.3393109931611584,-1.0363700347820317,-0.5392397656781865,-3.6932047351450294,-0.8201362798452461,-1.2295040307540295,-0.9643193891386292,-0.7558448712968505,-1.34064889349823,-1.7243084785320468,-0.11816523444871202,-1.0813136259929934,-1.1449060784269696,0.49806278506133256,-0.6627779132861661,-1.2490919695255351,-2.027052787659436,-3.9911375293634883,-1.5955239283442968,-3.6932047351450294,-3.3784837300845303,-2.1116617002462603,-1.1917644267604992
-1.4929373790851481,-0.7917076065432833,-0.8403799144541726,-1.9833570519679735,0.3688201541943327,-4.3059690215583,-0.41884829382963373,-0.8646426732291236,-0.8463282687856465,0.3391615034441252,-0.5872570376093552,-0.16626622774427452,-0.2763934194082067,-2.5276647602744187,-1.1422193836433783,-1.3181212644390312,0.46210864916194355,-0.670163367844898,-1.128593734725935,-1.237242522398941,0.11388712801526807,-2.7940173791584644,-3.6259683695267855,-2.2899397450283385,0.7842331282277893,-0.5866537143636454,-4.210401479550026,-1.7510260388312335,-3.026603526863969,-1.1589937273915134,-4.244995996699225,-2.751941466895836,-0.9762100666792728,-1.9743656410083046,-2.2987585123471126,-2.2309466370718973,-1.9983195025784468,0.08543429539829604,-1.667049268993944,-3.32272060088829,-0.6217615351897151,-3.835766105857125,-2.010714093258958,0.2745950292084718,-2.518620215484122,-0.25723832299033467,0.580569231360934,-1.8325048011320948,-0.06972697461611224,-0.1892663081284159,-0.6565925602405976,-35.46881761380639,-0.09665415503062015,0.6357115211407101,0.7145208827073689,-0.8190035963708437,-0.45842614701835604,-2.383771598625273,-0.41176858952453804,-0.08073711445092521,1.2440506484268332,-0.6556235368982131,-0.5347513276067327,0.7549592133934344,-0.8699985160543277,0.044017250889930665,-1.5975629971002128,0.5577833466115047,-0.8013626053916013,-0.3191606623306367,0.5712933825128353,0.5062201487090345,0.284756995431345,0.6820152397918542,-0.4598508257179783,-0.793063052835325,-0.5894042731940018,-0.279864495044036,0.4650223417669369,0.394682087337827,-2.645669646138046,0.6536774242497972,-2.245489782348058,1.1103210853566825,0.3921634786849713,0.33780890337784636,-1.1629598919762902,-2.5742552650440187,-3.1661853035909795,0.7064544509527694,0.07476008003667396,-0.5950134363211417,0.1245876393976718,-0.4510276421968367,0.2298135531356583,-0.28092141369884416,-2.63307208100828,-1.4376448497648568,-1.1530803462786627,0.4410505952600502,0.6045178469605096,-1.1063962373937914,-0.863750294851669,0.41178641680779693,-0.41780171738462674,0.3219593344024544,-1.365838107534854,-0.39921051922573864,1.3393109931611584,-1.0363700347820317,-0.5392397656781865,-3.6932047351450294,-0.8201362798452461,-1.2295040307540295,-0.9643193891386292,-0.7558448712968505,-1.34064889349823,-1.7243084785320468,-0.11816523444871202,-1.0813136259929934,-1.1449060784269696,0.49806278506133256,-0.6627779132861661,-1.2490919695255351,-2.027052787659436,-3.9911375293634883,-1.5955239283442968,-3.6932047351450294,-3.3784837300845303,-2.1116617002462603,-1.1917644267604992
-1.4929373790851481,-0.7917076065432833,-0.8403799144541726,-1.9833570519679735,0.3688201541943327,-4.3059690215583,-0.41884829382963373,-0.8646426732291236,-0.8463282687856465,0.3391615034441252,-0.5872570376093552,-0.16626622774427452,-0.2763934194082067,-2.5276647602744187,-1.1422193836433783,-1.3181212644390312,0.46210864916194355,-0.670163367844898,-1.128593734725935,-1.237242522398941,0.11388712801526807,-2.7940173791584644,-3.6259683695267855,-2.2899397450283385,0.7842331282277893,-0.5866537143636454,-4.210401479550026,-1.7510260388312335,-3.026603526863969,-1.1589937273915134,-4.244995996699225,-2.751941466895836,-0.9762100666792728,-1.9743656410083046,-2.2987585123471126,-2.2309466370718973,-1.9983195025784468,0.08543429539829604,-1.667049268993944,-3.32272060088829,-0.6217615351897151,-3.835766105857125,-2.010714093258958,0.2745950292084718,-2.518620215484122,-0.25723832299033467,0.580569231360934,-1.8325048011320948,-0.06972697461611224,-0.1892663081284159,-0.6565925602405976,-35.46881761380639,-0.09665415503062015,0.6357115211407101,0.7145208827073689,-0.8190035963708437,-0.45842614701835604,-2.383771598625273,-0.41176858952453804,-0.08073711445092521,1.2440506484268332,-0.6556235368982131,-0.5347513276067327,0.7549592133934344,-0.8699985160543277,0.044017250889930665,-1.5975629971002128,0.5577833466115047,-0.8013626053916013,-0.3191606623306367,0.5712933825128353,0.5062201487090345,0.284756995431345,0.6820152397918542,-0.4598508257179783,-0.793063052835325,-0.5894042731940018,-0.279864495044036,0.4650223417669369,0.394682087337827,-2.645669646138046,0.6536774242497972,-2.245489782348058,1.1103210853566825,0.3921634786849713,0.33780890337784636,-1.1629598919762902,-2.5742552650440187,-3.1661853035909795,0.7064544509527694,0.07476008003667396,-0.5950134363211417,0.1245876393976718,-0.4510276421968367,0.2298135531356583,-0.28092141369884416,-2.63307208100828,-1.4376448497648568,-1.1530803462786627,0.4410505952600502,0.6045178469605096,-1.1063962373937914,-0.863750294851669,0.41178641680779693,-0.41780171738462674,0.3219593344024544,-1.365838107534854,-0.39921051922573864,1.3393109931611584,-1.0363700347820317,-0.5392397656781865,-3.6932047351450294,-0.8201362798452461,-1.2295040307540295,-0.9643193891386292,-0.7558448712968505,-1.34064889349823,-1.7243084785320468,-0.11816523444871202,-1.0813136259929934,-1.1449060784269696,0.49806278506133256,-0.6627779132861661,-1.2490919695255351,-2.027052787659436,-3.9911375293634883,-1.5955239283442968,-3.6932047351450294,-3.3784837300845303,-2.1116617002462603,-1.1917644267604992
-1.4929373790851481,-0.7917076065432833,-0.8403799144541726,-1.9833570519679735,0.3688201541943327,-4.3059690215583,-0.41884829382963373,-0.8646426732291236,-0.8463282687856465,0.3391615034441252,-0.5872570376093552,-0.16626622774427452,-0.2763934194082067,-2.5276647602744187,-1.1422193836433783,-1.3181212644390312,0.46210864916194355,-0.670163367844898,-1.128593734725935,-1.237242522398941,0.11388712801526807,-2.7940173791584644,-3.6259683695267855,-2.2899397450283385,0.7842331282277893,-0.5866537143636454,-4.210401479550026,-1.7510260388312335,-3.026603526863969,-1.1589937273915134,-4.244995996699225,-2.751941466895836,-0.9762100666792728,-1.9743656410083046,-2.2987585123471126,-2.2309466370718973,-1.9983195025784468,0.08543429539829604,-1.667049268993944,-3.32272060088829,-0.6217615351897151,-3.835766105857125,-2.010714093258958,0.2745950292084718,-2.518620215484122,-0.25723832299033467,0.580569231360934,-1.8325048011320948,-0.06972697461611224,-0.1892663081284159,-0.6565925602405976,-35.46881761380639,-0.09665415503062015,0.6357115211407101,0.7145208827073689,-0.8190035963708437,-0.45842614701835604,-2.383771598625273,-0.41176858952453804,-0.08073711445092521,1.2440506484268332,-0.6556235368982131,-0.5347513276067327,0.7549592133934344,-0.8699985160543277,0.044017250889930665,-1.5975629971002128,0.5577833466115047,-0.8013626053916013,-0.3191606623306367,0.5712933825128353,0.5062201487090345,0.284756995431345,0.6820152397918542,-0.4598508257179783,-0.793063052835325,-0.5894042731940018,-0.279864495044036,0.4650223417669369,0.394682087337827,-2.645669646138046,0.6536774242497972,-2.245489782348058,1.1103210853566825,0.3921634786849713,0.33780890337784636,-1.1629598919762902,-2.5742552650440187,-3.1661853035909795,0.7064544509527694,0.07476008003667396,-0.5950134363211417,0.1245876393976718,-0.4510276421968367,0.2298135531356583,-0.28092141369884416,-2.63307208100828,-1.4376448497648568,-1.1530803462786627,0.4410505952600502,0.6045178469605096,-1.1063962373937914,-0.863750294851669,0.41178641680779693,-0.41780171738462674,0.3219593344024544,-1.365838107534854,-0.39921051922573864,1.3393109931611584,-1.0363700347820317,-0.5392397656781865,-3.6932047351450294,-0.8201362798452461,-1.2295040307540295,-0.9643193891386292,-0.7558448712968505,-1.34064889349823,-1.7243084785320468,-0.11816523444871202,-1.0813136259929934,-1.1449060784269696,0.49806278506133256,-0.6627779132861661,-1.2490919695255351,-2.027052787659436,-3.9911375293634883,-1.5955239283442968,-3.6932047351450294,-3.3784837300845303,-2.1116617002462603,-1.1917644267604992
-1.5932100124120079,-2.2332231821357946,-0.7778737116050203,-2.2750054332024865,-0.17354856063044602,-3.5904292288645623,-1.535974798765887,-0.9553976836441769,-1.0939625984701093,0.44556115408313773,-0.51431536314249,-0.22383097057411885,-0.03877053844227205,-2.2863922986529173,-1.4991782470053816,-1.4615928959469353,0.2745305314950232,-0.8068115105365656,-0.781413919454596,-1.5275166609949786,-1.1647417156508817,-2.1203963674538726,-3.1508566414797,-2.1160159891307284,0.7681799430909657,-0.6641411308660614,-4.226499038579489,-2.066079139589414,-1.7392217326522152,-1.6587233895500573,-3.4816422655397474,-2.448112770487661,-0.814964101414094,-3.660652271691035,-2.643928847742285,-1.7816774802576378,-2.156684588186344,0.09672073167585898,-1.034327396532802,-1.714253769114072,-0.46420749091759783,-3.1375963558030264,-1.9328881848311263,-0.28352970930926985,-3.475142260811371,-0.1132805541655033,0.4179345802692082,-1.5206440569673636,0.3692750442369521,0.3034982738203155,-0.680785120862415,-5.797827406146568,0.1426002584174752,0.5836879459371497,0.8417801591982983,-0.11467769728650863,-0.5342933554312331,-1.7631942123571465,-0.6666538155078734,-0.08430732945572292,0.652740162115378,-0.7441432462197377,-0.3477313233570151,0.6951176579385262,-1.017452159012157,0.04491458181478212,-1.789914474001476,0.8830671432655762,-0.40252931536467895,-0.33970240102407073,0.12335760698137482,0.09671376291537913,0.6912380100733098,0.642686457192074,-1.2657711802064253,-0.32153940350619636,-0.2843988054018458,-0.4102848858158918,0.4973900504996715,0.24968690929838186,-3.424785622244296,0.578124223588142,-2.547098566672747,1.0306345532764776,0.00026505793764866923,0.4940520928528927,-1.4598053506510662,-2.6458871026588704,-3.4464210774949486,0.4911209891656308,0.06134134855606073,-0.44615346650962223,0.14914199944398365,-0.3344660545000614,0.10542560288264777,0.3316752754900921,-0.8670809948767124,-0.5800522080493409,-1.1495227113834467,0.41852221296804454,0.5145368203065226,-0.8272462945900327,-0.24231292948663735,0.4308679854357225,-0.328475690112416,-0.07937490852824193,-0.8682143567122605,-0.5510197090419642,1.3091263465924206,-0.5712740317207062,-0.7468148494125962,-3.006717262546296,-1.3117791170417767,-1.2064502918816282,-0.46024322356057035,-0.545820867481284,-1.439399067060074,-1.370661732850093,-1.3918095490114124,-1.5741020116482864,-1.5707072478310258,0.052206908562309445,-0.41767449688489744,-1.2117488236918073,-1.2370167183185674,-4.7294208163533185,-1.2414634468400987,-3.006717262546296,-3.551402695247217,-1.7879227058774687,-0.5021128764330797
-1.0943384826277256,-0.9126484736431908,-0.7135588725482376,-3.3838717194833685,-0.3957623546527176,-3.6942855601445506,-1.0691152480206438,-1.0454923365909405,-0.9549338060757769,-0.10368463761487164,-0.7004555522216267,-0.2639727995261366,-0.04637496835411283,-1.456155979477507,-1.1582739407446379,-0.19903746225383745,0.543521609304472,-0.4965196269966716,-0.7367928938791228,-0.740571099632043,-0.22297836443909724,-2.81271254798366,-4.714233464370482,-1.9032048857734,0.9453339674197224,-0.935871986454435,-4.399017705143734,-2.5374437034872246,-2.910510427192146,-2.1507461890558663,-3.233168118223581,-2.1122833844256834,-1.131362662237997,-3.3101356643471966,-2.239430308971796,-0.7466279306314128,-1.4359953139497945,0.3109074080319337,-1.3319350283886877,-1.713776119829763,-0.5193172280379489,-2.799157352864557,-1.6628262327752217,0.01152500492749682,-1.7887403575840393,-0.2963036100571674,0.3889904745779318,-1.8109729660255407,0.18677262613819082,0.08935949951080066,-0.5681191525731918,-3.8130604974540963,0.17888280706467644,0.5738008983983699,0.9681814487326441,0.55683757224665,-0.8778896184348988,-1.53849707529551,-0.731959832250192,-0.012530287283680969,0.5055159949469251,-0.3874871102480275,-0.661525259631956,0.7544911614018162,-0.80435544817812,0.586240258214127,-1.3492536730460911,1.1247864658972215,-0.041937215158875885,-0.2306895349489561,0.5221815363948821,0.19810846593094097,1.11029520814138,0.7480999135186022,-0.22051329660620667,-0.2598787087966866,-0.0828592401397648,-0.31337882669680683,0.6089488317476811,-0.0083241784499431,-3.3795467718276506,0.3122960047793293,-2.8928373698693526,0.8331235957838845,0.250295322770837,0.6433545582767385,-0.9114221027918453,-2.7471502386284965,-2.773771276454302,0.32713773026786863,-0.02714276569279414,-0.177903269675565,0.255021152703346,-0.3183280273488492,0.17529357012917424,0.27178849412989287,-0.6018032328147711,0.3565990585872262,-1.1173767084767063,0.651968182396377,0.6413718900613072,-0.5699836182475213,-0.017528706019402887,0.45769604389975355,-0.0680215495602523,0.48433468189124973,-0.4694541468440444,-0.4211899852838782,1.3848597843810333,-0.2720282634872009,-0.15676032565741815,-2.9974799281806326,-0.5677462180253295,-0.329901386291886,-0.20320840225560202,-0.18735394313815695,-1.9253012934281761,-0.6335886894509438,-0.9997543936090993,-1.2280447232171885,-0.7209291762112704,0.16099937065890227,-0.15729824838594367,-0.7898938213039096,-0.347065883096895,-3.6550967357932826,-0.25566220180866767,-2.9974799281806326,-2.5819861399711654,-1.6074391891738846,-0.9478925063617617
-1.0943384826277256,-0.9126484736431908,-0.7135588725482376,-3.3838717194833685,-0.3957623546527176,-3.6942855601445506,-1.0691152480206438,-1.0454923365909405,-0.9549338060757769,-0.10368463761487164,-0.7004555522216267,-0.2639727995261366,-0.04637496835411283,-1.456155979477507,-1.1582739407446379,-0.19903746225383745,0.543521609304472,-0.4965196269966716,-0.7367928938791228,-0.740571099632043,-0.22297836443909724,-2.81271254798366,-4.714233464370482,-1.9032048857734,0.9453339674197224,-0.935871986454435,-4.399017705143734,-2.5374437034872246,-2.910510427192146,-2.1507461890558663,-3.233168118223581,-2.1122833844256834,-1.131362662237997,-3.3101356643471966,-2.239430308971796,-0.7466279306314128,-1.4359953139497945,0.3109074080319337,-1.3319350283886877,-1.713776119829763,-0.5193172280379489,-2.799157352864557,-1.6628262327752217,0.01152500492749682,-1.7887403575840393,-0.2963036100571674,0.3889904745779318,-1.8109729660255407,0.18677262613819082,0.08935949951080066,-0.5681191525731918,-3.8130604974540963,0.17888280706467644,0.5738008983983699,0.9681814487326441,0.55683757224665,-0.8778896184348988,-1.53849707529551,-0.731959832250192,-0.012530287283680969,0.5055159949469251,-0.3874871102480275,-0.661525259631956,0.7544911614018162,-0.80435544817812,0.586240258214127,-1.3492536730460911,1.1247864658972215,-0.041937215158875885,-0.2306895349489561,0.5221815363948821,0.19810846593094097,1.11029520814138,0.7480999135186022,-0.22051329660620667,-0.2598787087966866,-0.0828592401397648,-0.31337882669680683,0.6089488317476811,-0.0083241784499431,-3.3795467718276506,0.3122960047793293,-2.8928373698693526,0.8331235957838845,0.250295322770837,0.6433545582767385,-0.9114221027918453,-2.7471502386284965,-2.773771276454302,0.32713773026786863,-0.02714276569279414,-0.177903269675565,0.255021152703346,-0.3183280273488492,0.17529357012917424,0.27178849412989287,-0.6018032328147711,0.3565990585872262,-1.1173767084767063,0.651968182396377,0.6413718900613072,-0.5699836182475213,-0.017528706019402887,0.45769604389975355,-0.0680215495602523,0.48433468189124973,-0.4694541468440444,-0.4211899852838782,1.3848597843810333,-0.2720282634872009,-0.15676032565741815,-2.9974799281806326,-0.5677462180253295,-0.329901386291886,-0.20320840225560202,-0.18735394313815695,-1.9253012934281761,-0.6335886894509438,-0.9997543936090993,-1.2280447232171885,-0.7209291762112704,0.16099937065890227,-0.15729824838594367,-0.7898938213039096,-0.347065883096895,-3.6550967357932826,-0.25566220180866767,-2.9974799281806326,-2.5819861399711654,-1.6074391891738846,-0.9478925063617617
-1.4929373790851481,-0.7917076065432833,-0.8403799144541726,-1.9833570519679735,0.3688201541943327,-4.3059690215583,-0.41884829382963373,-0.8646426732291236,-0.8463282687856465,0.3391615034441252,-0.5872570376093552,-0.16626622774427452,-0.2763934194082067,-2.5276647602744187,-1.1422193836433783,-1.3181212644390312,0.46210864916194355,-0.670163367844898,-1.128593734725935,-1.237242522398941,0.11388712801526807,-2.7940173791584644,-3.6259683695267855,-2.2899397450283385,0.7842331282277893,-0.5866537143636454,-4.210401479550026,-1.7510260388312335,-3.026603526863969,-1.1589937273915134,-4.244995996699225,-2.751941466895836,-0.9762100666792728,-1.9743656410083046,-2.2987585123471126,-2.2309466370718973,-1.9983195025784468,0.08543429539829604,-1.667049268993944,-3.32272060088829,-0.6217615351897151,-3.835766105857125,-2.010714093258958,0.2745950292084718,-2.518620215484122,-0.25723832299033467,0.580569231360934,-1.8325048011320948,-0.06972697461611224,-0.1892663081284159,-0.6565925602405976,-35.46881761380639,-0.09665415503062015,0.6357115211407101,0.7145208827073689,-0.8190035963708437,-0.45842614701835604,-2.383771598625273,-0.41176858952453804,-0.08073711445092521,1.2440506484268332,-0.6556235368982131,-0.5347513276067327,0.7549592133934344,-0.8699985160543277,0.044017250889930665,-1.5975629971002128,0.5577833466115047,-0.8013626053916013,-0.3191606623306367,0.5712933825128353,0.5062201487090345,0.284756995431345,0.6820152397918542,-0.4598508257179783,-0.793063052835325,-0.5894042731940018,-0.279864495044036,0.4650223417669369,0.394682087337827,-2.645669646138046,0.6536774242497972,-2.245489782348058,1.1103210853566825,0.3921634786849713,0.33780890337784636,-1.1629598919762902,-2.5742552650440187,-3.1661853035909795,0.7064544509527694,0.07476008003667396,-0.5950134363211417,0.1245876393976718,-0.4510276421968367,0.2298135531356583,-0.28092141369884416,-2.63307208100828,-1.4376448497648568,-1.1530803462786627,0.4410505952600502,0.6045178469605096,-1.1063962373937914,-0.863750294851669,0.41178641680779693,-0.41780171738462674,0.3219593344024544,-1.365838107534854,-0.39921051922573864,1.3393109931611584,-1.0363700347820317,-0.5392397656781865,-3.6932047351450294,-0.8201362798452461,-1.2295040307540295,-0.9643193891386292,-0.7558448712968505,-1.34064889349823,-1.7243084785320468,-0.11816523444871202,-1.0813136259929934,-1.1449060784269696,0.49806278506133256,-0.6627779132861661,-1.2490919695255351,-2.027052787659436,-3.9911375293634883,-1.5955239283442968,-3.6932047351450294,-3.3784837300845303,-2.1116617002462603,-1.1917644267604992
-1.4929373790851481,-0.7917076065432833,-0.8403799144541726,-1.9833570519679735,0.3688201541943327,-4.3059690215583,-0.41884829382963373,-0.8646426732291236,-0.8463282687856465,0.3391615034441252,-0.5872570376093552,-0.16626622774427452,-0.2763934194082067,-2.5276647602744187,-1.1422193836433783,-1.3181212644390312,0.46210864916194355,-0.670163367844898,-1.128593734725935,-1.237242522398941,0.11388712801526807,-2.7940173791584644,-3.6259683695267855,-2.2899397450283385,0.7842331282277893,-0.5866537143636454,-4.210401479550026,-1.7510260388312335,-3.026603526863969,-1.1589937273915134,-4.244995996699225,-2.751941466895836,-0.9762100666792728,-1.9743656410083046,-2.2987585123471126,-2.2309466370718973,-1.9983195025784468,0.08543429539829604,-1.667049268993944,-3.32272060088829,-0.6217615351897151,-3.835766105857125,-2.010714093258958,0.2745950292084718,-2.518620215484122,-0.25723832299033467,0.580569231360934,-1.8325048011320948,-0.06972697461611224,-0.1892663081284159,-0.6565925602405976,-35.46881761380639,-0.09665415503062015,0.6357115211407101,0.7145208827073689,-0.8190035963708437,-0.45842614701835604,-2.383771598625273,-0.41176858952453804,-0.08073711445092521,1.2440506484268332,-0.6556235368982131,-0.5347513276067327,0.7549592133934344,-0.8699985160543277,0.044017250889930665,-1.5975629971002128,0.5577833466115047,-0.8013626053916013,-0.3191606623306367,0.5712933825128353,0.5062201487090345,0.284756995431345,0.6820152397918542,-0.4598508257179783,-0.793063052835325,-0.5894042731940018,-0.279864495044036,0.4650223417669369,0.394682087337827,-2.645669646138046,0.6536774242497972,-2.245489782348058,1.1103210853566825,0.3921634786849713,0.33780890337784636,-1.1629598919762902,-2.5742552650440187,-3.1661853035909795,0.7064544509527694,0.07476008003667396,-0.5950134363211417,0.1245876393976718,-0.4510276421968367,0.2298135531356583,-0.28092141369884416,-2.63307208100828,-1.4376448497648568,-1.1530803462786627,0.4410505952600502,0.6045178469605096,-1.1063962373937914,-0.863750294851669,0.41178641680779693,-0.41780171738462674,0.3219593344024544,-1.365838107534854,-0.39921051922573864,1.3393109931611584,-1.0363700347820317,-0.5392397656781865,-3.6932047351450294,-0.8201362798452461,-1.2295040307540295,-0.9643193891386292,-0.7558448712968505,-1.34064889349823,-1.7243084785320468,-0.11816523444871202,-1.0813136259929934,-1.1449060784269696,0.49806278506133256,-0.6627779132861661,-1.2490919695255351,-2.027052787659436,-3.9911375293634883,-1.5955239283442968,-3.6932047351450294,-3.3784837300845303,-2.1116617002462603,-1.1917644267604992
-1.6480757161046948,-0.5546513395872616,-0.5434372428289856,-1.6172261422544207,0.2884341139811581,-3.891838346330775,-0.003208411296115619,-0.976930307391562,-0.7504776988398851,-1.1661148611483638,-0.5139095405505588,-0.2732787576937196,-0.41572896345909943,-1.599984137137415,-1.2016416071291984,-0.867505016610466,0.6098692905768786,-0.6405724293782895,-0.9518911238236895,-1.1007902982225006,0.15575127920047277,-3.2317087740683537,-6.06624278799662,-2.469475609791984,0.6055948714191002,-0.49818002244682,-3.941640918537973,-2.385140580875166,-4.362289897551403,-2.6535242966870674,-3.6810876910682135,-2.8130419792223096,-0.8668796335712872,-1.9945210828268505,-1.550493151951104,-1.6208498168341454,-1.6774696752928873,0.21968380365017706,-1.5510215648651033,-4.3023890103524485,-0.7540660414355655,-4.619030085033218,-1.9076903340878126,0.6905357920079527,-2.4670533056847725,-0.37210881029161824,0.6773045791591371,-1.7076568741716027,-0.3782724390262797,-0.6197217640090319,0.15879814395146816,-6.403338944469625,-0.4794835301582856,0.8158273073571968,0.9219199575019261,-0.838500544283366,-0.3522119408382072,-2.371423308333006,-0.4533576496273617,-0.48342227796929466,1.4122990166412166,-0.2467525763616097,-1.2364672381117847,0.9678150018566474,-0.5502764165641525,0.29708495168731086,-1.3479745558154999,0.5029832075275199,-0.7455974222709241,-0.43266198303730047,1.1335944970934515,0.928565350078081,-0.37957854230905463,0.5830291427486896,0.16559786385967895,-0.7016088983205895,-0.36953977824053924,-0.4420905455865504,0.20891554963370265,0.6949350297935388,-2.4393168682974222,0.8225236111737655,-1.8871556252928812,1.235595235787238,0.6380563903098259,0.6169501532462404,-0.4873250585824885,-2.0120988277855107,-2.8979842499051056,0.9285470998944488,0.1430378235483702,-0.43889405720402214,0.38805872547021636,-0.5616137927157157,0.4949456202595124,-1.931351201441379,-1.9582856101211477,-0.738063318978944,-1.4623212523528009,0.5236935392472234,0.6394441178353639,-0.8321852314407745,-0.7317622130769926,0.41642960497997905,-0.33502890271596036,0.5345616143308594,-1.1840857165636907,0.09860084326759164,1.5808745923574765,-1.0756695439176474,-0.16446512024297413,-3.288850768491283,0.046042884592599184,-1.2500298036398483,-0.9258724977134823,-1.101439376962313,-0.35590521579231627,-2.243593543383196,0.8458842445964949,0.09073367544506884,0.19102677434610865,0.8128477170821249,-0.28124181283993555,-0.2904953237453547,0.05202445806629211,-2.7053569561962894,-0.5338376938848823,-3.288850768491283,-3.2372144729651247,-1.8663330145014838,-1.771264315076399
-1.6480757161046948,-0.5546513395872616,-0.5434372428289856,-1.6172261422544207,0.2884341139811581,-3.891838346330775,-0.003208411296115619,-0.976930307391562,-0.7504776988398851,-1.1661148611483638,-0.5139095405505588,-0.2732787576937196,-0.41572896345909943,-1.599984137137415,-1.2016416071291984,-0.867505016610466,0.6098692905768786,-0.6405724293782895,-0.9518911238236895,-1.1007902982225006,0.15575127920047277,-3.2317087740683537,-6.06624278799662,-2.469475609791984,0.6055948714191002,-0.49818002244682,-3.941640918537973,-2.385140580875166,-4.362289897551403,-2.6535242966870674,-3.6810876910682135,-2.8130419792223096,-0.8668796335712872,-1.9945210828268505,-1.550493151951104,-1.6208498168341454,-1.6774696752928873,0.21968380365017706,-1.5510215648651033,-4.3023890103524485,-0.7540660414355655,-4.619030085033218,-1.9076903340878126,0.6905357920079527,-2.4670533056847725,-0.37210881029161824,0.6773045791591371,-1.7076568741716027,-0.3782724390262797,-0.6197217640090319,0.15879814395146816,-6.403338944469625,-0.4794835301582856,0.8158273073571968,0.9219199575019261,-0.838500544283366,-0.3522119408382072,-2.371423308333006,-0.4533576496273617,-0.48342227796929466,1.4122990166412166,-0.2467525763616097,-1.2364672381117847,0.9678150018566474,-0.5502764165641525,0.29708495168731086,-1.3479745558154999,0.5029832075275199,-0.7455974222709241,-0.43266198303730047,1.1335944970934515,0.928565350078081,-0.37957854230905463,0.5830291427486896,0.16559786385967895,-0.7016088983205895,-0.36953977824053924,-0.4420905455865504,0.20891554963370265,0.6949350297935388,-2.4393168682974222,0.8225236111737655,-1.8871556252928812,1.235595235787238,0.6380563903098259,0.6169501532462404,-0.4873250585824885,-2.0120988277855107,-2.8979842499051056,0.9285470998944488,0.1430378235483702,-0.43889405720402214,0.38805872547021636,-0.5616137927157157,0.4949456202595124,-1.931351201441379,-1.9582856101211477,-0.738063318978944,-1.4623212523528009,0.5236935392472234,0.6394441178353639,-0.8321852314407745,-0.7317622130769926,0.41642960497997905,-0.33502890271596036,0.5345616143308594,-1.1840857165636907,0.09860084326759164,1.5808745923574765,-1.0756695439176474,-0.16446512024297413,-3.288850768491283,0.046042884592599184,-1.2500298036398483,-0.9258724977134823,-1.101439376962313,-0.35590521579231627,-2.243593543383196,0.8458842445964949,0.09073367544506884,0.19102677434610865,0.8128477170821249,-0.28124181283993555,-0.2904953237453547,0.05202445806629211,-2.7053569561962894,-0.5338376938848823,-3.288850768491283,-3.2372144729651247,-1.8663330145014838,-1.771264315076399
-1.6480757161046948,-0.5546513395872616,-0.5434372428289856,-1.6172261422544207,0.2884341139811581,-3.891838346330775,-0.003208411296115619,-0.976930307391562,-0.7504776988398851,-1.1661148611483638,-0.5139095405505588,-0.2732787576937196,-0.41572896345909943,-1.599984137137415,-1.2016416071291984,-0.867505016610466,0.6098692905768786,-0.6405724293782895,-0.9518911238236895,-1.1007902982225006,0.15575127920047277,-3.2317087740683537,-6.06624278799662,-2.469475609791984,0.6055948714191002,-0.49818002244682,-3.941640918537973,-2.385140580875166,-4.362289897551403,-2.6535242966870674,-3.6810876910682135,-2.8130419792223096,-0.8668796335712872,-1.9945210828268505,-1.550493151951104,-1.6208498168341454,-1.6774696752928873,0.21968380365017706,-1.5510215648651033,-4.3023890103524485,-0.7540660414355655,-4.619030085033218,-1.9076903340878126,0.6905357920079527,-2.4670533056847725,-0.37210881029161824,0.6773045791591371,-1.7076568741716027,-0.3782724390262797,-0.6197217640090319,0.15879814395146816,-6.403338944469625,-0.4794835301582856,0.8158273073571968,0.9219199575019261,-0.838500544283366,-0.3522119408382072,-2.371423308333006,-0.4533576496273617,-0.48342227796929466,1.4122990166412166,-0.2467525763616097,-1.2364672381117847,0.9678150018566474,-0.5502764165641525,0.29708495168731086,-1.3479745558154999,0.5029832075275199,-0.7455974222709241,-0.43266198303730047,1.1335944970934515,0.928565350078081,-0.37957854230905463,0.5830291427486896,0.16559786385967895,-0.7016088983205895,-0.36953977824053924,-0.4420905455865504,0.20891554963370265,0.6949350297935388,-2.4393168682974222,0.8225236111737655,-1.8871556252928812,1.235595235787238,0.6380563903098259,0.6169501532462404,-0.4873250585824885,-2.0120988277855107,-2.8979842499051056,0.9285470998944488,0.1430378235483702,-0.43889405720402214,0.38805872547021636,-0.5616137927157157,0.4949456202595124,-1.931351201441379,-1.9582856101211477,-0.738063318978944,-1.4623212523528009,0.5236935392472234,0.6394441178353639,-0.8321852314407745,-0.7317622130769926,0.41642960497997905,-0.33502890271596036,0.5345616143308594,-1.1840857165636907,0.09860084326759164,1.5808745923574765,-1.0756695439176474,-0.16446512024297413,-3.288850768491283,0.046042884592599184,-1.2500298036398483,-0.9258724977134823,-1.101439376962313,-0.35590521579231627,-2.243593543383196,0.8458842445964949,0.09073367544506884,0.19102677434610865,0.8128477170821249,-0.28124181283993555,-0.2904953237453547,0.05202445806629211,-2.7053569561962894,-0.5338376938848823,-3.288850768491283,-3.2372144729651247,-1.8663330145014838,-1.771264315076399
-1.8676174579263234,-0.4210475776663247,-0.5782591457774018,-1.460996874501881,0.5332210015846062,-3.9997238801566883,0.15590923412383187,-1.2040968051537684,-0.7505930919167135,-1.240711347219731,-0.5357494925560456,-0.26751645809856256,-0.696592924969088,-2.7105843428905643,-1.314872443643603,-1.352488707504344,0.6632714480563519,-0.6631290707074449,-0.7270903028382663,-1.1148851519657665,0.568948598127646,-2.826876836407801,-6.11171967601276,-2.6209977394940935,0.7170012295935057,-0.5610125134541492,-4.927960180441647,-2.32473343065631,-5.956466500158455,-2.9245135735406165,-4.441715708508069,-3.882787887723679,-0.8649136232598968,-1.6732917958109546,-2.2217406960532826,-1.5422940057659404,-2.86320987304308,0.3793301722890235,-2.7373161295563215,-4.47968104726969,-0.8348477687390393,-5.013268105297435,-2.369836871915956,0.5637781837750904,-2.907218709498431,-0.5839344653797081,0.8654854577214451,-1.478186263182683,-0.43927077125942493,-1.2487267088794995,-0.3136761328358022,-36.43312706319865,-0.36149727943012677,0.5925500470986941,0.7922677959016191,-0.9804119415397458,-0.08806168484814696,-3.266722713347718,-0.5280415395032726,-0.3896252490419082,1.4062211512909468,-0.04397081861152403,-0.7055378865749136,0.8974877783232597,-0.8861671304213611,-0.25881035142775116,-1.987212134534012,0.6092563248494528,-0.7925759358174144,-0.7001325634762108,1.0788212925252139,0.7716973879540772,-1.24314188916714,0.6338537154022627,-0.09415955957002843,-0.8897878604336955,-0.6751144420388432,-0.3019796877807034,0.07941393985772628,0.2509162092414201,-2.2821123241259413,0.691602987432007,-2.2859218297089283,1.096741233480464,1.1654453681259256,0.5284990875833575,-0.768801048981667,-2.2113223587313766,-3.3369303849722107,0.9486192218158687,-0.3631462872926909,-0.6151302656090056,-0.05070173038354593,-0.8939763927709524,0.17858659658499149,-2.0120703182386768,-2.6492546929613607,-2.0204769699380507,-1.0179525232479332,0.453617543514963,0.6709848068108994,-1.3621760759258246,-1.419610282198245,0.33208348673986804,-0.10926367462672243,0.5971827494069762,-1.5864436918264024,-0.478998890412482,1.363962527764175,-1.4717903453600865,-0.7461818366630182,-4.291111560314381,-0.9015388121587031,-2.046483541364628,-1.508063449673035,-1.2511066596992908,-1.6533498976515462,-2.1325229118717277,0.5565747343513164,-0.5326562879609458,-1.0668984653509772,0.5897539044891161,-0.6861650165930483,-0.26921356858606893,-2.4283193392446183,-2.596741068788063,-0.6997222314942776,-4.291111560314381,-3.5935477189033667,-2.0194028556458425,-1.2807129427784487
-2.187401877670236,-0.5336022514990556,-0.4680483746605084,-1.1333086235236693,0.5448509804370248,-3.5788087988627,0.39456669942158157,-0.9899424266128082,-1.007900491658423,-0.027747373603338246,-0.49734308610812045,-0.29534448448853984,-0.7215479482870114,-2.423168844834727,-0.9654316617837787,-1.1566986207072103,0.7685892005714108,-0.4638840614732029,-0.9741343613190024,-1.8687596623680178,-0.33661566586542324,-3.964646982112722,-7.455545820269321,-2.349471111602613,0.8897353122721331,-0.5085637962324908,-4.436186037764423,-1.9411526707878115,-4.309000889962712,-2.500431980838732,-6.122310692973496,-5.003761558234325,-1.2478522167503365,-1.1230301228947388,-1.5453663673742621,-2.4741607338470177,-1.9312662428868541,0.3913840717272672,-2.269198297881349,-2.3899309241244513,-0.6876604326537277,-5.286252749854663,-2.1744353558860334,0.5377047061666546,-2.943729047386215,-0.33883317766558313,0.8380032770146415,-1.7397323685517996,-0.24133043444576638,-1.372446861508246,-0.2714829204078121,-36.84136148479307,-0.5183550744808018,0.6668486943934986,0.7034078546756296,-2.049575120443817,0.024447576616831022,-3.383318637524192,-0.3393883697702232,0.34521755898553114,1.265483611374058,-0.48712978162851084,0.3964252310639593,0.3010707886363565,0.3522624197903152,-0.9470019382583313,-0.9698822029868046,0.6784468199646858,-0.4802189471202176,-0.14225608610679435,1.2083548421049288,1.0589618731076857,-0.4262226895395802,0.848581839333384,-0.055851214050435166,-0.40296870322537703,-1.9982101504381107,-0.16438461860018197,0.6033785667683583,0.04680734309538257,-2.6533867844462367,1.0078883543522197,-2.3573116504650673,1.0287806310033518,0.9544060123531035,-0.47819466426953894,-0.7576892928645654,-2.221921221344643,-2.5337314028991154,0.6679532805454301,-0.0026501846192317218,-1.1169291649508708,0.2177104241487285,-0.2608376637071133,0.6143529038652447,-0.9103416917049901,-2.0713656489151497,-2.2153515049152674,-1.366133055864265,0.5011974177626327,0.8180631481076871,-1.1062572304536546,-1.3927835139525744,0.29210310319041505,-0.14220799657851382,0.5516057106421037,-1.3962170039218182,-0.3786804714348479,1.3788846711821767,-0.9835232219882756,-0.26427953012579547,-6.630130635565925,0.24230847767132513,-2.2646404196012493,-1.2629025991194636,-0.7437213855900303,-1.1138818857706034,-1.1233396319526585,0.7562479055988277,-0.07388869146723251,-0.4863834103679661,0.5312522613846553,-0.6065914864256848,-0.5907904376676862,-3.162624775579712,-2.521612919616585,-1.0625256602701063,-6.630130635565925,-3.120195380737515,-1.2758238856743236,-1.1287902956784812
-2.187401877670236,-0.5336022514990556,-0.4680483746605084,-1.1333086235236693,0.5448509804370248,-3.5788087988627,0.39456669942158157,-0.9899424266128082,-1.007900491658423,-0.027747373603338246,-0.49734308610812045,-0.29534448448853984,-0.7215479482870114,-2.423168844834727,-0.9654316617837787,-1.1566986207072103,0.7685892005714108,-0.4638840614732029,-0.9741343613190024,-1.8687596623680178,-0.33661566586542324,-3.964646982112722,-7.455545820269321,-2.349471111602613,0.8897353122721331,-0.5085637962324908,-4.436186037764423,-1.9411526707878115,-4.309000889962712,-2.500431980838732,-6.122310692973496,-5.003761558234325,-1.2478522167503365,-1.1230301228947388,-1.5453663673742621,-2.4741607338470177,-1.9312662428868541,0.3913840717272672,-2.269198297881349,-2.3899309241244513,-0.6876604326537277,-5.286252749854663,-2.1744353558860334,0.5377047061666546,-2.943729047386215,-0.33883317766558313,0.8380032770146415,-1.7397323685517996,-0.24133043444576638,-1.372446861508246,-0.2714829204078121,-36.84136148479307,-0.5183550744808018,0.6668486943934986,0.7034078546756296,-2.049575120443817,0.024447576616831022,-3.383318637524192,-0.3393883697702232,0.34521755898553114,1.265483611374058,-0.48712978162851084,0.3964252310639593,0.3010707886363565,0.3522624197903152,-0.9470019382583313,-0.9698822029868046,0.6784468199646858,-0.4802189471202176,-0.14225608610679435,1.2083548421049288,1.0589618731076857,-0.4262226895395802,0.848581839333384,-0.055851214050435166,-0.40296870322537703,-1.9982101504381107,-0.16438461860018197,0.6033785667683583,0.04680734309538257,-2.6533867844462367,1.0078883543522197,-2.3573116504650673,1.0287806310033518,0.9544060123531035,-0.47819466426953894,-0.7576892928645654,-2.221921221344643,-2.5337314028991154,0.6679532805454301,-0.0026501846192317218,-1.1169291649508708,0.2177104241487285,-0.2608376637071133,0.6143529038652447,-0.9103416917049901,-2.0713656489151497,-2.2153515049152674,-1.366133055864265,0.5011974177626327,0.8180631481076871,-1.1062572304536546,-1.3927835139525744,0.29210310319041505,-0.14220799657851382,0.5516057106421037,-1.3962170039218182,-0.3786804714348479,1.3788846711821767,-0.9835232219882756,-0.26427953012579547,-6.630130635565925,0.24230847767132513,-2.2646404196012493,-1.2629025991194636,-0.7437213855900303,-1.1138818857706034,-1.1233396319526585,0.7562479055988277,-0.07388869146723251,-0.4863834103679661,0.5312522613846553,-0.6065914864256848,-0.5907904376676862,-3.162624775579712,-2.521612919616585,-1.0625256602701063,-6.630130635565925,-3.120195380737515,-1.2758238856743236,-1.1287902956784812
-2.187401877670236,-0.5336022514990556,-0.4680483746605084,-1.1333086235236693,0.5448509804370248,-3.5788087988627,0.39456669942158157,-0.9899424266128082,-1.007900491658423,-0.027747373603338246,-0.49734308610812045,-0.29534448448853984,-0.7215479482870114,-2.423168844834727,-0.9654316617837787,-1.1566986207072103,0.7685892005714108,-0.4638840614732029,-0.9741343613190024,-1.8687596623680178,-0.33661566586542324,-3.964646982112722,-7.455545820269321,-2.349471111602613,0.8897353122721331,-0.5085637962324908,-4.436186037764423,-1.9411526707878115,-4.309000889962712,-2.500431980838732,-6.122310692973496,-5.003761558234325,-1.2478522167503365,-1.1230301228947388,-1.5453663673742621,-2.4741607338470177,-1.9312662428868541,0.3913840717272672,-2.269198297881349,-2.3899309241244513,-0.6876604326537277,-5.286252749854663,-2.1744353558860334,0.5377047061666546,-2.943729047386215,-0.33883317766558313,0.8380032770146415,-1.7397323685517996,-0.24133043444576638,-1.372446861508246,-0.2714829204078121,-36.84136148479307,-0.5183550744808018,0.6668486943934986,0.7034078546756296,-2.049575120443817,0.024447576616831022,-3.383318637524192,-0.3393883697702232,0.34521755898553114,1.265483611374058,-0.48712978162851084,0.3964252310639593,0.3010707886363565,0.3522624197903152,-0.9470019382583313,-0.9698822029868046,0.6784468199646858,-0.4802189471202176,-0.14225608610679435,1.2083548421049288,1.0589618731076857,-0.4262226895395802,0.848581839333384,-0.055851214050435166,-0.40296870322537703,-1.9982101504381107,-0.16438461860018197,0.6033785667683583,0.04680734309538257,-2.6533867844462367,1.0078883543522197,-2.3573116504650673,1.0287806310033518,0.9544060123531035,-0.47819466426953894,-0.7576892928645654,-2.221921221344643,-2.5337314028991154,0.6679532805454301,-0.0026501846192317218,-1.1169291649508708,0.2177104241487285,-0.2608376637071133,0.6143529038652447,-0.9103416917049901,-2.0713656489151497,-2.2153515049152674,-1.366133055864265,0.5011974177626327,0.8180631481076871,-1.1062572304536546,-1.3927835139525744,0.29210310319041505,-0.14220799657851382,0.5516057106421037,-1.3962170039218182,-0.3786804714348479,1.3788846711821767,-0.9835232219882756,-0.26427953012579547,-6.630130635565925,0.24230847767132513,-2.2646404196012493,-1.2629025991194636,-0.7437213855900303,-1.1138818857706034,-1.1233396319526585,0.7562479055988277,-0.07388869146723251,-0.4863834103679661,0.5312522613846553,-0.6065914864256848,-0.5907904376676862,-3.162624775579712,-2.521612919616585,-1.0625256602701063,-6.630130635565925,-3.120195380737515,-1.2758238856743236,-1.1287902956784812
-1.4028455850512405,-2.149663134935349,-0.4255524882213529,-2.288296531339868,-0.39656011954984,-3.308902363131189,-0.1778355287404766,-1.0936018911297292,-1.1702701099047352,-0.6173582751265744,-0.5148830565847151,-0.2631311188444686,-0.38774557662747,-2.225689534309576,-1.0031994842456284,-0.005724831986187388,0.6633756839307958,-0.35288418810549865,-1.1373715847128472,-0.6280329717519124,-0.18670445512357936,-4.116027000108919,-8.86323505102962,-0.9469695837958924,1.2475343742615628,-0.7147258690696684,-4.6932938735361445,-2.763524858089055,-2.355567689787566,-1.0700422291086757,-4.509016235175321,-1.8632168636677875,-0.6293450113535005,-3.2108509173853257,-3.02236590376585,-1.1629034712359678,-2.2859004213115695,0.34499958759062405,-1.189706771015814,-3.2169334085940386,-0.8373668126835735,-4.155641576507164,-2.0987421315547232,0.4043556530725551,-1.6766239801385054,-0.6341370028576657,0.8272158939011489,-1.8513960442171693,0.054233206092847853,-0.31825271912101977,-0.6012775701490131,-31.084344652163914,-0.17900720825215646,0.2741196840400349,0.85176194652655,-0.5984783742196229,-0.5363358239306997,-1.884387481478869,-0.6377003770544261,-0.02498452157331317,0.6175445644629582,0.33275119501567824,-0.3793675260585332,0.5795625953626855,-0.3284019258592607,-0.5569488066025946,-1.481367764100271,1.3032753218056177,0.07606744707736858,-0.2409257915237617,0.9661074797311049,0.34446703632313874,0.26722838231085605,0.9898660922151123,0.14258641971509217,-0.4648375797806341,-0.9265005137258441,-0.6737143017470223,0.47758619191222407,0.08480077236091188,-3.1294983683045365,0.5323645757171716,-2.736392127669513,0.7371792663979685,0.8094761574007728,0.15737491680777252,-1.3635568495131323,-2.4021315886775425,-2.7774750686698684,0.45414691217908876,0.22097010777972934,0.14900044619828912,0.35534672490202757,-0.10986345121917736,0.37082295725482006,0.00839509757865051,-1.5612909736124339,0.3645470518306714,-1.325452045831687,0.9966574131016855,0.8200769121820726,-1.099399734635721,-0.7222961743914202,0.5606398211316617,-0.0878965316910468,0.6272808274314159,-0.5967037344719888,-0.39599053099024467,1.1122356424470035,-0.41549795074369916,0.11056078537969585,-36.84136148790467,0.22847641144209294,-0.6732290046377092,-1.3237210387416447,-0.19731440876063958,-2.1080559827512237,-0.86440296134385,-0.24581764888256824,-1.0654359824443602,-1.6636505960358872,0.05111784412100415,-1.249949141166179,-0.9389439748265513,0.2302531472541115,-4.012292863185422,-0.6483182786788909,-36.84136148790467,-2.8258887845763927,-1.1025618954317202,-1.8555286030364129
-1.4028455850512405,-2.149663134935349,-0.4255524882213529,-2.288296531339868,-0.39656011954984,-3.308902363131189,-0.1778355287404766,-1.0936018911297292,-1.1702701099047352,-0.6173582751265744,-0.5148830565847151,-0.2631311188444686,-0.38774557662747,-2.225689534309576,-1.0031994842456284,-0.005724831986187388,0.6633756839307958,-0.35288418810549865,-1.1373715847128472,-0.6280329717519124,-0.18670445512357936,-4.116027000108919,-8.86323505102962,-0.9469695837958924,1.2475343742615628,-0.7147258690696684,-4.6932938735361445,-2.763524858089055,-2.355567689787566,-1.0700422291086757,-4.509016235175321,-1.8632168636677875,-0.6293450113535005,-3.2108509173853257,-3.02236590376585,-1.1629034712359678,-2.2859004213115695,0.34499958759062405,-1.189706771015814,-3.2169334085940386,-0.8373668126835735,-4.155641576507164,-2.0987421315547232,0.4043556530725551,-1.6766239801385054,-0.6341370028576657,0.8272158939011489,-1.8513960442171693,0.054233206092847853,-0.31825271912101977,-0.6012775701490131,-31.084344652163914,-0.17900720825215646,0.2741196840400349,0.85176194652655,-0.5984783742196229,-0.5363358239306997,-1.884387481478869,-0.6377003770544261,-0.02498452157331317,0.6175445644629582,0.33275119501567824,-0.3793675260585332,0.5795625953626855,-0.3284019258592607,-0.5569488066025946,-1.481367764100271,1.3032753218056177,0.07606744707736858,-0.2409257915237617,0.9661074797311049,0.34446703632313874,0.26722838231085605,0.9898660922151123,0.14258641971509217,-0.4648375797806341,-0.9265005137258441,-0.6737143017470223,0.47758619191222407,0.08480077236091188,-3.1294983683045365,0.5323645757171716,-2.736392127669513,0.7371792663979685,0.8094761574007728,0.15737491680777252,-1.3635568495131323,-2.4021315886775425,-2.7774750686698684,0.45414691217908876,0.22097010777972934,0.14900044619828912,0.35534672490202757,-0.10986345121917736,0.37082295725482006,0.00839509757865051,-1.5612909736124339,0.3645470518306714,-1.325452045831687,0.9966574131016855,0.8200769121820726,-1.099399734635721,-0.7222961743914202,0.5606398211316617,-0.0878965316910468,0.6272808274314159,-0.5967037344719888,-0.39599053099024467,1.1122356424470035,-0.41549795074369916,0.11056078537969585,-36.84136148790467,0.22847641144209294,-0.6732290046377092,-1.3237210387416447,-0.19731440876063958,-2.1080559827512237,-0.86440296134385,-0.24581764888256824,-1.0654359824443602,-1.6636505960358872,0.05111784412100415,-1.249949141166179,-0.9389439748265513,0.2302531472541115,-4.012292863185422,-0.6483182786788909,-36.84136148790467,-2.8258887845763927,-1.1025618954317202,-1.8555286030364129
-1.5091805799178657,-1.7280911728933015,-0.2340649197545208,-1.9168084146240758,-0.634719229976418,-2.410081054477316,0.7082252951229251,-1.1741033503032625,-1.0458492837748874,-2.9772371379372484,-0.7009232626542989,-0.28688839964587204,-0.4772617337818473,-1.7595645690162658,-0.8250180363609398,0.42315388434927076,0.5841223166536429,-0.15200053079006542,-0.909067276130113,-0.8587472633822507,-1.832477180843903,-3.2029360408668808,-4.5181849372953105,-1.5310335110957798,1.2724814847136132,-0.8028695760982565,-3.2504240173092214,-3.0413561197399757,-2.1931797434125135,-2.5676245716890946,-4.993494640545836,-2.227186796277097,-0.1804141166794072,-4.23346972163448,-2.878843651732354,-0.8315781483680703,-2.11201512265837,0.49244162661876034,-0.989743850585938,-4.806958660060755,-1.2333441689716915,-5.851328625575824,-1.0412105993513383,0.7222378838575249,-2.1111720232741993,-1.1516877238989545,0.8320008054842049,-1.6883736618583913,-0.14229850909476582,-0.22905291881463444,-0.8952088507733257,-2.4031000642302516,0.4156890092147715,0.15583201372137803,0.9792028320014963,0.6561551942776742,-0.7384529671950826,-2.7401215347333685,-1.071732099908724,-0.20790931418895708,0.9438329032556388,0.44300835325456744,-0.03486762272085789,0.2555011115174685,-0.3004300091816518,0.19078169823900162,-1.3462007771204028,1.4396431262424554,0.46283647841150793,-0.3580527896352367,1.0633659008697003,0.08464839925510027,0.7983802662792256,0.5743065658963191,0.03724584059272021,-0.4310652526346613,-0.39614024383558377,-2.154099361633864,0.6520520511390122,0.3149286254568157,-4.134287053597296,0.4800261442359775,-2.665548250457693,0.6024056169066768,0.7996711683017552,0.06212577379788312,-0.825749774291077,-3.476005562673552,-2.260429078605955,-0.6234504120521813,0.2843185818196717,0.26763234845960127,0.3856061617989313,0.30932779670376387,0.7464945675127517,-0.5341479932869123,-1.1456883117016323,0.9462886034957857,-1.0764855275484095,1.076891508352921,0.8135616049613759,-0.6926890410939949,-1.0674599857643763,0.4247443407622385,-0.04253386419290682,0.6968443179626915,-0.15844241128071707,0.014938549764829482,1.0244161039514819,0.04511891961553599,0.9458253967310447,-4.052588719391438,0.44779174153109147,-0.09222338860371702,-1.0005364967416341,-0.05316735757817727,-1.0922414063717505,-3.3222339975136714,-0.06417572827280484,-1.033589479301898,-1.9348009060311218,0.06872426131112647,-1.6085541534945595,-0.8142612977318295,0.5153347176220593,-1.812709763966605,0.9534113038958194,-4.052588719391438,-1.9327273910928,-0.7374158271618511,-1.9195009657705753
-1.7197880804350483,-0.557794445724214,-0.5002778694450878,-2.1969370765170564,-0.154018890707743,-3.6603105190911362,0.20802462169570393,-2.204808950313001,-0.8983904322766016,-4.130829668799647,-0.5846078226854892,-0.3086561098379862,-0.32665805209966575,-2.9395075750505537,-0.847817890289144,-0.8762032852106044,0.6767353270351321,-0.6238594611428581,-0.7007251405003253,-1.228233522836446,-0.8112584658902516,-2.7990420372598193,-4.462355449788544,-2.3738661266366954,0.8746808522019992,-1.1056584170488555,-3.8970803024017924,-2.746567386784429,-13.346412797997449,-3.2085360909800107,-2.302879534677665,-3.4637172016728304,-1.034619113234952,-2.5577426559963046,-1.5082914442959963,-0.2859477289914978,-2.1792955094036546,0.7127748413641458,-2.611074687774932,-4.006201738164206,-0.6097163612709626,-4.751808519622549,-1.3846109867352163,0.8907790933975396,-2.3306719791975983,-1.227569045393851,0.7374118056095961,-1.6853773947992745,-0.11875862744763614,-0.5612608336529036,-0.5786926480828021,-3.2530979004438847,-0.19632222998365786,0.5090662250057573,0.871749717190271,0.24314437955448295,0.2311237565379798,-4.024185447208744,-0.6145195875675247,-0.4214974627787862,1.3378714377427101,-0.2712590249444738,-1.0083019709000751,0.8467170609828776,-0.9547579928268118,0.31860090315742884,-2.183213391483848,0.8752797139703413,-0.9977026980861744,-0.6652177228453611,0.762828713555098,0.45683215891116324,0.515493320439287,0.4779543846228835,-0.008234749634993507,-0.9337779720704164,-0.43967076075655637,-0.824349160396586,0.34350929961010673,0.7013068244106763,-2.358732654980705,0.8928353675370242,-1.8861968561164772,1.304845007185042,0.8167691332392527,0.31836198102744667,-0.1307153618526938,-2.2522815961334333,-3.0141046236669546,0.5990869080555429,-0.3667115671074454,-0.05932855335481657,0.08476406209339665,-0.43073371684517375,0.22880572587393141,-2.116522902722459,-0.6857086638715595,0.2616211815769443,-1.5036742198270923,0.7524057051330888,0.5235063382911466,-0.6771948921884582,-0.7738817730425785,-0.33607971205514436,-0.17402350175353415,0.8561150862540206,-1.0528066643408727,-0.27879028190379873,1.4282381692487776,-0.8715976002322042,-0.45465617348545057,-0.77466617233971,-0.5005226140700296,-1.1531699464390313,-2.0868330189465376,-0.3542528131031682,-1.1985648454110884,-2.6824234085631806,-0.14212196982148548,-0.916232643472927,-1.199183812437456,0.553462078371101,-0.9738030666476454,-1.04104550081481,-1.1532042428214813,-1.4253718330930312,0.40016888261545086,-0.77466617233971,-2.7111566501031437,-1.5468119995326124,-2.764763946403856
-1.7197880804350483,-0.557794445724214,-0.5002778694450878,-2.1969370765170564,-0.154018890707743,-3.6603105190911362,0.20802462169570393,-2.204808950313001,-0.8983904322766016,-4.130829668799647,-0.5846078226854892,-0.3086561098379862,-0.32665805209966575,-2.9395075750505537,-0.847817890289144,-0.8762032852106044,0.6767353270351321,-0.6238594611428581,-0.7007251405003253,-1.228233522836446,-0.8112584658902516,-2.7990420372598193,-4.462355449788544,-2.3738661266366954,0.8746808522019992,-1.1056584170488555,-3.8970803024017924,-2.746567386784429,-13.346412797997449,-3.2085360909800107,-2.302879534677665,-3.4637172016728304,-1.034619113234952,-2.5577426559963046,-1.5082914442959963,-0.2859477289914978,-2.1792955094036546,0.7127748413641458,-2.611074687774932,-4.006201738164206,-0.6097163612709626,-4.751808519622549,-1.3846109867352163,0.8907790933975396,-2.3306719791975983,-1.227569045393851,0.7374118056095961,-1.6853773947992745,-0.11875862744763614,-0.5612608336529036,-0.5786926480828021,-3.2530979004438847,-0.19632222998365786,0.5090662250057573,0.871749717190271,0.24314437955448295,0.2311237565379798,-4.024185447208744,-0.6145195875675247,-0.4214974627787862,1.3378714377427101,-0.2712590249444738,-1.0083019709000751,0.8467170609828776,-0.9547579928268118,0.31860090315742884,-2.183213391483848,0.8752797139703413,-0.9977026980861744,-0.6652177228453611,0.762828713555098,0.45683215891116324,0.515493320439287,0.4779543846228835,-0.008234749634993507,-0.9337779720704164,-0.43967076075655637,-0.824349160396586,0.34350929961010673,0.7013068244106763,-2.358732654980705,0.8928353675370242,-1.8861968561164772,1.304845007185042,0.8167691332392527,0.31836198102744667,-0.1307153618526938,-2.2522815961334333,-3.0141046236669546,0.5990869080555429,-0.3667115671074454,-0.05932855335481657,0.08476406209339665,-0.43073371684517375,0.22880572587393141,-2.116522902722459,-0.6857086638715595,0.2616211815769443,-1.5036742198270923,0.7524057051330888,0.5235063382911466,-0.6771948921884582,-0.7738817730425785,-0.33607971205514436,-0.17402350175353415,0.8561150862540206,-1.0528066643408727,-0.27879028190379873,1.4282381692487776,-0.8715976002322042,-0.45465617348545057,-0.77466617233971,-0.5005226140700296,-1.1531699464390313,-2.0868330189465376,-0.3542528131031682,-1.1985648454110884,-2.6824234085631806,-0.14212196982148548,-0.916232643472927,-1.199183812437456,0.553462078371101,-0.9738030666476454,-1.04104550081481,-1.1532042428214813,-1.4253718330930312,0.40016888261545086,-0.77466617233971,-2.7111566501031437,-1.5468119995326124,-2.764763946403856
-1.7197880804350483,-0.557794445724214,-0.5002778694450878,-2.1969370765170564,-0.154018890707743,-3.6603105190911362,0.20802462169570393,-2.204808950313001,-0.8983904322766016,-4.130829668799647,-0.5846078226854892,-0.3086561098379862,-0.32665805209966575,-2.9395075750505537,-0.847817890289144,-0.8762032852106044,0.6767353270351321,-0.6238594611428581,-0.7007251405003253,-1.228233522836446,-0.8112584658902516,-2.7990420372598193,-4.462355449788544,-2.3738661266366954,0.8746808522019992,-1.1056584170488555,-3.8970803024017924,-2.746567386784429,-13.346412797997449,-3.2085360909800107,-2.302879534677665,-3.4637172016728304,-1.034619113234952,-2.5577426559963046,-1.5082914442959963,-0.2859477289914978,-2.1792955094036546,0.7127748413641458,-2.611074687774932,-4.006201738164206,-0.6097163612709626,-4.751808519622549,-1.3846109867352163,0.8907790933975396,-2.3306719791975983,-1.227569045393851,0.7374118056095961,-1.6853773947992745,-0.11875862744763614,-0.5612608336529036,-0.5786926480828021,-3.2530979004438847,-0.19632222998365786,0.5090662250057573,0.871749717190271,0.24314437955448295,0.2311237565379798,-4.024185447208744,-0.6145195875675247,-0.4214974627787862,1.3378714377427101,-0.2712590249444738,-1.0083019709000751,0.8467170609828776,-0.9547579928268118,0.31860090315742884,-2.183213391483848,0.8752797139703413,-0.9977026980861744,-0.6652177228453611,0.762828713555098,0.45683215891116324,0.515493320439287,0.4779543846228835,-0.008234749634993507,-0.9337779720704164,-0.43967076075655637,-0.824349160396586,0.34350929961010673,0.7013068244106763,-2.358732654980705,0.8928353675370242,-1.8861968561164772,1.304845007185042,0.8167691332392527,0.31836198102744667,-0.1307153618526938,-2.2522815961334333,-3.0141046236669546,0.5990869080555429,-0.3667115671074454,-0.05932855335481657,0.08476406209339665,-0.43073371684517375,0.22880572587393141,-2.116522902722459,-0.6857086638715595,0.2616211815769443,-1.5036742198270923,0.7524057051330888,0.5235063382911466,-0.6771948921884582,-0.7738817730425785,-0.33607971205514436,-0.17402350175353415,0.8561150862540206,-1.0528066643408727,-0.27879028190379873,1.4282381692487776,-0.8715976002322042,-0.45465617348545057,-0.77466617233971,-0.5005226140700296,-1.1531699464390313,-2.0868330189465376,-0.3542528131031682,-1.1985648454110884,-2.6824234085631806,-0.14212196982148548,-0.916232643472927,-1.199183812437456,0.553462078371101,-0.9738030666476454,-1.04104550081481,-1.1532042428214813,-1.4253718330930312,0.40016888261545086,-0.77466617233971,-2.7111566501031437,-1.5468119995326124,-2.764763946403856
-1.7197880804350483,-0.557794445724214,-0.5002778694450878,-2.1969370765170564,-0.154018890707743,-3.6603105190911362,0.20802462169570393,-2.204808950313001,-0.8983904322766016,-4.130829668799647,-0.5846078226854892,-0.3086561098379862,-0.32665805209966575,-2.9395075750505537,-0.847817890289144,-0.8762032852106044,0.6767353270351321,-0.6238594611428581,-0.7007251405003253,-1.228233522836446,-0.8112584658902516,-2.7990420372598193,-4.462355449788544,-2.3738661266366954,0.8746808522019992,-1.1056584170488555,-3.8970803024017924,-2.746567386784429,-13.346412797997449,-3.2085360909800107,-2.302879534677665,-3.4637172016728304,-1.034619113234952,-2.5577426559963046,-1.5082914442959963,-0.2859477289914978,-2.1792955094036546,0.7127748413641458,-2.611074687774932,-4.006201738164206,-0.6097163612709626,-4.751808519622549,-1.3846109867352163,0.8907790933975396,-2.3306719791975983,-1.227569045393851,0.7374118056095961,-1.6853773947992745,-0.11875862744763614,-0.5612608336529036,-0.5786926480828021,-3.2530979004438847,-0.19632222998365786,0.5090662250057573,0.871749717190271,0.24314437955448295,0.2311237565379798,-4.024185447208744,-0.6145195875675247,-0.4214974627787862,1.3378714377427101,-0.2712590249444738,-1.0083019709000751,0.8467170609828776,-0.9547579928268118,0.31860090315742884,-2.183213391483848,0.8752797139703413,-0.9977026980861744,-0.6652177228453611,0.762828713555098,0.45683215891116324,0.515493320439287,0.4779543846228835,-0.008234749634993507,-0.9337779720704164,-0.43967076075655637,-0.824349160396586,0.34350929961010673,0.7013068244106763,-2.358732654980705,0.8928353675370242,-1.8861968561164772,1.304845007185042,0.8167691332392527,0.31836198102744667,-0.1307153618526938,-2.2522815961334333,-3.0141046236669546,0.5990869080555429,-0.3667115671074454,-0.05932855335481657,0.08476406209339665,-0.43073371684517375,0.22880572587393141,-2.116522902722459,-0.6857086638715595,0.2616211815769443,-1.5036742198270923,0.7524057051330888,0.5235063382911466,-0.6771948921884582,-0.7738817730425785,-0.33607971205514436,-0.17402350175353415,0.8561150862540206,-1.0528066643408727,-0.27879028190379873,1.4282381692487776,-0.8715976002322042,-0.45465617348545057,-0.77466617233971,-0.5005226140700296,-1.1531699464390313,-2.0868330189465376,-0.3542528131031682,-1.1985648454110884,-2.6824234085631806,-0.14212196982148548,-0.916232643472927,-1.199183812437456,0.553462078371101,-0.9738030666476454,-1.04104550081481,-1.1532042428214813,-1.4253718330930312,0.40016888261545086,-0.77466617233971,-2.7111566501031437,-1.5468119995326124,-2.764763946403856
-1.5578543107640699,-2.1906616945738597,-0.5657291502879406,-2.1212429793619325,0.3533210187404342,-3.8308012099428557,0.05653741835655463,-1.1370758070897025,-1.1717417296128634,-1.2720876454357983,-0.4335867565340268,-0.18240525873508906,-0.5158154884534474,-2.8298867855705883,-0.9237114702742719,-0.8846104870082744,0.7135527027411269,-0.8867174186319279,-1.446066567995613,-2.241394295192809,-0.7289494678746817,-4.630907562169589,-32.49747514341678,-2.1613868974950186,0.9847498759712648,-1.1762921748526183,-5.886676115824609,-2.655887236409747,-5.533899395070209,-3.2496987002555837,-5.405613916251017,-4.414902246642516,-1.5794044908933196,-4.2475006023749655,-2.637128377845448,-1.960447485799608,-1.9970377227651794,0.3188620095527808,-2.2991686984267643,-3.7692770844747803,-0.467665320364576,-4.304460854984928,-2.0141238121527647,0.5879131083064731,-3.2369095117829816,-0.3726854238354395,0.6070684833734513,-1.8331662521628767,0.16817634939445833,-0.2512701819163815,-0.3923821024770125,-36.84071251233198,-0.6514279054015989,0.6990609601259963,0.725605572300307,-0.41596572321645275,0.039806004393001644,-2.6383559961568803,-0.3941500282210249,-0.13548603707189236,0.9247414286192237,-0.2838000307767263,-0.816750975606253,0.7277118288462168,-1.0258167121178112,0.020258074752230536,-1.5243448405877258,0.6976629389861363,-0.2146827674118864,-0.5264311680334506,0.5269061753546003,0.4559152272864291,0.32360121119232643,0.5020783751949749,-0.3263870280134971,-0.7526858129652425,-0.5325751889435827,-0.3701285643685363,0.37174378074648956,0.4454744283928197,-3.0002353726607227,0.6282634115614818,-2.691388610404346,0.9517356601735415,0.9034687764160371,0.27092827346271925,-1.164140998092012,-2.5702179914011754,-3.1284437867124453,0.6675008220009327,0.10777524113080202,-0.536240648906782,0.2794584579188149,-0.5525618822051246,-0.027706252894132345,-0.19771058150019696,-2.4353174305580034,-0.18408548453349188,-1.3859725561437604,0.6703998312712468,0.5199493338149705,-1.3434483820877603,-0.9752429598698518,0.24475628867966392,-0.2758067683958632,0.6257145220455714,-1.2596578630115258,-0.8592917356130914,1.3254776963040706,-0.8111044809732867,-0.47614648918411084,-36.84136148790346,-0.6934772134497157,-2.352917490114593,-2.144269067942405,-0.731235222509274,-1.837273558139086,-1.604242631101678,-0.36247214266090655,-1.3547905324885678,-1.8291526724590637,0.4964935347770127,-0.7840939994225805,-1.4574681651852588,-2.202090836652822,-3.5295900798171873,-1.460093343392974,-36.84136148790346,-3.611099792727224,-2.089988616870336,-1.9598329167675466
-1.5578543107640699,-2.1906616945738597,-0.5657291502879406,-2.1212429793619325,0.3533210187404342,-3.8308012099428557,0.05653741835655463,-1.1370758070897025,-1.1717417296128634,-1.2720876454357983,-0.4335867565340268,-0.18240525873508906,-0.5158154884534474,-2.8298867855705883,-0.9237114702742719,-0.8846104870082744,0.7135527027411269,-0.8867174186319279,-1.446066567995613,-2.241394295192809,-0.7289494678746817,-4.630907562169589,-32.49747514341678,-2.1613868974950186,0.9847498759712648,-1.1762921748526183,-5.886676115824609,-2.655887236409747,-5.533899395070209,-3.2496987002555837,-5.405613916251017,-4.414902246642516,-1.5794044908933196,-4.2475006023749655,-2.637128377845448,-1.960447485799608,-1.9970377227651794,0.3188620095527808,-2.2991686984267643,-3.7692770844747803,-0.467665320364576,-4.304460854984928,-2.0141238121527647,0.5879131083064731,-3.2369095117829816,-0.3726854238354395,0.6070684833734513,-1.8331662521628767,0.16817634939445833,-0.2512701819163815,-0.3923821024770125,-36.84071251233198,-0.6514279054015989,0.6990609601259963,0.725605572300307,-0.41596572321645275,0.039806004393001644,-2.6383559961568803,-0.3941500282210249,-0.13548603707189236,0.9247414286192237,-0.2838000307767263,-0.816750975606253,0.7277118288462168,-1.0258167121178112,0.020258074752230536,-1.5243448405877258,0.6976629389861363,-0.2146827674118864,-0.5264311680334506,0.5269061753546003,0.4559152272864291,0.32360121119232643,0.5020783751949749,-0.3263870280134971,-0.7526858129652425,-0.5325751889435827,-0.3701285643685363,0.37174378074648956,0.4454744283928197,-3.0002353726607227,0.6282634115614818,-2.691388610404346,0.9517356601735415,0.9034687764160371,0.27092827346271925,-1.164140998092012,-2.5702179914011754,-3.1284437867124453,0.6675008220009327,0.10777524113080202,-0.536240648906782,0.2794584579188149,-0.5525618822051246,-0.027706252894132345,-0.19771058150019696,-2.4353174305580034,-0.18408548453349188,-1.3859725561437604,0.6703998312712468,0.5199493338149705,-1.3434483820877603,-0.9752429598698518,0.24475628867966392,-0.2758067683958632,0.6257145220455714,-1.2596578630115258,-0.8592917356130914,1.3254776963040706,-0.8111044809732867,-0.47614648918411084,-36.84136148790346,-0.6934772134497157,-2.352917490114593,-2.144269067942405,-0.731235222509274,-1.837273558139086,-1.604242631101678,-0.36247214266090655,-1.3547905324885678,-1.8291526724590637,0.4964935347770127,-0.7840939994225805,-1.4574681651852588,-2.202090836652822,-3.5295900798171873,-1.460093343392974,-36.84136148790346,-3.611099792727224,-2.089988616870336,-1.9598329167675466
-1.5578543107640699,-2.1906616945738597,-0.5657291502879406,-2.1212429793619325,0.3533210187404342,-3.8308012099428557,0.05653741835655463,-1.1370758070897025,-1.1717417296128634,-1.2720876454357983,-0.4335867565340268,-0.18240525873508906,-0.5158154884534474,-2.8298867855705883,-0.9237114702742719,-0.8846104870082744,0.7135527027411269,-0.8867174186319279,-1.446066567995613,-2.241394295192809,-0.7289494678746817,-4.630907562169589,-32.49747514341678,-2.1613868974950186,0.9847498759712648,-1.1762921748526183,-5.886676115824609,-2.655887236409747,-5.533899395070209,-3.2496987002555837,-5.405613916251017,-4.414902246642516,-1.5794044908933196,-4.2475006023749655,-2.637128377845448,-1.960447485799608,-1.9970377227651794,0.3188620095527808,-2.2991686984267643,-3.7692770844747803,-0.467665320364576,-4.304460854984928,-2.0141238121527647,0.5879131083064731,-3.2369095117829816,-0.3726854238354395,0.6070684833734513,-1.8331662521628767,0.16817634939445833,-0.2512701819163815,-0.3923821024770125,-36.84071251233198,-0.6514279054015989,0.6990609601259963,0.725605572300307,-0.41596572321645275,0.039806004393001644,-2.6383559961568803,-0.3941500282210249,-0.13548603707189236,0.9247414286192237,-0.2838000307767263,-0.816750975606253,0.7277118288462168,-1.0258167121178112,0.020258074752230536,-1.5243448405877258,0.6976629389861363,-0.2146827674118864,-0.5264311680334506,0.5269061753546003,0.4559152272864291,0.32360121119232643,0.5020783751949749,-0.3263870280134971,-0.7526858129652425,-0.5325751889435827,-0.3701285643685363,0.37174378074648956,0.4454744283928197,-3.0002353726607227,0.6282634115614818,-2.691388610404346,0.9517356601735415,0.9034687764160371,0.27092827346271925,-1.164140998092012,-2.5702179914011754,-3.1284437867124453,0.6675008220009327,0.10777524113080202,-0.536240648906782,0.2794584579188149,-0.5525618822051246,-0.027706252894132345,-0.19771058150019696,-2.4353174305580034,-0.18408548453349188,-1.3859725561437604,0.6703998312712468,0.5199493338149705,-1.3434483820877603,-0.9752429598698518,0.24475628867966392,-0.2758067683958632,0.6257145220455714,-1.2596578630115258,-0.8592917356130914,1.3254776963040706,-0.8111044809732867,-0.47614648918411084,-36.84136148790346,-0.6934772134497157,-2.352917490114593,-2.144269067942405,-0.731235222509274,-1.837273558139086,-1.604242631101678,-0.36247214266090655,-1.3547905324885678,-1.8291526724590637,0.4964935347770127,-0.7840939994225805,-1.4574681651852588,-2.202090836652822,-3.5295900798171873,-1.460093343392974,-36.84136148790346,-3.611099792727224,-2.089988616870336,-1.9598329167675466
-1.5180037971780962,-0.5819209125578333,-0.5760926900423433,-1.9899653696369985,0.024286898423638355,-3.4901077219101904,0.21938431182747617,-2.302898953256115,-1.0104448371985797,-1.4260493232335434,-0.37602130326864397,-0.17917719762597784,-0.3272422116893255,-2.4567900535661966,-0.8420033694530333,-1.0007641879683922,0.8606873567247044,-0.659227854352818,-0.8304434992529636,-1.6146596729982658,-0.9869146572734255,-3.962287902769164,-15.030253765333768,-2.4155496700984047,0.9601228920429192,-1.0856823829340347,-4.061948181523454,-1.7341832531656327,-3.0501736364929393,-1.5207877864881636,-4.32664886243514,-3.4482057521213867,-1.2447728355413044,-2.041899994794231,-1.539905007821957,-0.842879483663303,-1.7303665234144736,0.5554368252272134,-1.7193123309730602,-3.581531446012608,-0.4102327091646454,-3.9930225050432426,-2.04135674175736,0.6960421119774436,-3.0787770737713895,-0.2505605347542526,0.8815402372675357,-1.9243305245926383,-0.07072491018462916,-0.9814517792498402,-0.32434611929430057,-36.835461609673324,-0.7203910657318601,0.5751120457124302,0.8933811547587218,-1.1234989994421696,0.04350930476464413,-2.1796426958729396,-0.27870786013706533,0.01303380766664828,1.087753148278485,-0.24084721867308637,-0.4322355670392683,0.8042360982434114,-0.19988627271066095,-0.7979602033171234,-1.2182974192764435,0.8255192792999165,-0.05749522937278573,-0.1709685813117621,1.0383424268620909,0.7739933734817894,-0.08450911768438904,0.8471513481084271,0.2780706893973513,-0.37367404020714945,-1.6381512547390191,0.030770008008087418,0.6160170872523861,0.3417738117048115,-2.661318233674022,0.9288851898334033,-2.095468286471136,1.0414932277657436,0.9738280594576779,0.08218401108364284,-0.6452439077813096,-2.088262675922725,-2.4046621544496265,0.7996434598384409,-0.005587974425293374,-0.5744880105216205,0.28433393667396023,-0.33110617948013943,0.3382119221116988,-0.9331185179063534,-0.7366622367204563,-2.003349068995172,-1.5877220267921541,0.5684035603301242,0.6638915664676118,-0.8787447490279745,-0.9912480136549853,0.01556790212918447,-0.2293790166570836,0.6878393905850176,-1.3936449336367012,-0.5373524939508308,1.186719702782057,-0.8153571672985178,-0.12464176254422159,-36.84136148790473,0.23899819798200336,-1.3640701569893154,-2.3289555846544228,-0.10605189577029686,-1.7666731786137775,-1.8705348625248215,-0.16731428888455385,-0.730813273948825,-1.2982886395400668,0.4869734150444161,-1.0572737303179927,-1.4852038286723965,-1.966828162202067,-3.53563994749258,-0.13361317327771935,-36.84136148790473,-2.6768242795240136,-1.351095413790559,-2.330257318624598
-1.5180037971780962,-0.5819209125578333,-0.5760926900423433,-1.9899653696369985,0.024286898423638355,-3.4901077219101904,0.21938431182747617,-2.302898953256115,-1.0104448371985797,-1.4260493232335434,-0.37602130326864397,-0.17917719762597784,-0.3272422116893255,-2.4567900535661966,-0.8420033694530333,-1.0007641879683922,0.8606873567247044,-0.659227854352818,-0.8304434992529636,-1.6146596729982658,-0.9869146572734255,-3.962287902769164,-15.030253765333768,-2.4155496700984047,0.9601228920429192,-1.0856823829340347,-4.061948181523454,-1.7341832531656327,-3.0501736364929393,-1.5207877864881636,-4.32664886243514,-3.4482057521213867,-1.2447728355413044,-2.041899994794231,-1.539905007821957,-0.842879483663303,-1.7303665234144736,0.5554368252272134,-1.7193123309730602,-3.581531446012608,-0.4102327091646454,-3.9930225050432426,-2.04135674175736,0.6960421119774436,-3.0787770737713895,-0.2505605347542526,0.8815402372675357,-1.9243305245926383,-0.07072491018462916,-0.9814517792498402,-0.32434611929430057,-36.835461609673324,-0.7203910657318601,0.5751120457124302,0.8933811547587218,-1.1234989994421696,0.04350930476464413,-2.1796426958729396,-0.27870786013706533,0.01303380766664828,1.087753148278485,-0.24084721867308637,-0.4322355670392683,0.8042360982434114,-0.19988627271066095,-0.7979602033171234,-1.2182974192764435,0.8255192792999165,-0.05749522937278573,-0.1709685813117621,1.0383424268620909,0.7739933734817894,-0.08450911768438904,0.8471513481084271,0.2780706893973513,-0.37367404020714945,-1.6381512547390191,0.030770008008087418,0.6160170872523861,0.3417738117048115,-2.661318233674022,0.9288851898334033,-2.095468286471136,1.0414932277657436,0.9738280594576779,0.08218401108364284,-0.6452439077813096,-2.088262675922725,-2.4046621544496265,0.7996434598384409,-0.005587974425293374,-0.5744880105216205,0.28433393667396023,-0.33110617948013943,0.3382119221116988,-0.9331185179063534,-0.7366622367204563,-2.003349068995172,-1.5877220267921541,0.5684035603301242,0.6638915664676118,-0.8787447490279745,-0.9912480136549853,0.01556790212918447,-0.2293790166570836,0.6878393905850176,-1.3936449336367012,-0.5373524939508308,1.186719702782057,-0.8153571672985178,-0.12464176254422159,-36.84136148790473,0.23899819798200336,-1.3640701569893154,-2.3289555846544228,-0.10605189577029686,-1.7666731786137775,-1.8705348625248215,-0.16731428888455385,-0.730813273948825,-1.2982886395400668,0.4869734150444161,-1.0572737303179927,-1.4852038286723965,-1.966828162202067,-3.53563994749258,-0.13361317327771935,-36.84136148790473,-2.6768242795240136,-1.351095413790559,-2.330257318624598
-1.5180037971780962,-0.5819209125578333,-0.5760926900423433,-1.9899653696369985,0.024286898423638355,-3.4901077219101904,0.21938431182747617,-2.302898953256115,-1.0104448371985797,-1.4260493232335434,-0.37602130326864397,-0.17917719762597784,-0.3272422116893255,-2.4567900535661966,-0.8420033694530333,-1.0007641879683922,0.8606873567247044,-0.659227854352818,-0.8304434992529636,-1.6146596729982658,-0.9869146572734255,-3.962287902769164,-15.030253765333768,-2.4155496700984047,0.9601228920429192,-1.0856823829340347,-4.061948181523454,-1.7341832531656327,-3.0501736364929393,-1.5207877864881636,-4.32664886243514,-3.4482057521213867,-1.2447728355413044,-2.041899994794231,-1.539905007821957,-0.842879483663303,-1.7303665234144736,0.5554368252272134,-1.7193123309730602,-3.581531446012608,-0.4102327091646454,-3.9930225050432426,-2.04135674175736,0.6960421119774436,-3.0787770737713895,-0.2505605347542526,0.8815402372675357,-1.9243305245926383,-0.07072491018462916,-0.9814517792498402,-0.32434611929430057,-36.835461609673324,-0.7203910657318601,0.5751120457124302,0.8933811547587218,-1.1234989994421696,0.04350930476464413,-2.1796426958729396,-0.27870786013706533,0.01303380766664828,1.087753148278485,-0.24084721867308637,-0.4322355670392683,0.8042360982434114,-0.19988627271066095,-0.7979602033171234,-1.2182974192764435,0.8255192792999165,-0.05749522937278573,-0.1709685813117621,1.0383424268620909,0.7739933734817894,-0.08450911768438904,0.8471513481084271,0.2780706893973513,-0.37367404020714945,-1.6381512547390191,0.030770008008087418,0.6160170872523861,0.3417738117048115,-2.661318233674022,0.9288851898334033,-2.095468286471136,1.0414932277657436,0.9738280594576779,0.08218401108364284,-0.6452439077813096,-2.088262675922725,-2.4046621544496265,0.7996434598384409,-0.005587974425293374,-0.5744880105216205,0.28433393667396023,-0.33110617948013943,0.3382119221116988,-0.9331185179063534,-0.7366622367204563,-2.003349068995172,-1.5877220267921541,0.5684035603301242,0.6638915664676118,-0.8787447490279745,-0.9912480136549853,0.01556790212918447,-0.2293790166570836,0.6878393905850176,-1.3936449336367012,-0.5373524939508308,1.186719702782057,-0.8153571672985178,-0.12464176254422159,-36.84136148790473,0.23899819798200336,-1.3640701569893154,-2.3289555846544228,-0.10605189577029686,-1.7666731786137775,-1.8705348625248215,-0.16731428888455385,-0.730813273948825,-1.2982886395400668,0.4869734150444161,-1.0572737303179927,-1.4852038286723965,-1.966828162202067,-3.53563994749258,-0.13361317327771935,-36.84136148790473,-2.6768242795240136,-1.351095413790559,-2.330257318624598
-1.949572569695789,-2.8603073254365157,-0.6624200406838255,-2.4633878645905654,0.1576910244768254,-3.8394407593922035,-0.8650204219280613,-0.9779223259056798,-1.5177068625266739,0.3360758068347931,-0.6545419713868742,-0.1929984814811479,-0.12139235764108909,-2.9379881319741075,-1.2177447352093815,-0.9702084280469282,0.41267229907032,-0.9097605554318459,-1.6493343173505668,-1.9452645369523527,-1.377707379697922,-3.1738186279448546,-4.548547621472148,-2.365187765876053,0.8842841955362515,-0.6962041304954526,-4.031068939001809,-2.582134783946129,-2.9812938256053227,-1.7004403547255227,-4.526565064351722,-2.994025123803656,-1.096593508100491,-3.8008232986947754,-3.6595423673817664,-2.200646448756635,-2.8810458466875684,0.22685723339778613,-2.262670279457409,-3.0385035634371325,-0.47354340637304165,-3.6636121497875336,-2.10924162236831,0.14505883608634298,-3.1784904581330586,-0.2644407526425585,0.5688860749701059,-1.5756607714764646,0.08584231294240656,-0.04624057052021033,-0.5456013524941358,-6.349505500826186,-0.2915029071977828,0.5626829601626695,0.7892461430612335,-0.9450698235591575,-0.35280800092788267,-2.348938504979392,-0.500468272880635,-0.32239169201814416,0.7997872427541763,-0.6610077096896909,-0.7182959761991918,0.7739816951980157,-1.3359042927966431,-0.011978583093840365,-2.379390744275152,0.7942074298748909,-0.35982192930533735,-0.7917036994630536,0.1947397330946704,0.3471783405319656,0.5100410836800284,0.6805605726522189,-0.8958022264136972,-0.9549710797366975,-0.6460438481328655,0.04404471458884466,0.2615390984844991,0.4701844514633328,-2.809645140673182,0.6440785377780083,-2.558229185642316,1.0567247958998764,0.1650549775432132,0.4018777970953348,-1.4571624817028832,-2.638333548551857,-3.7244533047453032,0.6611233719707645,0.056993652608811764,-0.4796266253667253,-0.03499890979877667,-0.38806704168810335,-0.0691885562230663,0.3282248117764696,-1.172245085465087,-0.6828309571291501,-0.7793927071734185,0.5465639656080592,0.1906115433459858,-1.3458575080452573,-0.7879474276135886,0.38209155780713205,-0.6213564126210895,-0.033371186894551416,-1.190723551676111,-1.0664428341999224,1.0473147093017399,-0.8800056411762051,-1.0495505100712166,-36.841361487904436,-1.3868520218174167,-1.8663477428946509,-1.5902020373698622,-0.7809685253257965,-2.39738166888622,-1.6395086052353456,-2.0929273827026686,-2.103997414093049,-2.2119529678313508,0.15421717151680925,-1.246451622339639,-1.7507009156381443,-2.0364244909059637,-5.547085758917485,-1.7813298958382506,-36.841361487904436,-3.6261273090821904,-2.1672966945791985,-1.4189088563930286
-1.949572569695789,-2.8603073254365157,-0.6624200406838255,-2.4633878645905654,0.1576910244768254,-3.8394407593922035,-0.8650204219280613,-0.9779223259056798,-1.5177068625266739,0.3360758068347931,-0.6545419713868742,-0.1929984814811479,-0.12139235764108909,-2.9379881319741075,-1.2177447352093815,-0.9702084280469282,0.41267229907032,-0.9097605554318459,-1.6493343173505668,-1.9452645369523527,-1.377707379697922,-3.1738186279448546,-4.548547621472148,-2.365187765876053,0.8842841955362515,-0.6962041304954526,-4.031068939001809,-2.582134783946129,-2.9812938256053227,-1.7004403547255227,-4.526565064351722,-2.994025123803656,-1.096593508100491,-3.8008232986947754,-3.6595423673817664,-2.200646448756635,-2.8810458466875684,0.22685723339778613,-2.262670279457409,-3.0385035634371325,-0.47354340637304165,-3.6636121497875336,-2.10924162236831,0.14505883608634298,-3.1784904581330586,-0.2644407526425585,0.5688860749701059,-1.5756607714764646,0.08584231294240656,-0.04624057052021033,-0.5456013524941358,-6.349505500826186,-0.2915029071977828,0.5626829601626695,0.7892461430612335,-0.9450698235591575,-0.35280800092788267,-2.348938504979392,-0.500468272880635,-0.32239169201814416,0.7997872427541763,-0.6610077096896909,-0.7182959761991918,0.7739816951980157,-1.3359042927966431,-0.011978583093840365,-2.379390744275152,0.7942074298748909,-0.35982192930533735,-0.7917036994630536,0.1947397330946704,0.3471783405319656,0.5100410836800284,0.6805605726522189,-0.8958022264136972,-0.9549710797366975,-0.6460438481328655,0.04404471458884466,0.2615390984844991,0.4701844514633328,-2.809645140673182,0.6440785377780083,-2.558229185642316,1.0567247958998764,0.1650549775432132,0.4018777970953348,-1.4571624817028832,-2.638333548551857,-3.7244533047453032,0.6611233719707645,0.056993652608811764,-0.4796266253667253,-0.03499890979877667,-0.38806704168810335,-0.0691885562230663,0.3282248117764696,-1.172245085465087,-0.6828309571291501,-0.7793927071734185,0.5465639656080592,0.1906115433459858,-1.3458575080452573,-0.7879474276135886,0.38209155780713205,-0.6213564126210895,-0.033371186894551416,-1.190723551676111,-1.0664428341999224,1.0473147093017399,-0.8800056411762051,-1.0495505100712166,-36.841361487904436,-1.3868520218174167,-1.8663477428946509,-1.5902020373698622,-0.7809685253257965,-2.39738166888622,-1.6395086052353456,-2.0929273827026686,-2.103997414093049,-2.2119529678313508,0.15421717151680925,-1.246451622339639,-1.7507009156381443,-2.0364244909059637,-5.547085758917485,-1.7813298958382506,-36.841361487904436,-3.6261273090821904,-2.1672966945791985,-1.4189088563930286
-1.949572569695789,-2.8603073254365157,-0.6624200406838255,-2.4633878645905654,0.1576910244768254,-3.8394407593922035,-0.8650204219280613,-0.9779223259056798,-1.5177068625266739,0.3360758068347931,-0.6545419713868742,-0.1929984814811479,-0.12139235764108909,-2.9379881319741075,-1.2177447352093815,-0.9702084280469282,0.41267229907032,-0.9097605554318459,-1.6493343173505668,-1.9452645369523527,-1.377707379697922,-3.1738186279448546,-4.548547621472148,-2.365187765876053,0.8842841955362515,-0.6962041304954526,-4.031068939001809,-2.582134783946129,-2.9812938256053227,-1.7004403547255227,-4.526565064351722,-2.994025123803656,-1.096593508100491,-3.8008232986947754,-3.6595423673817664,-2.200646448756635,-2.8810458466875684,0.22685723339778613,-2.262670279457409,-3.0385035634371325,-0.47354340637304165,-3.6636121497875336,-2.10924162236831,0.14505883608634298,-3.1784904581330586,-0.2644407526425585,0.5688860749701059,-1.5756607714764646,0.08584231294240656,-0.04624057052021033,-0.5456013524941358,-6.349505500826186,-0.2915029071977828,0.5626829601626695,0.7892461430612335,-0.9450698235591575,-0.35280800092788267,-2.348938504979392,-0.500468272880635,-0.32239169201814416,0.7997872427541763,-0.6610077096896909,-0.7182959761991918,0.7739816951980157,-1.3359042927966431,-0.011978583093840365,-2.379390744275152,0.7942074298748909,-0.35982192930533735,-0.7917036994630536,0.1947397330946704,0.3471783405319656,0.5100410836800284,0.6805605726522189,-0.8958022264136972,-0.9549710797366975,-0.6460438481328655,0.04404471458884466,0.2615390984844991,0.4701844514633328,-2.809645140673182,0.6440785377780083,-2.558229185642316,1.0567247958998764,0.1650549775432132,0.4018777970953348,-1.4571624817028832,-2.638333548551857,-3.7244533047453032,0.6611233719707645,0.056993652608811764,-0.4796266253667253,-0.03499890979877667,-0.38806704168810335,-0.0691885562230663,0.3282248117764696,-1.172245085465087,-0.6828309571291501,-0.7793927071734185,0.5465639656080592,0.1906115433459858,-1.3458575080452573,-0.7879474276135886,0.38209155780713205,-0.6213564126210895,-0.033371186894551416,-1.190723551676111,-1.0664428341999224,1.0473147093017399,-0.8800056411762051,-1.0495505100712166,-36.841361487904436,-1.3868520218174167,-1.8663477428946509,-1.5902020373698622,-0.7809685253257965,-2.39738166888622,-1.6395086052353456,-2.0929273827026686,-2.103997414093049,-2.2119529678313508,0.15421717151680925,-1.246451622339639,-1.7507009156381443,-2.0364244909059637,-5.547085758917485,-1.7813298958382506,-36.841361487904436,-3.6261273090821904,-2.1672966945791985,-1.4189088563930286
-2.7473331294400523,-2.899239971460709,-0.5478896221649804,-1.4945331726202884,0.8452738961344781,-4.441149673346085,0.4318933098286102,-0.5227232012226843,-1.4333855878497082,0.33399452835030136,-0.6143417113334267,-0.26478279947262473,-0.4610431975512629,-2.72048920214575,-1.1224658634877671,-0.29794942322240003,0.4372931054301909,-0.49169850339946686,-1.5838664106314542,-2.0975800049864524,-0.5469052052726453,-3.805672676125363,-5.863512578518656,-2.519367095803955,0.9199312074118454,-0.5228209145199897,-4.335422689066374,-3.2298677369199003,-6.2407228795740695,-3.318125696878623,-7.1912461385041935,-4.933604427208591,-1.0278117940262883,-2.152660634877005,-3.582787024658039,-2.9294708163479752,-3.2481237833471512,-0.007215708114769333,-3.0411600482899153,-3.7293869130843955,-0.9516481948094723,-4.24449730384709,-2.0968264462587207,0.4603511135929584,-3.6349642841418124,-0.7224350797503015,0.5903206357956615,-1.3848823154915664,-0.27409186948623665,-0.633931410890185,-0.18437812654179156,-36.7677002396598,-0.4412665969452442,0.7751971827753701,0.8921753865197075,-1.2138430965168128,-0.24523380083650326,-3.758059661682745,-0.651210797058576,-0.4352441807625015,1.2199392559391038,-0.5358146349859726,-0.48044849658456473,0.6815835096012641,-0.7689186733532052,0.33832769443334904,-2.0310388630916707,0.7677939583289141,-0.5499522286615008,-1.0332084653175964,0.829766067381723,0.5406393384560919,-0.2581880261497937,0.49240539428254954,-0.7256877611435164,-0.9522426497931432,-1.0109381420180026,-0.36416510190272866,0.07034006235209504,0.7407745264446263,-2.5749561394758604,0.6295800159921473,-2.162900103886844,0.9427790893294092,0.5559245657444932,0.4787166902653247,-1.5191556837527813,-2.431357268848926,-3.5559558654661174,0.7235499724592241,-0.10942661396616847,-0.9585170043681821,0.22578092885688147,-0.8242155898896665,-0.12099968787495761,0.24181470682848336,-3.457703424895582,0.2757054184583183,-1.051546823299709,0.7792912799549276,0.3350397014312865,-1.4911208312073985,-1.4044305644205792,0.6821972617717393,-0.07517690964218289,0.5784485693569231,-1.2418551690191721,-0.9424820797597396,1.2439715319998783,-1.1066599894673765,-0.7237240081638753,-5.730878064907162,-1.3007618736209574,-3.509837263165649,-1.9248642523612214,-1.3271625447525595,-1.8099833868247834,-0.8648102359598234,-0.004931884409571602,-1.2908983784227932,-1.666930904899574,0.5653306132992392,-1.188513096296987,-0.6524180344875349,-3.1004917329349184,-1.1339013653209506,-0.6740789483394348,-5.730878064907162,-3.2050182985211193,-2.1081320040469365,-1.2250444275613288
-2.7473331294400523,-2.899239971460709,-0.5478896221649804,-1.4945331726202884,0.8452738961344781,-4.441149673346085,0.4318933098286102,-0.5227232012226843,-1.4333855878497082,0.33399452835030136,-0.6143417113334267,-0.26478279947262473,-0.4610431975512629,-2.72048920214575,-1.1224658634877671,-0.29794942322240003,0.4372931054301909,-0.49169850339946686,-1.5838664106314542,-2.0975800049864524,-0.5469052052726453,-3.805672676125363,-5.863512578518656,-2.519367095803955,0.9199312074118454,-0.5228209145199897,-4.335422689066374,-3.2298677369199003,-6.2407228795740695,-3.318125696878623,-7.1912461385041935,-4.933604427208591,-1.0278117940262883,-2.152660634877005,-3.582787024658039,-2.9294708163479752,-3.2481237833471512,-0.007215708114769333,-3.0411600482899153,-3.7293869130843955,-0.9516481948094723,-4.24449730384709,-2.0968264462587207,0.4603511135929584,-3.6349642841418124,-0.7224350797503015,0.5903206357956615,-1.3848823154915664,-0.27409186948623665,-0.633931410890185,-0.18437812654179156,-36.7677002396598,-0.4412665969452442,0.7751971827753701,0.8921753865197075,-1.2138430965168128,-0.24523380083650326,-3.758059661682745,-0.651210797058576,-0.4352441807625015,1.2199392559391038,-0.5358146349859726,-0.48044849658456473,0.6815835096012641,-0.7689186733532052,0.33832769443334904,-2.0310388630916707,0.7677939583289141,-0.5499522286615008,-1.0332084653175964,0.829766067381723,0.5406393384560919,-0.2581880261497937,0.49240539428254954,-0.7256877611435164,-0.9522426497931432,-1.0109381420180026,-0.36416510190272866,0.07034006235209504,0.7407745264446263,-2.5749561394758604,0.6295800159921473,-2.162900103886844,0.9427790893294092,0.5559245657444932,0.4787166902653247,-1.5191556837527813,-2.431357268848926,-3.5559558654661174,0.7235499724592241,-0.10942661396616847,-0.9585170043681821,0.22578092885688147,-0.8242155898896665,-0.12099968787495761,0.24181470682848336,-3.457703424895582,0.2757054184583183,-1.051546823299709,0.7792912799549276,0.3350397014312865,-1.4911208312073985,-1.4044305644205792,0.6821972617717393,-0.07517690964218289,0.5784485693569231,-1.2418551690191721,-0.9424820797597396,1.2439715319998783,-1.1066599894673765,-0.7237240081638753,-5.730878064907162,-1.3007618736209574,-3.509837263165649,-1.9248642523612214,-1.3271625447525595,-1.8099833868247834,-0.8648102359598234,-0.004931884409571602,-1.2908983784227932,-1.666930904899574,0.5653306132992392,-1.188513096296987,-0.6524180344875349,-3.1004917329349184,-1.1339013653209506,-0.6740789483394348,-5.730878064907162,-3.2050182985211193,-2.1081320040469365,-1.2250444275613288
-2.7473331294400523,-2.899239971460709,-0.5478896221649804,-1.4945331726202884,0.8452738961344781,-4.441149673346085,0.4318933098286102,-0.5227232012226843,-1.4333855878497082,0.33399452835030136,-0.6143417113334267,-0.26478279947262473,-0.4610431975512629,-2.72048920214575,-1.1224658634877671,-0.29794942322240003,0.4372931054301909,-0.49169850339946686,-1.5838664106314542,-2.0975800049864524,-0.5469052052726453,-3.805672676125363,-5.863512578518656,-2.519367095803955,0.9199312074118454,-0.5228209145199897,-4.335422689066374,-3.2298677369199003,-6.2407228795740695,-3.318125696878623,-7.1912461385041935,-4.933604427208591,-1.0278117940262883,-2.152660634877005,-3.582787024658039,-2.9294708163479752,-3.2481237833471512,-0.007215708114769333,-3.0411600482899153,-3.7293869130843955,-0.9516481948094723,-4.24449730384709,-2.0968264462587207,0.4603511135929584,-3.6349642841418124,-0.7224350797503015,0.5903206357956615,-1.3848823154915664,-0.27409186948623665,-0.633931410890185,-0.18437812654179156,-36.7677002396598,-0.4412665969452442,0.7751971827753701,0.8921753865197075,-1.2138430965168128,-0.24523380083650326,-3.758059661682745,-0.651210797058576,-0.4352441807625015,1.2199392559391038,-0.5358146349859726,-0.48044849658456473,0.6815835096012641,-0.7689186733532052,0.33832769443334904,-2.0310388630916707,0.7677939583289141,-0.5499522286615008,-1.0332084653175964,0.829766067381723,0.5406393384560919,-0.2581880261497937,0.49240539428254954,-0.7256877611435164,-0.9522426497931432,-1.0109381420180026,-0.36416510190272866,0.07034006235209504,0.7407745264446263,-2.5749561394758604,0.6295800159921473,-2.162900103886844,0.9427790893294092,0.5559245657444932,0.4787166902653247,-1.5191556837527813,-2.431357268848926,-3.5559558654661174,0.7235499724592241,-0.10942661396616847,-0.9585170043681821,0.22578092885688147,-0.8242155898896665,-0.12099968787495761,0.24181470682848336,-3.457703424895582,0.2757054184583183,-1.051546823299709,0.7792912799549276,0.3350397014312865,-1.4911208312073985,-1.4044305644205792,0.6821972617717393,-0.07517690964218289,0.5784485693569231,-1.2418551690191721,-0.9424820797597396,1.2439715319998783,-1.1066599894673765,-0.7237240081638753,-5.730878064907162,-1.3007618736209574,-3.509837263165649,-1.9248642523612214,-1.3271625447525595,-1.8099833868247834,-0.8648102359598234,-0.004931884409571602,-1.2908983784227932,-1.666930904899574,0.5653306132992392,-1.188513096296987,-0.6524180344875349,-3.1004917329349184,-1.1339013653209506,-0.6740789483394348,-5.730878064907162,-3.2050182985211193,-2.1081320040469365,-1.2250444275613288
-1.4929373790851481,-0.7917076065432833,-0.8403799144541726,-1.9833570519679735,0.3688201541943327,-4.3059690215583,-0.41884829382963373,-0.8646426732291236,-0.8463282687856465,0.3391615034441252,-0.5872570376093552,-0.16626622774427452,-0.2763934194082067,-2.5276647602744187,-1.1422193836433783,-1.3181212644390312,0.46210864916194355,-0.670163367844898,-1.128593734725935,-1.237242522398941,0.11388712801526807,-2.7940173791584644,-3.6259683695267855,-2.2899397450283385,0.7842331282277893,-0.5866537143636454,-4.210401479550026,-1.7510260388312335,-3.026603526863969,-1.1589937273915134,-4.244995996699225,-2.751941466895836,-0.9762100666792728,-1.9743656410083046,-2.2987585123471126,-2.2309466370718973,-1.9983195025784468,0.08543429539829604,-1.667049268993944,-3.32272060088829,-0.6217615351897151,-3.835766105857125,-2.010714093258958,0.2745950292084718,-2.518620215484122,-0.25723832299033467,0.580569231360934,-1.8325048011320948,-0.06972697461611224,-0.1892663081284159,-0.6565925602405976,-35.46881761380639,-0.09665415503062015,0.6357115211407101,0.7145208827073689,-0.8190035963708437,-0.45842614701835604,-2.383771598625273,-0.41176858952453804,-0.08073711445092521,1.2440506484268332,-0.6556235368982131,-0.5347513276067327,0.7549592133934344,-0.8699985160543277,0.044017250889930665,-1.5975629971002128,0.5577833466115047,-0.8013626053916013,-0.3191606623306367,0.5712933825128353,0.5062201487090345,0.284756995431345,0.6820152397918542,-0.4598508257179783,-0.793063052835325,-0.5894042731940018,-0.279864495044036,0.4650223417669369,0.394682087337827,-2.645669646138046,0.6536774242497972,-2.245489782348058,1.1103210853566825,0.3921634786849713,0.33780890337784636,-1.1629598919762902,-2.5742552650440187,-3.1661853035909795,0.7064544509527694,0.07476008003667396,-0.5950134363211417,0.1245876393976718,-0.4510276421968367,0.2298135531356583,-0.28092141369884416,-2.63307208100828,-1.4376448497648568,-1.1530803462786627,0.4410505952600502,0.6045178469605096,-1.1063962373937914,-0.863750294851669,0.41178641680779693,-0.41780171738462674,0.3219593344024544,-1.365838107534854,-0.39921051922573864,1.3393109931611584,-1.0363700347820317,-0.5392397656781865,-3.6932047351450294,-0.8201362798452461,-1.2295040307540295,-0.9643193891386292,-0.7558448712968505,-1.34064889349823,-1.7243084785320468,-0.11816523444871202,-1.0813136259929934,-1.1449060784269696,0.49806278506133256,-0.6627779132861661,-1.2490919695255351,-2.027052787659436,-3.9911375293634883,-1.5955239283442968,-3.6932047351450294,-3.3784837300845303,-2.1116617002462603,-1.1917644267604992
-2.187401877670236,-0.5336022514990556,-0.4680483746605084,-1.1333086235236693,0.5448509804370248,-3.5788087988627,0.39456669942158157,-0.9899424266128082,-1.007900491658423,-0.027747373603338246,-0.49734308610812045,-0.29534448448853984,-0.7215479482870114,-2.423168844834727,-0.9654316617837787,-1.1566986207072103,0.7685892005714108,-0.4638840614732029,-0.9741343613190024,-1.8687596623680178,-0.33661566586542324,-3.964646982112722,-7.455545820269321,-2.349471111602613,0.8897353122721331,-0.5085637962324908,-4.436186037764423,-1.9411526707878115,-4.309000889962712,-2.500431980838732,-6.122310692973496,-5.003761558234325,-1.2478522167503365,-1.1230301228947388,-1.5453663673742621,-2.4741607338470177,-1.9312662428868541,0.3913840717272672,-2.269198297881349,-2.3899309241244513,-0.6876604326537277,-5.286252749854663,-2.1744353558860334,0.5377047061666546,-2.943729047386215,-0.33883317766558313,0.8380032770146415,-1.7397323685517996,-0.24133043444576638,-1.372446861508246,-0.2714829204078121,-36.84136148479307,-0.5183550744808018,0.6668486943934986,0.7034078546756296,-2.049575120443817,0.024447576616831022,-3.383318637524192,-0.3393883697702232,0.34521755898553114,1.265483611374058,-0.48712978162851084,0.3964252310639593,0.3010707886363565,0.3522624197903152,-0.9470019382583313,-0.9698822029868046,0.6784468199646858,-0.4802189471202176,-0.14225608610679435,1.2083548421049288,1.0589618731076857,-0.4262226895395802,0.848581839333384,-0.055851214050435166,-0.40296870322537703,-1.9982101504381107,-0.16438461860018197,0.6033785667683583,0.04680734309538257,-2.6533867844462367,1.0078883543522197,-2.3573116504650673,1.0287806310033518,0.9544060123531035,-0.47819466426953894,-0.7576892928645654,-2.221921221344643,-2.5337314028991154,0.6679532805454301,-0.0026501846192317218,-1.1169291649508708,0.2177104241487285,-0.2608376637071133,0.6143529038652447,-0.9103416917049901,-2.0713656489151497,-2.2153515049152674,-1.366133055864265,0.5011974177626327,0.8180631481076871,-1.1062572304536546,-1.3927835139525744,0.29210310319041505,-0.14220799657851382,0.5516057106421037,-1.3962170039218182,-0.3786804714348479,1.3788846711821767,-0.9835232219882756,-0.26427953012579547,-6.630130635565925,0.24230847767132513,-2.2646404196012493,-1.2629025991194636,-0.7437213855900303,-1.1138818857706034,-1.1233396319526585,0.7562479055988277,-0.07388869146723251,-0.4863834103679661,0.5312522613846553,-0.6065914864256848,-0.5907904376676862,-3.162624775579712,-2.521612919616585,-1.0625256602701063,-6.630130635565925,-3.120195380737515,-1.2758238856743236,-1.1287902956784812
-2.187401877670236,-0.5336022514990556,-0.4680483746605084,-1.1333086235236693,0.5448509804370248,-3.5788087988627,0.39456669942158157,-0.9899424266128082,-1.007900491658423,-0.027747373603338246,-0.49734308610812045,-0.29534448448853984,-0.7215479482870114,-2.423168844834727,-0.9654316617837787,-1.1566986207072103,0.7685892005714108,-0.4638840614732029,-0.9741343613190024,-1.8687596623680178,-0.33661566586542324,-3.964646982112722,-7.455545820269321,-2.349471111602613,0.8897353122721331,-0.5085637962324908,-4.436186037764423,-1.9411526707878115,-4.309000889962712,-2.500431980838732,-6.122310692973496,-5.003761558234325,-1.2478522167503365,-1.1230301228947388,-1.5453663673742621,-2.4741607338470177,-1.9312662428868541,0.3913840717272672,-2.269198297881349,-2.3899309241244513,-0.6876604326537277,-5.286252749854663,-2.1744353558860334,0.5377047061666546,-2.943729047386215,-0.33883317766558313,0.8380032770146415,-1.7397323685517996,-0.24133043444576638,-1.372446861508246,-0.2714829204078121,-36.84136148479307,-0.5183550744808018,0.6668486943934986,0.7034078546756296,-2.049575120443817,0.024447576616831022,-3.383318637524192,-0.3393883697702232,0.34521755898553114,1.265483611374058,-0.48712978162851084,0.3964252310639593,0.3010707886363565,0.3522624197903152,-0.9470019382583313,-0.9698822029868046,0.6784468199646858,-0.4802189471202176,-0.14225608610679435,1.2083548421049288,1.0589618731076857,-0.4262226895395802,0.848581839333384,-0.055851214050435166,-0.40296870322537703,-1.9982101504381107,-0.16438461860018197,0.6033785667683583,0.04680734309538257,-2.6533867844462367,1.0078883543522197,-2.3573116504650673,1.0287806310033518,0.9544060123531035,-0.47819466426953894,-0.7576892928645654,-2.221921221344643,-2.5337314028991154,0.6679532805454301,-0.0026501846192317218,-1.1169291649508708,0.2177104241487285,-0.2608376637071133,0.6143529038652447,-0.9103416917049901,-2.0713656489151497,-2.2153515049152674,-1.366133055864265,0.5011974177626327,0.8180631481076871,-1.1062572304536546,-1.3927835139525744,0.29210310319041505,-0.14220799657851382,0.5516057106421037,-1.3962170039218182,-0.3786804714348479,1.3788846711821767,-0.9835232219882756,-0.26427953012579547,-6.630130635565925,0.24230847767132513,-2.2646404196012493,-1.2629025991194636,-0.7437213855900303,-1.1138818857706034,-1.1233396319526585,0.7562479055988277,-0.07388869146723251,-0.4863834103679661,0.5312522613846553,-0.6065914864256848,-0.5907904376676862,-3.162624775579712,-2.521612919616585,-1.0625256602701063,-6.630130635565925,-3.120195380737515,-1.2758238856743236,-1.1287902956784812
-2.187401877670236,-0.5336022514990556,-0.4680483746605084,-1.1333086235236693,0.5448509804370248,-3.5788087988627,0.39456669942158157,-0.9899424266128082,-1.007900491658423,-0.027747373603338246,-0.49734308610812045,-0.29534448448853984,-0.7215479482870114,-2.423168844834727,-0.9654316617837787,-1.1566986207072103,0.7685892005714108,-0.4638840614732029,-0.9741343613190024,-1.8687596623680178,-0.33661566586542324,-3.964646982112722,-7.455545820269321,-2.349471111602613,0.8897353122721331,-0.5085637962324908,-4.436186037764423,-1.9411526707878115,-4.309000889962712,-2.500431980838732,-6.122310692973496,-5.003761558234325,-1.2478522167503365,-1.1230301228947388,-1.5453663673742621,-2.4741607338470177,-1.9312662428868541,0.3913840717272672,-2.269198297881349,-2.3899309241244513,-0.6876604326537277,-5.286252749854663,-2.1744353558860334,0.5377047061666546,-2.943729047386215,-0.33883317766558313,0.8380032770146415,-1.7397323685517996,-0.24133043444576638,-1.372446861508246,-0.2714829204078121,-36.84136148479307,-0.5183550744808018,0.6668486943934986,0.7034078546756296,-2.049575120443817,0.024447576616831022,-3.383318637524192,-0.3393883697702232,0.34521755898553114,1.265483611374058,-0.48712978162851084,0.3964252310639593,0.3010707886363565,0.3522624197903152,-0.9470019382583313,-0.9698822029868046,0.6784468199646858,-0.4802189471202176,-0.14225608610679435,1.2083548421049288,1.0589618731076857,-0.4262226895395802,0.848581839333384,-0.055851214050435166,-0.40296870322537703,-1.9982101504381107,-0.16438461860018197,0.6033785667683583,0.04680734309538257,-2.6533867844462367,1.0078883543522197,-2.3573116504650673,1.0287806310033518,0.9544060123531035,-0.47819466426953894,-0.7576892928645654,-2.221921221344643,-2.5337314028991154,0.6679532805454301,-0.0026501846192317218,-1.1169291649508708,0.2177104241487285,-0.2608376637071133,0.6143529038652447,-0.9103416917049901,-2.0713656489151497,-2.2153515049152674,-1.366133055864265,0.5011974177626327,0.8180631481076871,-1.1062572304536546,-1.3927835139525744,0.29210310319041505,-0.14220799657851382,0.5516057106421037,-1.3962170039218182,-0.3786804714348479,1.3788846711821767,-0.9835232219882756,-0.26427953012579547,-6.630130635565925,0.24230847767132513,-2.2646404196012493,-1.2629025991194636,-0.7437213855900303,-1.1138818857706034,-1.1233396319526585,0.7562479055988277,-0.07388869146723251,-0.4863834103679661,0.5312522613846553,-0.6065914864256848,-0.5907904376676862,-3.162624775579712,-2.521612919616585,-1.0625256602701063,-6.630130635565925,-3.120195380737515,-1.2758238856743236,-1.1287902956784812
-2.187401877670236,-0.5336022514990556,-0.4680483746605084,-1.1333086235236693,0.5448509804370248,-3.5788087988627,0.39456669942158157,-0.9899424266128082,-1.007900491658423,-0.027747373603338246,-0.49734308610812045,-0.29534448448853984,-0.7215479482870114,-2.423168844834727,-0.9654316617837787,-1.1566986207072103,0.7685892005714108,-0.4638840614732029,-0.9741343613190024,-1.8687596623680178,-0.33661566586542324,-3.964646982112722,-7.455545820269321,-2.349471111602613,0.8897353122721331,-0.5085637962324908,-4.436186037764423,-1.9411526707878115,-4.309000889962712,-2.500431980838732,-6.122310692973496,-5.003761558234325,-1.2478522167503365,-1.1230301228947388,-1.5453663673742621,-2.4741607338470177,-1.9312662428868541,0.3913840717272672,-2.269198297881349,-2.3899309241244513,-0.6876604326537277,-5.286252749854663,-2.1744353558860334,0.5377047061666546,-2.943729047386215,-0.33883317766558313,0.8380032770146415,-1.7397323685517996,-0.24133043444576638,-1.372446861508246,-0.2714829204078121,-36.84136148479307,-0.5183550744808018,0.6668486943934986,0.7034078546756296,-2.049575120443817,0.024447576616831022,-3.383318637524192,-0.3393883697702232,0.34521755898553114,1.265483611374058,-0.48712978162851084,0.3964252310639593,0.3010707886363565,0.3522624197903152,-0.9470019382583313,-0.9698822029868046,0.6784468199646858,-0.4802189471202176,-0.14225608610679435,1.2083548421049288,1.0589618731076857,-0.4262226895395802,0.848581839333384,-0.055851214050435166,-0.40296870322537703,-1.9982101504381107,-0.16438461860018197,0.6033785667683583,0.04680734309538257,-2.6533867844462367,1.0078883543522197,-2.3573116504650673,1.0287806310033518,0.9544060123531035,-0.47819466426953894,-0.7576892928645654,-2.221921221344643,-2.5337314028991154,0.6679532805454301,-0.0026501846192317218,-1.1169291649508708,0.2177104241487285,-0.2608376637071133,0.6143529038652447,-0.9103416917049901,-2.0713656489151497,-2.2153515049152674,-1.366133055864265,0.5011974177626327,0.8180631481076871,-1.1062572304536546,-1.3927835139525744,0.29210310319041505,-0.14220799657851382,0.5516057106421037,-1.3962170039218182,-0.3786804714348479,1.3788846711821767,-0.9835232219882756,-0.26427953012579547,-6.630130635565925,0.24230847767132513,-2.2646404196012493,-1.2629025991194636,-0.7437213855900303,-1.1138818857706034,-1.1233396319526585,0.7562479055988277,-0.07388869146723251,-0.4863834103679661,0.5312522613846553,-0.6065914864256848,-0.5907904376676862,-3.162624775579712,-2.521612919616585,-1.0625256602701063,-6.630130635565925,-3.120195380737515,-1.2758238856743236,-1.1287902956784812
-1.892951949642209,-2.2808030189643573,-0.5880832398607487,-1.4403180521891257,0.5354679824651308,-3.5501522309291427,0.24525553426556,-0.6874811079663753,-1.1460198842794973,0.28461103095414353,-0.5424994748972956,-0.24063821725647316,-0.7389251671573549,-2.3610299023364694,-0.8657213253681962,-0.8275547559949233,0.5947385691460222,-0.5568429383365084,-1.3924809055118084,-1.6819668591733528,-0.3161299543540924,-4.680394944175554,-6.847327154029636,-1.7876496915008535,1.0022333440820421,-0.559091120991055,-6.881453988729565,-2.2290195552371093,-3.9404602480241966,-2.324980465396506,-19.63148587297887,-4.278412104887866,-1.5388499325242737,-2.1157322975938557,-2.1138414053785604,-3.5850757345971815,-2.040442937465065,0.2501325899078936,-2.402585403159368,-2.442071012756315,-0.6488200075577959,-6.3252431425998585,-2.3604272644342714,0.42787373906639053,-4.02239575399108,-0.2601387419234166,0.6892449022442283,-2.0834655284708337,-0.03908623416046969,-0.7472635469270381,-0.5901723391637618,-36.84136067909501,-0.7378561889698912,0.5885429936691162,0.4703782995106521,-1.3098660844512446,-0.054543658016462174,-3.178612597284212,-0.4755244589047949,0.2973723976780574,0.7483098670582458,-0.4242903199295091,0.3829071560134099,-0.021341420266486995,0.03825694782061072,-0.6229235262384364,-1.2828354706771017,0.7779643845520318,-0.1723247858812409,-0.28774130089688005,0.8673355391569427,0.5318966741104295,0.5849303027857066,0.7189064149054462,-0.472927861623003,-0.5400472728212038,-1.6195494749038082,-0.2419712227010906,0.5109630569109931,0.21117561400950086,-2.92999020682876,0.9175066804898805,-2.7322562822618304,0.8397085585971436,0.8053309974714629,-1.380145694262039,-1.4143386615826317,-2.753829589137536,-2.581642558109146,0.3168140712679199,0.25991266110776984,-0.7660177233134496,0.3165444561603934,-0.2587572460354778,0.40213406655367845,0.3622518278565852,-1.939721865535343,-0.04097338803993729,-1.4748097809051062,0.8007670682498145,0.407289029442859,-1.220645929457499,-1.157102871839447,0.3998816213103848,-0.26544952899643837,0.34786091991991425,-1.36481379397207,-1.0472000975742326,1.1630018071314683,-0.9121883780840185,-0.2991462240097881,-7.058184807347965,-0.16408598916779923,-3.2420368351912923,-1.42974618170892,-0.45987897456892407,-1.499793512802302,-0.6815258437682078,0.16001578065142014,-0.5657037603377919,-1.1906781592929208,0.4254749268565988,-0.7871231978532514,-1.0865508563178004,-3.7563097251227764,-1.7364138502324584,-1.3470909925004855,-7.058184807347965,-3.112424414111842,-1.265637109779529,-1.5625093214440258
-1.892951949642209,-2.2808030189643573,-0.5880832398607487,-1.4403180521891257,0.5354679824651308,-3.5501522309291427,0.24525553426556,-0.6874811079663753,-1.1460198842794973,0.28461103095414353,-0.5424994748972956,-0.24063821725647316,-0.7389251671573549,-2.3610299023364694,-0.8657213253681962,-0.8275547559949233,0.5947385691460222,-0.5568429383365084,-1.3924809055118084,-1.6819668591733528,-0.3161299543540924,-4.680394944175554,-6.847327154029636,-1.7876496915008535,1.0022333440820421,-0.559091120991055,-6.881453988729565,-2.2290195552371093,-3.9404602480241966,-2.324980465396506,-19.63148587297887,-4.278412104887866,-1.5388499325242737,-2.1157322975938557,-2.1138414053785604,-3.5850757345971815,-2.040442937465065,0.2501325899078936,-2.402585403159368,-2.442071012756315,-0.6488200075577959,-6.3252431425998585,-2.3604272644342714,0.42787373906639053,-4.02239575399108,-0.2601387419234166,0.6892449022442283,-2.0834655284708337,-0.03908623416046969,-0.7472635469270381,-0.5901723391637618,-36.84136067909501,-0.7378561889698912,0.5885429936691162,0.4703782995106521,-1.3098660844512446,-0.054543658016462174,-3.178612597284212,-0.4755244589047949,0.2973723976780574,0.7483098670582458,-0.4242903199295091,0.3829071560134099,-0.021341420266486995,0.03825694782061072,-0.6229235262384364,-1.2828354706771017,0.7779643845520318,-0.1723247858812409,-0.28774130089688005,0.8673355391569427,0.5318966741104295,0.5849303027857066,0.7189064149054462,-0.472927861623003,-0.5400472728212038,-1.6195494749038082,-0.2419712227010906,0.5109630569109931,0.21117561400950086,-2.92999020682876,0.9175066804898805,-2.7322562822618304,0.8397085585971436,0.8053309974714629,-1.380145694262039,-1.4143386615826317,-2.753829589137536,-2.581642558109146,0.3168140712679199,0.25991266110776984,-0.7660177233134496,0.3165444561603934,-0.2587572460354778,0.40213406655367845,0.3622518278565852,-1.939721865535343,-0.04097338803993729,-1.4748097809051062,0.8007670682498145,0.407289029442859,-1.220645929457499,-1.157102871839447,0.3998816213103848,-0.26544952899643837,0.34786091991991425,-1.36481379397207,-1.0472000975742326,1.1630018071314683,-0.9121883780840185,-0.2991462240097881,-7.058184807347965,-0.16408598916779923,-3.2420368351912923,-1.42974618170892,-0.45987897456892407,-1.499793512802302,-0.6815258437682078,0.16001578065142014,-0.5657037603377919,-1.1906781592929208,0.4254749268565988,-0.7871231978532514,-1.0865508563178004,-3.7563097251227764,-1.7364138502324584,-1.3470909925004855,-7.058184807347965,-3.112424414111842,-1.265637109779529,-1.5625093214440258
-1.892951949642209,-2.2808030189643573,-0.5880832398607487,-1.4403180521891257,0.5354679824651308,-3.5501522309291427,0.24525553426556,-0.6874811079663753,-1.1460198842794973,0.28461103095414353,-0.5424994748972956,-0.24063821725647316,-0.7389251671573549,-2.3610299023364694,-0.8657213253681962,-0.8275547559949233,0.5947385691460222,-0.5568429383365084,-1.3924809055118084,-1.6819668591733528,-0.3161299543540924,-4.680394944175554,-6.847327154029636,-1.7876496915008535,1.0022333440820421,-0.559091120991055,-6.881453988729565,-2.2290195552371093,-3.9404602480241966,-2.324980465396506,-19.63148587297887,-4.278412104887866,-1.5388499325242737,-2.1157322975938557,-2.1138414053785604,-3.5850757345971815,-2.040442937465065,0.2501325899078936,-2.402585403159368,-2.442071012756315,-0.6488200075577959,-6.3252431425998585,-2.3604272644342714,0.42787373906639053,-4.02239575399108,-0.2601387419234166,0.6892449022442283,-2.0834655284708337,-0.03908623416046969,-0.7472635469270381,-0.5901723391637618,-36.84136067909501,-0.7378561889698912,0.5885429936691162,0.4703782995106521,-1.3098660844512446,-0.054543658016462174,-3.178612597284212,-0.4755244589047949,0.2973723976780574,0.7483098670582458,-0.4242903199295091,0.3829071560134099,-0.021341420266486995,0.03825694782061072,-0.6229235262384364,-1.2828354706771017,0.7779643845520318,-0.1723247858812409,-0.28774130089688005,0.8673355391569427,0.5318966741104295,0.5849303027857066,0.7189064149054462,-0.472927861623003,-0.5400472728212038,-1.6195494749038082,-0.2419712227010906,0.5109630569109931,0.21117561400950086,-2.92999020682876,0.9175066804898805,-2.7322562822618304,0.8397085585971436,0.8053309974714629,-1.380145694262039,-1.4143386615826317,-2.753829589137536,-2.581642558109146,0.3168140712679199,0.25991266110776984,-0.7660177233134496,0.3165444561603934,-0.2587572460354778,0.40213406655367845,0.3622518278565852,-1.939721865535343,-0.04097338803993729,-1.4748097809051062,0.8007670682498145,0.407289029442859,-1.220645929457499,-1.157102871839447,0.3998816213103848,-0.26544952899643837,0.34786091991991425,-1.36481379397207,-1.0472000975742326,1.1630018071314683,-0.9121883780840185,-0.2991462240097881,-7.058184807347965,-0.16408598916779923,-3.2420368351912923,-1.42974618170892,-0.45987897456892407,-1.499793512802302,-0.6815258437682078,0.16001578065142014,-0.5657037603377919,-1.1906781592929208,0.4254749268565988,-0.7871231978532514,-1.0865508563178004,-3.7563097251227764,-1.7364138502324584,-1.3470909925004855,-7.058184807347965,-3.112424414111842,-1.265637109779529,-1.5625093214440258
-1.892951949642209,-2.2808030189643573,-0.5880832398607487,-1.4403180521891257,0.5354679824651308,-3.5501522309291427,0.24525553426556,-0.6874811079663753,-1.1460198842794973,0.28461103095414353,-0.5424994748972956,-0.24063821725647316,-0.7389251671573549,-2.3610299023364694,-0.8657213253681962,-0.8275547559949233,0.5947385691460222,-0.5568429383365084,-1.3924809055118084,-1.6819668591733528,-0.3161299543540924,-4.680394944175554,-6.847327154029636,-1.7876496915008535,1.0022333440820421,-0.559091120991055,-6.881453988729565,-2.2290195552371093,-3.9404602480241966,-2.324980465396506,-19.63148587297887,-4.278412104887866,-1.5388499325242737,-2.1157322975938557,-2.1138414053785604,-3.5850757345971815,-2.040442937465065,0.2501325899078936,-2.402585403159368,-2.442071012756315,-0.6488200075577959,-6.3252431425998585,-2.3604272644342714,0.42787373906639053,-4.02239575399108,-0.2601387419234166,0.6892449022442283,-2.0834655284708337,-0.03908623416046969,-0.7472635469270381,-0.5901723391637618,-36.84136067909501,-0.7378561889698912,0.5885429936691162,0.4703782995106521,-1.3098660844512446,-0.054543658016462174,-3.178612597284212,-0.4755244589047949,0.2973723976780574,0.7483098670582458,-0.4242903199295091,0.3829071560134099,-0.021341420266486995,0.03825694782061072,-0.6229235262384364,-1.2828354706771017,0.7779643845520318,-0.1723247858812409,-0.28774130089688005,0.8673355391569427,0.5318966741104295,0.5849303027857066,0.7189064149054462,-0.472927861623003,-0.5400472728212038,-1.6195494749038082,-0.2419712227010906,0.5109630569109931,0.21117561400950086,-2.92999020682876,0.9175066804898805,-2.7322562822618304,0.8397085585971436,0.8053309974714629,-1.380145694262039,-1.4143386615826317,-2.753829589137536,-2.581642558109146,0.3168140712679199,0.25991266110776984,-0.7660177233134496,0.3165444561603934,-0.2587572460354778,0.40213406655367845,0.3622518278565852,-1.939721865535343,-0.04097338803993729,-1.4748097809051062,0.8007670682498145,0.407289029442859,-1.220645929457499,-1.157102871839447,0.3998816213103848,-0.26544952899643837,0.34786091991991425,-1.36481379397207,-1.0472000975742326,1.1630018071314683,-0.9121883780840185,-0.2991462240097881,-7.058184807347965,-0.16408598916779923,-3.2420368351912923,-1.42974618170892,-0.45987897456892407,-1.499793512802302,-0.6815258437682078,0.16001578065142014,-0.5657037603377919,-1.1906781592929208,0.4254749268565988,-0.7871231978532514,-1.0865508563178004,-3.7563097251227764,-1.7364138502324584,-1.3470909925004855,-7.058184807347965,-3.112424414111842,-1.265637109779529,-1.5625093214440258
-1.892951949642209,-2.2808030189643573,-0.5880832398607487,-1.4403180521891257,0.5354679824651308,-3.5501522309291427,0.24525553426556,-0.6874811079663753,-1.1460198842794973,0.28461103095414353,-0.5424994748972956,-0.24063821725647316,-0.7389251671573549,-2.3610299023364694,-0.8657213253681962,-0.8275547559949233,0.5947385691460222,-0.5568429383365084,-1.3924809055118084,-1.6819668591733528,-0.3161299543540924,-4.680394944175554,-6.847327154029636,-1.7876496915008535,1.0022333440820421,-0.559091120991055,-6.881453988729565,-2.2290195552371093,-3.9404602480241966,-2.324980465396506,-19.63148587297887,-4.278412104887866,-1.5388499325242737,-2.1157322975938557,-2.1138414053785604,-3.5850757345971815,-2.040442937465065,0.2501325899078936,-2.402585403159368,-2.442071012756315,-0.6488200075577959,-6.3252431425998585,-2.3604272644342714,0.42787373906639053,-4.02239575399108,-0.2601387419234166,0.6892449022442283,-2.0834655284708337,-0.03908623416046969,-0.7472635469270381,-0.5901723391637618,-36.84136067909501,-0.7378561889698912,0.5885429936691162,0.4703782995106521,-1.3098660844512446,-0.054543658016462174,-3.178612597284212,-0.4755244589047949,0.2973723976780574,0.7483098670582458,-0.4242903199295091,0.3829071560134099,-0.021341420266486995,0.03825694782061072,-0.6229235262384364,-1.2828354706771017,0.7779643845520318,-0.1723247858812409,-0.28774130089688005,0.8673355391569427,0.5318966741104295,0.5849303027857066,0.7189064149054462,-0.472927861623003,-0.5400472728212038,-1.6195494749038082,-0.2419712227010906,0.5109630569109931,0.21117561400950086,-2.92999020682876,0.9175066804898805,-2.7322562822618304,0.8397085585971436,0.8053309974714629,-1.380145694262039,-1.4143386615826317,-2.753829589137536,-2.581642558109146,0.3168140712679199,0.25991266110776984,-0.7660177233134496,0.3165444561603934,-0.2587572460354778,0.40213406655367845,0.3622518278565852,-1.939721865535343,-0.04097338803993729,-1.4748097809051062,0.8007670682498145,0.407289029442859,-1.220645929457499,-1.157102871839447,0.3998816213103848,-0.26544952899643837,0.34786091991991425,-1.36481379397207,-1.0472000975742326,1.1630018071314683,-0.9121883780840185,-0.2991462240097881,-7.058184807347965,-0.16408598916779923,-3.2420368351912923,-1.42974618170892,-0.45987897456892407,-1.499793512802302,-0.6815258437682078,0.16001578065142014,-0.5657037603377919,-1.1906781592929208,0.4254749268565988,-0.7871231978532514,-1.0865508563178004,-3.7563097251227764,-1.7364138502324584,-1.3470909925004855,-7.058184807347965,-3.112424414111842,-1.265637109779529,-1.5625093214440258
-1.892951949642209,-2.2808030189643573,-0.5880832398607487,-1.4403180521891257,0.5354679824651308,-3.5501522309291427,0.24525553426556,-0.6874811079663753,-1.1460198842794973,0.28461103095414353,-0.5424994748972956,-0.24063821725647316,-0.7389251671573549,-2.3610299023364694,-0.8657213253681962,-0.8275547559949233,0.5947385691460222,-0.5568429383365084,-1.3924809055118084,-1.6819668591733528,-0.3161299543540924,-4.680394944175554,-6.847327154029636,-1.7876496915008535,1.0022333440820421,-0.559091120991055,-6.881453988729565,-2.2290195552371093,-3.9404602480241966,-2.324980465396506,-19.63148587297887,-4.278412104887866,-1.5388499325242737,-2.1157322975938557,-2.1138414053785604,-3.5850757345971815,-2.040442937465065,0.2501325899078936,-2.402585403159368,-2.442071012756315,-0.6488200075577959,-6.3252431425998585,-2.3604272644342714,0.42787373906639053,-4.02239575399108,-0.2601387419234166,0.6892449022442283,-2.0834655284708337,-0.03908623416046969,-0.7472635469270381,-0.5901723391637618,-36.84136067909501,-0.7378561889698912,0.5885429936691162,0.4703782995106521,-1.3098660844512446,-0.054543658016462174,-3.178612597284212,-0.4755244589047949,0.2973723976780574,0.7483098670582458,-0.4242903199295091,0.3829071560134099,-0.021341420266486995,0.03825694782061072,-0.6229235262384364,-1.2828354706771017,0.7779643845520318,-0.1723247858812409,-0.28774130089688005,0.8673355391569427,0.5318966741104295,0.5849303027857066,0.7189064149054462,-0.472927861623003,-0.5400472728212038,-1.6195494749038082,-0.2419712227010906,0.5109630569109931,0.21117561400950086,-2.92999020682876,0.9175066804898805,-2.7322562822618304,0.8397085585971436,0.8053309974714629,-1.380145694262039,-1.4143386615826317,-2.753829589137536,-2.581642558109146,0.3168140712679199,0.25991266110776984,-0.7660177233134496,0.3165444561603934,-0.2587572460354778,0.40213406655367845,0.3622518278565852,-1.939721865535343,-0.04097338803993729,-1.4748097809051062,0.8007670682498145,0.407289029442859,-1.220645929457499,-1.157102871839447,0.3998816213103848,-0.26544952899643837,0.34786091991991425,-1.36481379397207,-1.0472000975742326,1.1630018071314683,-0.9121883780840185,-0.2991462240097881,-7.058184807347965,-0.16408598916779923,-3.2420368351912923,-1.42974618170892,-0.45987897456892407,-1.499793512802302,-0.6815258437682078,0.16001578065142014,-0.5657037603377919,-1.1906781592929208,0.4254749268565988,-0.7871231978532514,-1.0865508563178004,-3.7563097251227764,-1.7364138502324584,-1.3470909925004855,-7.058184807347965,-3.112424414111842,-1.265637109779529,-1.5625093214440258
-1.892951949642209,-2.2808030189643573,-0.5880832398607487,-1.4403180521891257,0.5354679824651308,-3.5501522309291427,0.24525553426556,-0.6874811079663753,-1.1460198842794973,0.28461103095414353,-0.5424994748972956,-0.24063821725647316,-0.7389251671573549,-2.3610299023364694,-0.8657213253681962,-0.8275547559949233,0.5947385691460222,-0.5568429383365084,-1.3924809055118084,-1.6819668591733528,-0.3161299543540924,-4.680394944175554,-6.847327154029636,-1.7876496915008535,1.0022333440820421,-0.559091120991055,-6.881453988729565,-2.2290195552371093,-3.9404602480241966,-2.324980465396506,-19.63148587297887,-4.278412104887866,-1.5388499325242737,-2.1157322975938557,-2.1138414053785604,-3.5850757345971815,-2.040442937465065,0.2501325899078936,-2.402585403159368,-2.442071012756315,-0.6488200075577959,-6.3252431425998585,-2.3604272644342714,0.42787373906639053,-4.02239575399108,-0.2601387419234166,0.6892449022442283,-2.0834655284708337,-0.03908623416046969,-0.7472635469270381,-0.5901723391637618,-36.84136067909501,-0.7378561889698912,0.5885429936691162,0.4703782995106521,-1.3098660844512446,-0.054543658016462174,-3.178612597284212,-0.4755244589047949,0.2973723976780574,0.7483098670582458,-0.4242903199295091,0.3829071560134099,-0.021341420266486995,0.03825694782061072,-0.6229235262384364,-1.2828354706771017,0.7779643845520318,-0.1723247858812409,-0.28774130089688005,0.8673355391569427,0.5318966741104295,0.5849303027857066,0.7189064149054462,-0.472927861623003,-0.5400472728212038,-1.6195494749038082,-0.2419712227010906,0.5109630569109931,0.21117561400950086,-2.92999020682876,0.9175066804898805,-2.7322562822618304,0.8397085585971436,0.8053309974714629,-1.380145694262039,-1.4143386615826317,-2.753829589137536,-2.581642558109146,0.3168140712679199,0.25991266110776984,-0.7660177233134496,0.3165444561603934,-0.2587572460354778,0.40213406655367845,0.3622518278565852,-1.939721865535343,-0.04097338803993729,-1.4748097809051062,0.8007670682498145,0.407289029442859,-1.220645929457499,-1.157102871839447,0.3998816213103848,-0.26544952899643837,0.34786091991991425,-1.36481379397207,-1.0472000975742326,1.1630018071314683,-0.9121883780840185,-0.2991462240097881,-7.058184807347965,-0.16408598916779923,-3.2420368351912923,-1.42974618170892,-0.45987897456892407,-1.499793512802302,-0.6815258437682078,0.16001578065142014,-0.5657037603377919,-1.1906781592929208,0.4254749268565988,-0.7871231978532514,-1.0865508563178004,-3.7563097251227764,-1.7364138502324584,-1.3470909925004855,-7.058184807347965,-3.112424414111842,-1.265637109779529,-1.5625093214440258
-1.892951949642209,-2.2808030189643573,-0.5880832398607487,-1.4403180521891257,0.5354679824651308,-3.5501522309291427,0.24525553426556,-0.6874811079663753,-1.1460198842794973,0.28461103095414353,-0.5424994748972956,-0.24063821725647316,-0.7389251671573549,-2.3610299023364694,-0.8657213253681962,-0.8275547559949233,0.5947385691460222,-0.5568429383365084,-1.3924809055118084,-1.6819668591733528,-0.3161299543540924,-4.680394944175554,-6.847327154029636,-1.7876496915008535,1.0022333440820421,-0.559091120991055,-6.881453988729565,-2.2290195552371093,-3.9404602480241966,-2.324980465396506,-19.63148587297887,-4.278412104887866,-1.5388499325242737,-2.1157322975938557,-2.1138414053785604,-3.5850757345971815,-2.040442937465065,0.2501325899078936,-2.402585403159368,-2.442071012756315,-0.6488200075577959,-6.3252431425998585,-2.3604272644342714,0.42787373906639053,-4.02239575399108,-0.2601387419234166,0.6892449022442283,-2.0834655284708337,-0.03908623416046969,-0.7472635469270381,-0.5901723391637618,-36.84136067909501,-0.7378561889698912,0.5885429936691162,0.4703782995106521,-1.3098660844512446,-0.054543658016462174,-3.178612597284212,-0.4755244589047949,0.2973723976780574,0.7483098670582458,-0.4242903199295091,0.3829071560134099,-0.021341420266486995,0.03825694782061072,-0.6229235262384364,-1.2828354706771017,0.7779643845520318,-0.1723247858812409,-0.28774130089688005,0.8673355391569427,0.5318966741104295,0.5849303027857066,0.7189064149054462,-0.472927861623003,-0.5400472728212038,-1.6195494749038082,-0.2419712227010906,0.5109630569109931,0.21117561400950086,-2.92999020682876,0.9175066804898805,-2.7322562822618304,0.8397085585971436,0.8053309974714629,-1.380145694262039,-1.4143386615826317,-2.753829589137536,-2.581642558109146,0.3168140712679199,0.25991266110776984,-0.7660177233134496,0.3165444561603934,-0.2587572460354778,0.40213406655367845,0.3622518278565852,-1.939721865535343,-0.04097338803993729,-1.4748097809051062,0.8007670682498145,0.407289029442859,-1.220645929457499,-1.157102871839447,0.3998816213103848,-0.26544952899643837,0.34786091991991425,-1.36481379397207,-1.0472000975742326,1.1630018071314683,-0.9121883780840185,-0.2991462240097881,-7.058184807347965,-0.16408598916779923,-3.2420368351912923,-1.42974618170892,-0.45987897456892407,-1.499793512802302,-0.6815258437682078,0.16001578065142014,-0.5657037603377919,-1.1906781592929208,0.4254749268565988,-0.7871231978532514,-1.0865508563178004,-3.7563097251227764,-1.7364138502324584,-1.3470909925004855,-7.058184807347965,-3.112424414111842,-1.265637109779529,-1.5625093214440258
-1.892951949642209,-2.2808030189643573,-0.5880832398607487,-1.4403180521891257,0.5354679824651308,-3.5501522309291427,0.24525553426556,-0.6874811079663753,-1.1460198842794973,0.28461103095414353,-0.5424994748972956,-0.24063821725647316,-0.7389251671573549,-2.3610299023364694,-0.8657213253681962,-0.8275547559949233,0.5947385691460222,-0.5568429383365084,-1.3924809055118084,-1.6819668591733528,-0.3161299543540924,-4.680394944175554,-6.847327154029636,-1.7876496915008535,1.0022333440820421,-0.559091120991055,-6.881453988729565,-2.2290195552371093,-3.9404602480241966,-2.324980465396506,-19.63148587297887,-4.278412104887866,-1.5388499325242737,-2.1157322975938557,-2.1138414053785604,-3.5850757345971815,-2.040442937465065,0.2501325899078936,-2.402585403159368,-2.442071012756315,-0.6488200075577959,-6.3252431425998585,-2.3604272644342714,0.42787373906639053,-4.02239575399108,-0.2601387419234166,0.6892449022442283,-2.0834655284708337,-0.03908623416046969,-0.7472635469270381,-0.5901723391637618,-36.84136067909501,-0.7378561889698912,0.5885429936691162,0.4703782995106521,-1.3098660844512446,-0.054543658016462174,-3.178612597284212,-0.4755244589047949,0.2973723976780574,0.7483098670582458,-0.4242903199295091,0.3829071560134099,-0.021341420266486995,0.03825694782061072,-0.6229235262384364,-1.2828354706771017,0.7779643845520318,-0.1723247858812409,-0.28774130089688005,0.8673355391569427,0.5318966741104295,0.5849303027857066,0.7189064149054462,-0.472927861623003,-0.5400472728212038,-1.6195494749038082,-0.2419712227010906,0.5109630569109931,0.21117561400950086,-2.92999020682876,0.9175066804898805,-2.7322562822618304,0.8397085585971436,0.8053309974714629,-1.380145694262039,-1.4143386615826317,-2.753829589137536,-2.581642558109146,0.3168140712679199,0.25991266110776984,-0.7660177233134496,0.3165444561603934,-0.2587572460354778,0.40213406655367845,0.3622518278565852,-1.939721865535343,-0.04097338803993729,-1.4748097809051062,0.8007670682498145,0.407289029442859,-1.220645929457499,-1.157102871839447,0.3998816213103848,-0.26544952899643837,0.34786091991991425,-1.36481379397207,-1.0472000975742326,1.1630018071314683,-0.9121883780840185,-0.2991462240097881,-7.058184807347965,-0.16408598916779923,-3.2420368351912923,-1.42974618170892,-0.45987897456892407,-1.499793512802302,-0.6815258437682078,0.16001578065142014,-0.5657037603377919,-1.1906781592929208,0.4254749268565988,-0.7871231978532514,-1.0865508563178004,-3.7563097251227764,-1.7364138502324584,-1.3470909925004855,-7.058184807347965,-3.112424414111842,-1.265637109779529,-1.5625093214440258
-1.892951949642209,-2.2808030189643573,-0.5880832398607487,-1.4403180521891257,0.5354679824651308,-3.5501522309291427,0.24525553426556,-0.6874811079663753,-1.1460198842794973,0.28461103095414353,-0.5424994748972956,-0.24063821725647316,-0.7389251671573549,-2.3610299023364694,-0.8657213253681962,-0.8275547559949233,0.5947385691460222,-0.5568429383365084,-1.3924809055118084,-1.6819668591733528,-0.3161299543540924,-4.680394944175554,-6.847327154029636,-1.7876496915008535,1.0022333440820421,-0.559091120991055,-6.881453988729565,-2.2290195552371093,-3.9404602480241966,-2.324980465396506,-19.63148587297887,-4.278412104887866,-1.5388499325242737,-2.1157322975938557,-2.1138414053785604,-3.5850757345971815,-2.040442937465065,0.2501325899078936,-2.402585403159368,-2.442071012756315,-0.6488200075577959,-6.3252431425998585,-2.3604272644342714,0.42787373906639053,-4.02239575399108,-0.2601387419234166,0.6892449022442283,-2.0834655284708337,-0.03908623416046969,-0.7472635469270381,-0.5901723391637618,-36.84136067909501,-0.7378561889698912,0.5885429936691162,0.4703782995106521,-1.3098660844512446,-0.054543658016462174,-3.178612597284212,-0.4755244589047949,0.2973723976780574,0.7483098670582458,-0.4242903199295091,0.3829071560134099,-0.021341420266486995,0.03825694782061072,-0.6229235262384364,-1.2828354706771017,0.7779643845520318,-0.1723247858812409,-0.28774130089688005,0.8673355391569427,0.5318966741104295,0.5849303027857066,0.7189064149054462,-0.472927861623003,-0.5400472728212038,-1.6195494749038082,-0.2419712227010906,0.5109630569109931,0.21117561400950086,-2.92999020682876,0.9175066804898805,-2.7322562822618304,0.8397085585971436,0.8053309974714629,-1.380145694262039,-1.4143386615826317,-2.753829589137536,-2.581642558109146,0.3168140712679199,0.25991266110776984,-0.7660177233134496,0.3165444561603934,-0.2587572460354778,0.40213406655367845,0.3622518278565852,-1.939721865535343,-0.04097338803993729,-1.4748097809051062,0.8007670682498145,0.407289029442859,-1.220645929457499,-1.157102871839447,0.3998816213103848,-0.26544952899643837,0.34786091991991425,-1.36481379397207,-1.0472000975742326,1.1630018071314683,-0.9121883780840185,-0.2991462240097881,-7.058184807347965,-0.16408598916779923,-3.2420368351912923,-1.42974618170892,-0.45987897456892407,-1.499793512802302,-0.6815258437682078,0.16001578065142014,-0.5657037603377919,-1.1906781592929208,0.4254749268565988,-0.7871231978532514,-1.0865508563178004,-3.7563097251227764,-1.7364138502324584,-1.3470909925004855,-7.058184807347965,-3.112424414111842,-1.265637109779529,-1.5625093214440258
-1.4028455850512405,-2.149663134935349,-0.4255524882213529,-2.288296531339868,-0.39656011954984,-3.308902363131189,-0.1778355287404766,-1.0936018911297292,-1.1702701099047352,-0.6173582751265744,-0.5148830565847151,-0.2631311188444686,-0.38774557662747,-2.225689534309576,-1.0031994842456284,-0.005724831986187388,0.6633756839307958,-0.35288418810549865,-1.1373715847128472,-0.6280329717519124,-0.18670445512357936,-4.116027000108919,-8.86323505102962,-0.9469695837958924,1.2475343742615628,-0.7147258690696684,-4.6932938735361445,-2.763524858089055,-2.355567689787566,-1.0700422291086757,-4.509016235175321,-1.8632168636677875,-0.6293450113535005,-3.2108509173853257,-3.02236590376585,-1.1629034712359678,-2.2859004213115695,0.34499958759062405,-1.189706771015814,-3.2169334085940386,-0.8373668126835735,-4.155641576507164,-2.0987421315547232,0.4043556530725551,-1.6766239801385054,-0.6341370028576657,0.8272158939011489,-1.8513960442171693,0.054233206092847853,-0.31825271912101977,-0.6012775701490131,-31.084344652163914,-0.17900720825215646,0.2741196840400349,0.85176194652655,-0.5984783742196229,-0.5363358239306997,-1.884387481478869,-0.6377003770544261,-0.02498452157331317,0.6175445644629582,0.33275119501567824,-0.3793675260585332,0.5795625953626855,-0.3284019258592607,-0.5569488066025946,-1.481367764100271,1.3032753218056177,0.07606744707736858,-0.2409257915237617,0.9661074797311049,0.34446703632313874,0.26722838231085605,0.9898660922151123,0.14258641971509217,-0.4648375797806341,-0.9265005137258441,-0.6737143017470223,0.47758619191222407,0.08480077236091188,-3.1294983683045365,0.5323645757171716,-2.736392127669513,0.7371792663979685,0.8094761574007728,0.15737491680777252,-1.3635568495131323,-2.4021315886775425,-2.7774750686698684,0.45414691217908876,0.22097010777972934,0.14900044619828912,0.35534672490202757,-0.10986345121917736,0.37082295725482006,0.00839509757865051,-1.5612909736124339,0.3645470518306714,-1.325452045831687,0.9966574131016855,0.8200769121820726,-1.099399734635721,-0.7222961743914202,0.5606398211316617,-0.0878965316910468,0.6272808274314159,-0.5967037344719888,-0.39599053099024467,1.1122356424470035,-0.41549795074369916,0.11056078537969585,-36.84136148790467,0.22847641144209294,-0.6732290046377092,-1.3237210387416447,-0.19731440876063958,-2.1080559827512237,-0.86440296134385,-0.24581764888256824,-1.0654359824443602,-1.6636505960358872,0.05111784412100415,-1.249949141166179,-0.9389439748265513,0.2302531472541115,-4.012292863185422,-0.6483182786788909,-36.84136148790467,-2.8258887845763927,-1.1025618954317202,-1.8555286030364129
-1.4028455850512405,-2.149663134935349,-0.4255524882213529,-2.288296531339868,-0.39656011954984,-3.308902363131189,-0.1778355287404766,-1.0936018911297292,-1.1702701099047352,-0.6173582751265744,-0.5148830565847151,-0.2631311188444686,-0.38774557662747,-2.225689534309576,-1.0031994842456284,-0.005724831986187388,0.6633756839307958,-0.35288418810549865,-1.1373715847128472,-0.6280329717519124,-0.18670445512357936,-4.116027000108919,-8.86323505102962,-0.9469695837958924,1.2475343742615628,-0.7147258690696684,-4.6932938735361445,-2.763524858089055,-2.355567689787566,-1.0700422291086757,-4.509016235175321,-1.8632168636677875,-0.6293450113535005,-3.2108509173853257,-3.02236590376585,-1.1629034712359678,-2.2859004213115695,0.34499958759062405,-1.189706771015814,-3.2169334085940386,-0.8373668126835735,-4.155641576507164,-2.0987421315547232,0.4043556530725551,-1.6766239801385054,-0.6341370028576657,0.8272158939011489,-1.8513960442171693,0.054233206092847853,-0.31825271912101977,-0.6012775701490131,-31.084344652163914,-0.17900720825215646,0.2741196840400349,0.85176194652655,-0.5984783742196229,-0.5363358239306997,-1.884387481478869,-0.6377003770544261,-0.02498452157331317,0.6175445644629582,0.33275119501567824,-0.3793675260585332,0.5795625953626855,-0.3284019258592607,-0.5569488066025946,-1.481367764100271,1.3032753218056177,0.07606744707736858,-0.2409257915237617,0.9661074797311049,0.34446703632313874,0.26722838231085605,0.9898660922151123,0.14258641971509217,-0.4648375797806341,-0.9265005137258441,-0.6737143017470223,0.47758619191222407,0.08480077236091188,-3.1294983683045365,0.5323645757171716,-2.736392127669513,0.7371792663979685,0.8094761574007728,0.15737491680777252,-1.3635568495131323,-2.4021315886775425,-2.7774750686698684,0.45414691217908876,0.22097010777972934,0.14900044619828912,0.35534672490202757,-0.10986345121917736,0.37082295725482006,0.00839509757865051,-1.5612909736124339,0.3645470518306714,-1.325452045831687,0.9966574131016855,0.8200769121820726,-1.099399734635721,-0.7222961743914202,0.5606398211316617,-0.0878965316910468,0.6272808274314159,-0.5967037344719888,-0.39599053099024467,1.1122356424470035,-0.41549795074369916,0.11056078537969585,-36.84136148790467,0.22847641144209294,-0.6732290046377092,-1.3237210387416447,-0.19731440876063958,-2.1080559827512237,-0.86440296134385,-0.24581764888256824,-1.0654359824443602,-1.6636505960358872,0.05111784412100415,-1.249949141166179,-0.9389439748265513,0.2302531472541115,-4.012292863185422,-0.6483182786788909,-36.84136148790467,-2.8258887845763927,-1.1025618954317202,-1.8555286030364129
-1.4028455850512405,-2.149663134935349,-0.4255524882213529,-2.288296531339868,-0.39656011954984,-3.308902363131189,-0.1778355287404766,-1.0936018911297292,-1.1702701099047352,-0.6173582751265744,-0.5148830565847151,-0.2631311188444686,-0.38774557662747,-2.225689534309576,-1.0031994842456284,-0.005724831986187388,0.6633756839307958,-0.35288418810549865,-1.1373715847128472,-0.6280329717519124,-0.18670445512357936,-4.116027000108919,-8.86323505102962,-0.9469695837958924,1.2475343742615628,-0.7147258690696684,-4.6932938735361445,-2.763524858089055,-2.355567689787566,-1.0700422291086757,-4.509016235175321,-1.8632168636677875,-0.6293450113535005,-3.2108509173853257,-3.02236590376585,-1.1629034712359678,-2.2859004213115695,0.34499958759062405,-1.189706771015814,-3.2169334085940386,-0.8373668126835735,-4.155641576507164,-2.0987421315547232,0.4043556530725551,-1.6766239801385054,-0.6341370028576657,0.8272158939011489,-1.8513960442171693,0.054233206092847853,-0.31825271912101977,-0.6012775701490131,-31.084344652163914,-0.17900720825215646,0.2741196840400349,0.85176194652655,-0.5984783742196229,-0.5363358239306997,-1.884387481478869,-0.6377003770544261,-0.02498452157331317,0.6175445644629582,0.33275119501567824,-0.3793675260585332,0.5795625953626855,-0.3284019258592607,-0.5569488066025946,-1.481367764100271,1.3032753218056177,0.07606744707736858,-0.2409257915237617,0.9661074797311049,0.34446703632313874,0.26722838231085605,0.9898660922151123,0.14258641971509217,-0.4648375797806341,-0.9265005137258441,-0.6737143017470223,0.47758619191222407,0.08480077236091188,-3.1294983683045365,0.5323645757171716,-2.736392127669513,0.7371792663979685,0.8094761574007728,0.15737491680777252,-1.3635568495131323,-2.4021315886775425,-2.7774750686698684,0.45414691217908876,0.22097010777972934,0.14900044619828912,0.35534672490202757,-0.10986345121917736,0.37082295725482006,0.00839509757865051,-1.5612909736124339,0.3645470518306714,-1.325452045831687,0.9966574131016855,0.8200769121820726,-1.099399734635721,-0.7222961743914202,0.5606398211316617,-0.0878965316910468,0.6272808274314159,-0.5967037344719888,-0.39599053099024467,1.1122356424470035,-0.41549795074369916,0.11056078537969585,-36.84136148790467,0.22847641144209294,-0.6732290046377092,-1.3237210387416447,-0.19731440876063958,-2.1080559827512237,-0.86440296134385,-0.24581764888256824,-1.0654359824443602,-1.6636505960358872,0.05111784412100415,-1.249949141166179,-0.9389439748265513,0.2302531472541115,-4.012292863185422,-0.6483182786788909,-36.84136148790467,-2.8258887845763927,-1.1025618954317202,-1.8555286030364129
-1.0956056090493356,-1.5283872615569667,-0.3726425419301711,-1.9455551706474383,-0.10158954670386566,-2.645922920109397,0.2165854810649478,-0.7791932023973103,-0.24126169732394073,-0.772301697560815,-0.7461345623565854,-0.375172940422473,-0.9898592094892921,-0.3721715757460963,-1.2567712414984544,0.11845121814427728,0.49088240143546225,-0.13219119114243738,-0.5087758565905622,0.3246749409810911,0.871352385283014,-2.7115419903672318,-4.29961675755085,-0.7714976527007663,1.5172343327555626,-0.17122652024719853,-6.1087931009289145,-2.3836248770953326,-3.68531243422878,-2.519243556529797,-4.7752386757559195,-2.1500669894659517,-0.6776844266425951,-3.1698217122447074,-2.760072279415283,-1.0277210788361253,-2.3087876905870965,0.15967810796014187,-0.9960686417060054,-3.347661193477172,-1.5440393162404613,-4.776109125006379,-2.0357838072821317,0.1872669439103309,-2.318329942766641,-0.8927294932792106,0.7336332325862405,-1.745982799480065,0.16057216605757332,-0.7931531631291195,-0.8487615842681282,-4.203559798849819,0.11572682242023333,0.23217724944287532,0.817121727117617,0.33645678680289914,-0.12427882273563365,-1.6932894849580402,-0.8723989236650693,0.016092639857825802,0.508022465356301,0.76355248456821,0.04096008911371711,0.29671443790784796,-0.7082380277321312,0.5245562244362884,-1.3660982146195506,1.5289417609444669,0.13366550358926055,-0.37794667320539055,1.2972577573784858,-0.26954140383496644,0.783174260222296,1.0521473859305686,0.13710831375473218,-0.4445584250557527,-0.6027385018306585,-1.2733304145258277,0.23629051445374596,-0.7120888594954041,-4.14004067946507,0.176851496816018,-4.245144072195112,0.32803368850374387,0.9870458281262248,-0.40548782142466616,-1.1003830784251472,-3.189137217456098,-2.5320562771533286,-0.21430775736089677,0.17695994216990785,0.3768048603900932,0.465872598506643,-0.1604230654223389,0.6056425238105859,0.5219199731185045,-2.3950924961672757,0.9939417980140814,-0.8696989648075418,1.245295996319344,0.8682992294178015,-1.2321610201897568,-0.7841532493642925,0.7709722542381177,0.3119093812653536,0.667829006240587,-0.3764829958565795,-0.339103351229472,1.2981156675248386,-0.27347613952749084,0.33252513147400825,-5.638765602966121,0.2288049921085855,-1.0032485262163664,-0.5508930910445466,-0.12901883203381156,-2.0440034986666165,-0.43531640731123833,0.48722299588007956,-0.8542055487566075,-1.0736239604899105,0.06921255262485651,-0.6818599340480388,-0.777010131994781,0.4747274656324363,-2.18921756691511,-0.525154980556307,-5.638765602966121,-2.463151289363315,-1.3882456229929072,-1.9500677121790864
-1.2273810212499046,-1.1011217187515472,-0.30971061755261875,-1.868134334799224,-0.4224019334748073,-2.5979889802088163,0.49129215125845,-1.88088824678534,-1.0782323550482755,-2.964463134498236,-0.6151970022803264,-0.35337357643062667,-0.3944864669347028,-1.6812677443473902,-0.8648608153427455,0.08459785839803298,0.4966692264528305,-0.3144152209745782,-0.5462412204084753,-0.7322712975472748,-0.8901253693529468,-2.404696806589498,-3.056821913060311,-1.420540220068658,1.2379011155684505,-1.0133542143618226,-4.225863026032994,-2.9398457477593847,-2.9795031582961093,-3.0793063173724113,-2.894670985791497,-2.5002291258397533,-1.0238142730323192,-3.582794564755313,-2.0213745157680245,-0.3757155043233009,-2.1684152493769475,0.6749891840365971,-1.3481649631818762,-4.263381960764704,-1.1588990246621804,-4.696215847908613,-0.9941918721545717,0.6178345530413405,-1.78350430714492,-1.4746098243201569,0.5414503827910925,-2.1986589549751576,0.014626734518939923,-0.42285212826317475,-0.5403549801998684,-1.788859458325776,0.5507718202490505,0.49893552378318323,1.0490307965575283,0.9613246869590961,-0.4039865858352367,-2.1095671272431376,-1.1152734640290838,-0.07871848890834691,1.0097140312436206,-0.06271638218939819,-0.2132662092141345,0.5147157819940008,-0.8696908959257498,0.9625204926102768,-1.3298465944782383,1.1291498367752473,-0.5640892316038426,-0.40229051870851756,1.2109207163326499,-0.028364109694798585,1.4321006647568062,0.6302584163857038,0.0900873199313576,-0.7138982478354162,-0.099879678120807,-0.937382605331034,0.7585814761400581,-0.12956466880270545,-4.104404403735483,0.23393597316357623,-3.2272456400071827,0.7117244546114835,0.6426754849923156,0.15129928360508188,-0.18580373129139421,-3.632008522561517,-2.1693351006156583,-1.321466639507433,0.05672354880817049,-0.07603454042116091,0.11366408209498712,0.1937162391907543,0.7109928293319592,-1.128215442322835,-0.08019882083154765,0.6611697025257747,-1.0893259927591046,0.7625636559982493,0.8512241572937528,-0.6836137656949999,-1.1577594523202632,0.298788350571271,-0.16466939785618676,0.7230263024575866,-0.5402381745575833,-0.29890043660698234,1.221056624438777,-0.23012164472255942,0.6079705019266797,-3.3748356277283214,0.24203116929733975,-0.1362790733818594,-0.5927510545095881,0.24131487890672693,-0.9441912456903327,-3.5911849000897034,-0.5423141512333942,-0.8995855616642544,-1.3874491771027104,0.4390857231392999,-1.0770452645166524,-0.8208276231815165,-0.01278192725583574,-2.441582974339073,1.1442038173451314,-3.3748356277283214,-2.124819936247964,-1.1731812974463534,-2.434386586621957
-1.2273810212499046,-1.1011217187515472,-0.30971061755261875,-1.868134334799224,-0.4224019334748073,-2.5979889802088163,0.49129215125845,-1.88088824678534,-1.0782323550482755,-2.964463134498236,-0.6151970022803264,-0.35337357643062667,-0.3944864669347028,-1.6812677443473902,-0.8648608153427455,0.08459785839803298,0.4966692264528305,-0.3144152209745782,-0.5462412204084753,-0.7322712975472748,-0.8901253693529468,-2.404696806589498,-3.056821913060311,-1.420540220068658,1.2379011155684505,-1.0133542143618226,-4.225863026032994,-2.9398457477593847,-2.9795031582961093,-3.0793063173724113,-2.894670985791497,-2.5002291258397533,-1.0238142730323192,-3.582794564755313,-2.0213745157680245,-0.3757155043233009,-2.1684152493769475,0.6749891840365971,-1.3481649631818762,-4.263381960764704,-1.1588990246621804,-4.696215847908613,-0.9941918721545717,0.6178345530413405,-1.78350430714492,-1.4746098243201569,0.5414503827910925,-2.1986589549751576,0.014626734518939923,-0.42285212826317475,-0.5403549801998684,-1.788859458325776,0.5507718202490505,0.49893552378318323,1.0490307965575283,0.9613246869590961,-0.4039865858352367,-2.1095671272431376,-1.1152734640290838,-0.07871848890834691,1.0097140312436206,-0.06271638218939819,-0.2132662092141345,0.5147157819940008,-0.8696908959257498,0.9625204926102768,-1.3298465944782383,1.1291498367752473,-0.5640892316038426,-0.40229051870851756,1.2109207163326499,-0.028364109694798585,1.4321006647568062,0.6302584163857038,0.0900873199313576,-0.7138982478354162,-0.099879678120807,-0.937382605331034,0.7585814761400581,-0.12956466880270545,-4.104404403735483,0.23393597316357623,-3.2272456400071827,0.7117244546114835,0.6426754849923156,0.15129928360508188,-0.18580373129139421,-3.632008522561517,-2.1693351006156583,-1.321466639507433,0.05672354880817049,-0.07603454042116091,0.11366408209498712,0.1937162391907543,0.7109928293319592,-1.128215442322835,-0.08019882083154765,0.6611697025257747,-1.0893259927591046,0.7625636559982493,0.8512241572937528,-0.6836137656949999,-1.1577594523202632,0.298788350571271,-0.16466939785618676,0.7230263024575866,-0.5402381745575833,-0.29890043660698234,1.221056624438777,-0.23012164472255942,0.6079705019266797,-3.3748356277283214,0.24203116929733975,-0.1362790733818594,-0.5927510545095881,0.24131487890672693,-0.9441912456903327,-3.5911849000897034,-0.5423141512333942,-0.8995855616642544,-1.3874491771027104,0.4390857231392999,-1.0770452645166524,-0.8208276231815165,-0.01278192725583574,-2.441582974339073,1.1442038173451314,-3.3748356277283214,-2.124819936247964,-1.1731812974463534,-2.434386586621957
-1.2273810212499046,-1.1011217187515472,-0.30971061755261875,-1.868134334799224,-0.4224019334748073,-2.5979889802088163,0.49129215125845,-1.88088824678534,-1.0782323550482755,-2.964463134498236,-0.6151970022803264,-0.35337357643062667,-0.3944864669347028,-1.6812677443473902,-0.8648608153427455,0.08459785839803298,0.4966692264528305,-0.3144152209745782,-0.5462412204084753,-0.7322712975472748,-0.8901253693529468,-2.404696806589498,-3.056821913060311,-1.420540220068658,1.2379011155684505,-1.0133542143618226,-4.225863026032994,-2.9398457477593847,-2.9795031582961093,-3.0793063173724113,-2.894670985791497,-2.5002291258397533,-1.0238142730323192,-3.582794564755313,-2.0213745157680245,-0.3757155043233009,-2.1684152493769475,0.6749891840365971,-1.3481649631818762,-4.263381960764704,-1.1588990246621804,-4.696215847908613,-0.9941918721545717,0.6178345530413405,-1.78350430714492,-1.4746098243201569,0.5414503827910925,-2.1986589549751576,0.014626734518939923,-0.42285212826317475,-0.5403549801998684,-1.788859458325776,0.5507718202490505,0.49893552378318323,1.0490307965575283,0.9613246869590961,-0.4039865858352367,-2.1095671272431376,-1.1152734640290838,-0.07871848890834691,1.0097140312436206,-0.06271638218939819,-0.2132662092141345,0.5147157819940008,-0.8696908959257498,0.9625204926102768,-1.3298465944782383,1.1291498367752473,-0.5640892316038426,-0.40229051870851756,1.2109207163326499,-0.028364109694798585,1.4321006647568062,0.6302584163857038,0.0900873199313576,-0.7138982478354162,-0.099879678120807,-0.937382605331034,0.7585814761400581,-0.12956466880270545,-4.104404403735483,0.23393597316357623,-3.2272456400071827,0.7117244546114835,0.6426754849923156,0.15129928360508188,-0.18580373129139421,-3.632008522561517,-2.1693351006156583,-1.321466639507433,0.05672354880817049,-0.07603454042116091,0.11366408209498712,0.1937162391907543,0.7109928293319592,-1.128215442322835,-0.08019882083154765,0.6611697025257747,-1.0893259927591046,0.7625636559982493,0.8512241572937528,-0.6836137656949999,-1.1577594523202632,0.298788350571271,-0.16466939785618676,0.7230263024575866,-0.5402381745575833,-0.29890043660698234,1.221056624438777,-0.23012164472255942,0.6079705019266797,-3.3748356277283214,0.24203116929733975,-0.1362790733818594,-0.5927510545095881,0.24131487890672693,-0.9441912456903327,-3.5911849000897034,-0.5423141512333942,-0.8995855616642544,-1.3874491771027104,0.4390857231392999,-1.0770452645166524,-0.8208276231815165,-0.01278192725583574,-2.441582974339073,1.1442038173451314,-3.3748356277283214,-2.124819936247964,-1.1731812974463534,-2.434386586621957
-1.0943384826277256,-0.9126484736431908,-0.7135588725482376,-3.3838717194833685,-0.3957623546527176,-3.6942855601445506,-1.0691152480206438,-1.0454923365909405,-0.9549338060757769,-0.10368463761487164,-0.7004555522216267,-0.2639727995261366,-0.04637496835411283,-1.456155979477507,-1.1582739407446379,-0.19903746225383745,0.543521609304472,-0.4965196269966716,-0.7367928938791228,-0.740571099632043,-0.22297836443909724,-2.81271254798366,-4.714233464370482,-1.9032048857734,0.9453339674197224,-0.935871986454435,-4.399017705143734,-2.5374437034872246,-2.910510427192146,-2.1507461890558663,-3.233168118223581,-2.1122833844256834,-1.131362662237997,-3.3101356643471966,-2.239430308971796,-0.7466279306314128,-1.4359953139497945,0.3109074080319337,-1.3319350283886877,-1.713776119829763,-0.5193172280379489,-2.799157352864557,-1.6628262327752217,0.01152500492749682,-1.7887403575840393,-0.2963036100571674,0.3889904745779318,-1.8109729660255407,0.18677262613819082,0.08935949951080066,-0.5681191525731918,-3.8130604974540963,0.17888280706467644,0.5738008983983699,0.9681814487326441,0.55683757224665,-0.8778896184348988,-1.53849707529551,-0.731959832250192,-0.012530287283680969,0.5055159949469251,-0.3874871102480275,-0.661525259631956,0.7544911614018162,-0.80435544817812,0.586240258214127,-1.3492536730460911,1.1247864658972215,-0.041937215158875885,-0.2306895349489561,0.5221815363948821,0.19810846593094097,1.11029520814138,0.7480999135186022,-0.22051329660620667,-0.2598787087966866,-0.0828592401397648,-0.31337882669680683,0.6089488317476811,-0.0083241784499431,-3.3795467718276506,0.3122960047793293,-2.8928373698693526,0.8331235957838845,0.250295322770837,0.6433545582767385,-0.9114221027918453,-2.7471502386284965,-2.773771276454302,0.32713773026786863,-0.02714276569279414,-0.177903269675565,0.255021152703346,-0.3183280273488492,0.17529357012917424,0.27178849412989287,-0.6018032328147711,0.3565990585872262,-1.1173767084767063,0.651968182396377,0.6413718900613072,-0.5699836182475213,-0.017528706019402887,0.45769604389975355,-0.0680215495602523,0.48433468189124973,-0.4694541468440444,-0.4211899852838782,1.3848597843810333,-0.2720282634872009,-0.15676032565741815,-2.9974799281806326,-0.5677462180253295,-0.329901386291886,-0.20320840225560202,-0.18735394313815695,-1.9253012934281761,-0.6335886894509438,-0.9997543936090993,-1.2280447232171885,-0.7209291762112704,0.16099937065890227,-0.15729824838594367,-0.7898938213039096,-0.347065883096895,-3.6550967357932826,-0.25566220180866767,-2.9974799281806326,-2.5819861399711654,-1.6074391891738846,-0.9478925063617617
-1.4911069454683488,-2.7379494093740275,-0.3621913479694738,-2.0622941608686616,0.07918355319269538,-2.9015123916888697,0.40148987562150507,-0.6461672385612957,-0.7991821496363999,-0.5336645983820494,-0.6519471125015829,0.035869952468794035,-0.9008784769313369,-0.9423600312661391,-0.9094652126559173,-0.04662482196809702,0.34581893725669866,-0.4459669611340372,-0.9430526683891225,-0.393244987547567,0.504423646520777,-3.465146942238335,-4.947064747603379,-0.9734776389957075,1.3672047621881027,-0.8253385145996663,-4.806224095649829,-2.20036423201687,-4.7266227555453995,-2.660642925546087,-3.8644546843130314,-1.6173281885217745,-0.5361951307452223,-3.854701368385361,-2.561999407761796,-1.618114033824515,-2.628398482534948,-0.08348185926283631,-1.2839052795019827,-5.041391750809294,-0.9821269259804077,-4.360627025655118,-1.4982931239114043,0.45811696914835603,-1.8722873694943767,-1.0655472219901123,0.45221277697688067,-1.7345714350921237,0.28531173440738944,-0.18761393190484996,-0.6230042897918135,-4.418621980553414,0.10200176313283645,0.6482391850261455,0.8290335707320378,0.3097875011962932,-0.48007780226177443,-1.9556215872886673,-0.5404284908118145,0.03945153798135727,0.990339963456454,0.1524967619143005,-0.29994112514005883,0.5351305619433223,-0.9155693861760204,0.8228466175546361,-1.3308062841578574,1.0593510800008903,-0.1530694742032217,-0.3770931973844985,1.0561638088076308,-0.388177893557773,1.1437712483069202,0.5927544547537775,-0.41207074106484504,-0.6253229276414973,-0.21957926474522485,-0.7754112088582273,0.14707644011448445,0.46207514917980685,-3.5092282635724996,0.40862464072814936,-2.7575342774866356,1.0802119001846582,0.7321802663112167,-0.015962974577454467,-0.7911699051160793,-2.94770979361955,-3.819398832980834,-0.019387638750879024,0.6967977691649259,-0.06976558323584804,0.5705088244481826,-0.2967633740523644,0.730620102463556,0.598445459437953,-2.0338166348346003,0.8990297858458142,-1.6011978426044624,1.1719585796359553,0.423981995384929,-1.2679034092432888,-0.8999350100265038,0.5674275937659585,-0.2565826529084957,0.48834598564698584,-0.8928429754099114,-0.5709679600611381,1.3706229218955475,-0.4537641151850603,0.14114771103645646,-3.2964161856657883,-0.36530418014917826,-1.138260472077403,-0.12415361079923232,-0.4308401919405212,-0.5461056897478348,-0.9092894357291408,0.4192802790374661,-0.8599263328532665,-0.38975801752815575,0.6741779407302538,-0.5936666219434545,-1.1532097377654604,0.014018327703612296,-1.8060777178924714,-0.8589822808849555,-3.2964161856657883,-2.857534569816453,-1.505849614071959,-1.7713682495779703
-1.9305420365714177,-2.415936821745806,-0.37536954143635554,-1.6897912518973732,-0.041956506240715216,-2.4922497054021653,0.5399168604044329,-1.1695493740108556,-1.152267587149295,-1.4425733600884003,-0.6669559714174789,-0.22278293731302432,-0.26319788565130986,-1.9869312525354397,-0.6917569586604801,0.2802865984395352,0.3271381988875126,-0.43398057653242295,-1.0475633135014932,-1.1430279617936505,-2.4025322843427674,-4.286615478183027,-5.7392063490616705,-1.830212512356473,1.1789840290050917,-0.970540394097891,-2.3922837997637583,-3.3479810102428402,-2.657499381504704,-3.512179008002582,-6.2692983906556865,-3.2793372689094475,-0.37835204777962617,-4.2928011018583545,-3.0983046123454785,-1.8277864044462226,-2.0788113302610594,0.34520269465920783,-1.4958237318732561,-4.92282506941773,-0.8905995014858412,-4.784415658044422,-0.9372846884891477,0.799067212362522,-1.9825154955152642,-1.698358744418021,0.5486083170076614,-1.2722061875839752,-0.22135764051804085,-0.14469544343352636,-0.5305052253702294,-3.1201179333286557,0.13447287955721857,0.7053987956868931,1.131826906527172,0.15007984249023412,-0.37130901761573953,-2.333244781526451,-1.0756867885248236,-0.4599029626540543,1.2166218099598365,0.2634022442330889,-0.5142813210751184,0.4719767423813095,-0.5273381133789687,0.7159251367950767,-1.2969913671543711,1.1438893035468654,0.2047995459615909,-0.7691541781855656,0.9290684822993011,0.5923790889129888,0.4977066936583319,0.1424053374095119,-0.16790329537944446,-0.7346761675457084,-0.30400463981184894,-1.0145043304890513,0.33393255086786394,0.9083855849613452,-2.8183664505407076,0.5463106658798514,-2.1144757809500963,1.121550521060382,0.552086547647476,0.38547137837840517,-0.5609028567419918,-2.506031895660795,-2.3971816557005954,0.20803726564345454,0.19798064347099956,-0.0012214908463288327,0.8136168749253595,-0.06316400658933524,0.46355113715002444,-0.48090498217433597,-2.06306503659094,0.8580100949301148,-1.2137320283668214,1.1039298110330158,0.3444499713349395,-0.7777983797661858,-0.8220082066455984,0.5034462842833052,-0.05080330254364159,0.3733714275529802,-0.3841448693977592,0.10705314499948233,1.3033617982144436,-0.5587530043469592,0.4061287801135982,-2.160964013635762,0.18182334421293514,-1.2318517623085357,-1.9845471243254882,-0.5559718377394459,-0.6866751784799298,-2.7164016009165337,0.3328338131817653,-1.188338178320294,-1.717999157759451,0.4878643658374327,-1.2207861759753478,-1.1307383792512757,-0.4795029133972677,-0.5721668781648729,-0.006372091930755774,-2.160964013635762,-1.872268291915046,-1.0122110820450139,-2.2721773708660638
-1.934747384528707,-3.306090873223681,-0.5319618601863331,-2.315592088156092,0.5124597542289819,-3.9752675233744186,0.23056545197109807,-0.4913571767063083,-1.6604613122689744,0.27109278153145255,-0.7167113828446848,-0.30152471689616483,-0.5558657643903466,-2.7520579833236045,-0.8993080338146842,0.17136317638824353,0.40466438563279433,-0.45726689181053365,-1.8655656133232543,-2.292387052159,-1.3725534314580463,-3.8053532171096767,-5.312686439700531,-2.0430642037089344,1.022592780166422,-0.4885240703428917,-3.9475663637792247,-3.3447322151992505,-3.25157103948525,-2.6985514740835397,-6.609060545723198,-3.504580061362214,-1.0062236917242409,-4.397882185518081,-3.8671567748002524,-2.323559841871769,-2.458861432112822,0.027390746949241682,-2.0037674645059935,-3.6943242142849644,-0.979538472647575,-3.53845841394006,-1.9090837263524245,0.3633776518964699,-3.1836533263340687,-0.6347847141584231,0.4762720819239066,-1.5472216470907432,-0.016688841906357013,-0.04844767794678689,-0.5360963105150024,-6.423920246708582,-0.17833975586059525,0.6194631872847852,0.8713677264653474,-0.2598430946078779,-0.6904344824575098,-2.3777134866503227,-0.7843072059486877,-0.1968948867192331,0.8114287000698258,-0.16051526913197675,-0.43397848018611096,0.49251160363745755,-0.9554957687746541,0.4348617593432847,-1.5128727782933453,0.9629490217923234,-0.04320245822299084,-0.766521026706085,0.3111221583108577,0.1436389467910177,0.5759935650248643,0.40090958783195496,-0.5341460102930833,-0.8714967789799787,-0.3965162515683625,-0.8617639387218553,0.22528295287088967,0.5020101427149801,-2.973501122920084,0.4239149137884139,-2.6671764840542838,0.8252077083407068,0.5164831680313177,0.26145398319000207,-1.4057099054650508,-2.762898214463558,-3.024133983592115,0.4689933485943917,0.1478701933358949,-0.3527402626868908,0.3794341109879858,-0.47841458340426596,0.02167560540447421,0.43970271873199274,-2.7292720629581377,0.7562779861869424,-1.4451535682245995,0.9693270577366437,0.19456768876225658,-1.1379109651762027,-0.4025670157505568,0.6149748492513885,-0.203974345216345,0.446634849322418,-0.5538748473862161,-0.4385962774296643,1.1764006142404833,-0.5935785678733064,-0.19629223450273617,-36.84136148790458,-0.7098431341629354,-3.493621078242207,-1.709029650037256,-0.7321801332883745,-2.04249375464739,-0.7803047572867672,-0.6805436120447818,-1.7398942087093134,-2.055833179537993,0.5888813053525955,-1.0887865062884068,-1.3823116350311968,-1.3375138962334403,-1.4977037682963563,-0.8886947965703534,-36.84136148790458,-3.0238689949007527,-1.9221781129024773,-1.9519211964078274
-1.4929373790851481,-0.7917076065432833,-0.8403799144541726,-1.9833570519679735,0.3688201541943327,-4.3059690215583,-0.41884829382963373,-0.8646426732291236,-0.8463282687856465,0.3391615034441252,-0.5872570376093552,-0.16626622774427452,-0.2763934194082067,-2.5276647602744187,-1.1422193836433783,-1.3181212644390312,0.46210864916194355,-0.670163367844898,-1.128593734725935,-1.237242522398941,0.11388712801526807,-2.7940173791584644,-3.6259683695267855,-2.2899397450283385,0.7842331282277893,-0.5866537143636454,-4.210401479550026,-1.7510260388312335,-3.026603526863969,-1.1589937273915134,-4.244995996699225,-2.751941466895836,-0.9762100666792728,-1.9743656410083046,-2.2987585123471126,-2.2309466370718973,-1.9983195025784468,0.08543429539829604,-1.667049268993944,-3.32272060088829,-0.6217615351897151,-3.835766105857125,-2.010714093258958,0.2745950292084718,-2.518620215484122,-0.25723832299033467,0.580569231360934,-1.8325048011320948,-0.06972697461611224,-0.1892663081284159,-0.6565925602405976,-35.46881761380639,-0.09665415503062015,0.6357115211407101,0.7145208827073689,-0.8190035963708437,-0.45842614701835604,-2.383771598625273,-0.41176858952453804,-0.08073711445092521,1.2440506484268332,-0.6556235368982131,-0.5347513276067327,0.7549592133934344,-0.8699985160543277,0.044017250889930665,-1.5975629971002128,0.5577833466115047,-0.8013626053916013,-0.3191606623306367,0.5712933825128353,0.5062201487090345,0.284756995431345,0.6820152397918542,-0.4598508257179783,-0.793063052835325,-0.5894042731940018,-0.279864495044036,0.4650223417669369,0.394682087337827,-2.645669646138046,0.6536774242497972,-2.245489782348058,1.1103210853566825,0.3921634786849713,0.33780890337784636,-1.1629598919762902,-2.5742552650440187,-3.1661853035909795,0.7064544509527694,0.07476008003667396,-0.5950134363211417,0.1245876393976718,-0.4510276421968367,0.2298135531356583,-0.28092141369884416,-2.63307208100828,-1.4376448497648568,-1.1530803462786627,0.4410505952600502,0.6045178469605096,-1.1063962373937914,-0.863750294851669,0.41178641680779693,-0.41780171738462674,0.3219593344024544,-1.365838107534854,-0.39921051922573864,1.3393109931611584,-1.0363700347820317,-0.5392397656781865,-3.6932047351450294,-0.8201362798452461,-1.2295040307540295,-0.9643193891386292,-0.7558448712968505,-1.34064889349823,-1.7243084785320468,-0.11816523444871202,-1.0813136259929934,-1.1449060784269696,0.49806278506133256,-0.6627779132861661,-1.2490919695255351,-2.027052787659436,-3.9911375293634883,-1.5955239283442968,-3.6932047351450294,-3.3784837300845303,-2.1116617002462603,-1.1917644267604992
-1.4929373790851481,-0.7917076065432833,-0.8403799144541726,-1.9833570519679735,0.3688201541943327,-4.3059690215583,-0.41884829382963373,-0.8646426732291236,-0.8463282687856465,0.3391615034441252,-0.5872570376093552,-0.16626622774427452,-0.2763934194082067,-2.5276647602744187,-1.1422193836433783,-1.3181212644390312,0.46210864916194355,-0.670163367844898,-1.128593734725935,-1.237242522398941,0.11388712801526807,-2.7940173791584644,-3.6259683695267855,-2.2899397450283385,0.7842331282277893,-0.5866537143636454,-4.210401479550026,-1.7510260388312335,-3.026603526863969,-1.1589937273915134,-4.244995996699225,-2.751941466895836,-0.9762100666792728,-1.9743656410083046,-2.2987585123471126,-2.2309466370718973,-1.9983195025784468,0.08543429539829604,-1.667049268993944,-3.32272060088829,-0.6217615351897151,-3.835766105857125,-2.010714093258958,0.2745950292084718,-2.518620215484122,-0.25723832299033467,0.580569231360934,-1.8325048011320948,-0.06972697461611224,-0.1892663081284159,-0.6565925602405976,-35.46881761380639,-0.09665415503062015,0.6357115211407101,0.7145208827073689,-0.8190035963708437,-0.45842614701835604,-2.383771598625273,-0.41176858952453804,-0.08073711445092521,1.2440506484268332,-0.6556235368982131,-0.5347513276067327,0.7549592133934344,-0.8699985160543277,0.044017250889930665,-1.5975629971002128,0.5577833466115047,-0.8013626053916013,-0.3191606623306367,0.5712933825128353,0.5062201487090345,0.284756995431345,0.6820152397918542,-0.4598508257179783,-0.793063052835325,-0.5894042731940018,-0.279864495044036,0.4650223417669369,0.394682087337827,-2.645669646138046,0.6536774242497972,-2.245489782348058,1.1103210853566825,0.3921634786849713,0.33780890337784636,-1.1629598919762902,-2.5742552650440187,-3.1661853035909795,0.7064544509527694,0.07476008003667396,-0.5950134363211417,0.1245876393976718,-0.4510276421968367,0.2298135531356583,-0.28092141369884416,-2.63307208100828,-1.4376448497648568,-1.1530803462786627,0.4410505952600502,0.6045178469605096,-1.1063962373937914,-0.863750294851669,0.41178641680779693,-0.41780171738462674,0.3219593344024544,-1.365838107534854,-0.39921051922573864,1.3393109931611584,-1.0363700347820317,-0.5392397656781865,-3.6932047351450294,-0.8201362798452461,-1.2295040307540295,-0.9643193891386292,-0.7558448712968505,-1.34064889349823,-1.7243084785320468,-0.11816523444871202,-1.0813136259929934,-1.1449060784269696,0.49806278506133256,-0.6627779132861661,-1.2490919695255351,-2.027052787659436,-3.9911375293634883,-1.5955239283442968,-3.6932047351450294,-3.3784837300845303,-2.1116617002462603,-1.1917644267604992
-1.949572569695789,-2.8603073254365157,-0.6624200406838255,-2.4633878645905654,0.1576910244768254,-3.8394407593922035,-0.8650204219280613,-0.9779223259056798,-1.5177068625266739,0.3360758068347931,-0.6545419713868742,-0.1929984814811479,-0.12139235764108909,-2.9379881319741075,-1.2177447352093815,-0.9702084280469282,0.41267229907032,-0.9097605554318459,-1.6493343173505668,-1.9452645369523527,-1.377707379697922,-3.1738186279448546,-4.548547621472148,-2.365187765876053,0.8842841955362515,-0.6962041304954526,-4.031068939001809,-2.582134783946129,-2.9812938256053227,-1.7004403547255227,-4.526565064351722,-2.994025123803656,-1.096593508100491,-3.8008232986947754,-3.6595423673817664,-2.200646448756635,-2.8810458466875684,0.22685723339778613,-2.262670279457409,-3.0385035634371325,-0.47354340637304165,-3.6636121497875336,-2.10924162236831,0.14505883608634298,-3.1784904581330586,-0.2644407526425585,0.5688860749701059,-1.5756607714764646,0.08584231294240656,-0.04624057052021033,-0.5456013524941358,-6.349505500826186,-0.2915029071977828,0.5626829601626695,0.7892461430612335,-0.9450698235591575,-0.35280800092788267,-2.348938504979392,-0.500468272880635,-0.32239169201814416,0.7997872427541763,-0.6610077096896909,-0.7182959761991918,0.7739816951980157,-1.3359042927966431,-0.011978583093840365,-2.379390744275152,0.7942074298748909,-0.35982192930533735,-0.7917036994630536,0.1947397330946704,0.3471783405319656,0.5100410836800284,0.6805605726522189,-0.8958022264136972,-0.9549710797366975,-0.6460438481328655,0.04404471458884466,0.2615390984844991,0.4701844514633328,-2.809645140673182,0.6440785377780083,-2.558229185642316,1.0567247958998764,0.1650549775432132,0.4018777970953348,-1.4571624817028832,-2.638333548551857,-3.7244533047453032,0.6611233719707645,0.056993652608811764,-0.4796266253667253,-0.03499890979877667,-0.38806704168810335,-0.0691885562230663,0.3282248117764696,-1.172245085465087,-0.6828309571291501,-0.7793927071734185,0.5465639656080592,0.1906115433459858,-1.3458575080452573,-0.7879474276135886,0.38209155780713205,-0.6213564126210895,-0.033371186894551416,-1.190723551676111,-1.0664428341999224,1.0473147093017399,-0.8800056411762051,-1.0495505100712166,-36.841361487904436,-1.3868520218174167,-1.8663477428946509,-1.5902020373698622,-0.7809685253257965,-2.39738166888622,-1.6395086052353456,-2.0929273827026686,-2.103997414093049,-2.2119529678313508,0.15421717151680925,-1.246451622339639,-1.7507009156381443,-2.0364244909059637,-5.547085758917485,-1.7813298958382506,-36.841361487904436,-3.6261273090821904,-2.1672966945791985,-1.4189088563930286
-1.0943384826277256,-0.9126484736431908,-0.7135588725482376,-3.3838717194833685,-0.3957623546527176,-3.6942855601445506,-1.0691152480206438,-1.0454923365909405,-0.9549338060757769,-0.10368463761487164,-0.7004555522216267,-0.2639727995261366,-0.04637496835411283,-1.456155979477507,-1.1582739407446379,-0.19903746225383745,0.543521609304472,-0.4965196269966716,-0.7367928938791228,-0.740571099632043,-0.22297836443909724,-2.81271254798366,-4.714233464370482,-1.9032048857734,0.9453339674197224,-0.935871986454435,-4.399017705143734,-2.5374437034872246,-2.910510427192146,-2.1507461890558663,-3.233168118223581,-2.1122833844256834,-1.131362662237997,-3.3101356643471966,-2.239430308971796,-0.7466279306314128,-1.4359953139497945,0.3109074080319337,-1.3319350283886877,-1.713776119829763,-0.5193172280379489,-2.799157352864557,-1.6628262327752217,0.01152500492749682,-1.7887403575840393,-0.2963036100571674,0.3889904745779318,-1.8109729660255407,0.18677262613819082,0.08935949951080066,-0.5681191525731918,-3.8130604974540963,0.17888280706467644,0.5738008983983699,0.9681814487326441,0.55683757224665,-0.8778896184348988,-1.53849707529551,-0.731959832250192,-0.012530287283680969,0.5055159949469251,-0.3874871102480275,-0.661525259631956,0.7544911614018162,-0.80435544817812,0.586240258214127,-1.3492536730460911,1.1247864658972215,-0.041937215158875885,-0.2306895349489561,0.5221815363948821,0.19810846593094097,1.11029520814138,0.7480999135186022,-0.22051329660620667,-0.2598787087966866,-0.0828592401397648,-0.31337882669680683,0.6089488317476811,-0.0083241784499431,-3.3795467718276506,0.3122960047793293,-2.8928373698693526,0.8331235957838845,0.250295322770837,0.6433545582767385,-0.9114221027918453,-2.7471502386284965,-2.773771276454302,0.32713773026786863,-0.02714276569279414,-0.177903269675565,0.255021152703346,-0.3183280273488492,0.17529357012917424,0.27178849412989287,-0.6018032328147711,0.3565990585872262,-1.1173767084767063,0.651968182396377,0.6413718900613072,-0.5699836182475213,-0.017528706019402887,0.45769604389975355,-0.0680215495602523,0.48433468189124973,-0.4694541468440444,-0.4211899852838782,1.3848597843810333,-0.2720282634872009,-0.15676032565741815,-2.9974799281806326,-0.5677462180253295,-0.329901386291886,-0.20320840225560202,-0.18735394313815695,-1.9253012934281761,-0.6335886894509438,-0.9997543936090993,-1.2280447232171885,-0.7209291762112704,0.16099937065890227,-0.15729824838594367,-0.7898938213039096,-0.347065883096895,-3.6550967357932826,-0.25566220180866767,-2.9974799281806326,-2.5819861399711654,-1.6074391891738846,-0.9478925063617617
-1.0943384826277256,-0.9126484736431908,-0.7135588725482376,-3.3838717194833685,-0.3957623546527176,-3.6942855601445506,-1.0691152480206438,-1.0454923365909405,-0.9549338060757769,-0.10368463761487164,-0.7004555522216267,-0.2639727995261366,-0.04637496835411283,-1.456155979477507,-1.1582739407446379,-0.19903746225383745,0.543521609304472,-0.4965196269966716,-0.7367928938791228,-0.740571099632043,-0.22297836443909724,-2.81271254798366,-4.714233464370482,-1.9032048857734,0.9453339674197224,-0.935871986454435,-4.399017705143734,-2.5374437034872246,-2.910510427192146,-2.1507461890558663,-3.233168118223581,-2.1122833844256834,-1.131362662237997,-3.3101356643471966,-2.239430308971796,-0.7466279306314128,-1.4359953139497945,0.3109074080319337,-1.3319350283886877,-1.713776119829763,-0.5193172280379489,-2.799157352864557,-1.6628262327752217,0.01152500492749682,-1.7887403575840393,-0.2963036100571674,0.3889904745779318,-1.8109729660255407,0.18677262613819082,0.08935949951080066,-0.5681191525731918,-3.8130604974540963,0.17888280706467644,0.5738008983983699,0.9681814487326441,0.55683757224665,-0.8778896184348988,-1.53849707529551,-0.731959832250192,-0.012530287283680969,0.5055159949469251,-0.3874871102480275,-0.661525259631956,0.7544911614018162,-0.80435544817812,0.586240258214127,-1.3492536730460911,1.1247864658972215,-0.041937215158875885,-0.2306895349489561,0.5221815363948821,0.19810846593094097,1.11029520814138,0.7480999135186022,-0.22051329660620667,-0.2598787087966866,-0.0828592401397648,-0.31337882669680683,0.6089488317476811,-0.0083241784499431,-3.3795467718276506,0.3122960047793293,-2.8928373698693526,0.8331235957838845,0.250295322770837,0.6433545582767385,-0.9114221027918453,-2.7471502386284965,-2.773771276454302,0.32713773026786863,-0.02714276569279414,-0.177903269675565,0.255021152703346,-0.3183280273488492,0.17529357012917424,0.27178849412989287,-0.6018032328147711,0.3565990585872262,-1.1173767084767063,0.651968182396377,0.6413718900613072,-0.5699836182475213,-0.017528706019402887,0.45769604389975355,-0.0680215495602523,0.48433468189124973,-0.4694541468440444,-0.4211899852838782,1.3848597843810333,-0.2720282634872009,-0.15676032565741815,-2.9974799281806326,-0.5677462180253295,-0.329901386291886,-0.20320840225560202,-0.18735394313815695,-1.9253012934281761,-0.6335886894509438,-0.9997543936090993,-1.2280447232171885,-0.7209291762112704,0.16099937065890227,-0.15729824838594367,-0.7898938213039096,-0.347065883096895,-3.6550967357932826,-0.25566220180866767,-2.9974799281806326,-2.5819861399711654,-1.6074391891738846,-0.9478925063617617
-1.0943384826277256,-0.9126484736431908,-0.7135588725482376,-3.3838717194833685,-0.3957623546527176,-3.6942855601445506,-1.0691152480206438,-1.0454923365909405,-0.9549338060757769,-0.10368463761487164,-0.7004555522216267,-0.2639727995261366,-0.04637496835411283,-1.456155979477507,-1.1582739407446379,-0.19903746225383745,0.543521609304472,-0.4965196269966716,-0.7367928938791228,-0.740571099632043,-0.22297836443909724,-2.81271254798366,-4.714233464370482,-1.9032048857734,0.9453339674197224,-0.935871986454435,-4.399017705143734,-2.5374437034872246,-2.910510427192146,-2.1507461890558663,-3.233168118223581,-2.1122833844256834,-1.131362662237997,-3.3101356643471966,-2.239430308971796,-0.7466279306314128,-1.4359953139497945,0.3109074080319337,-1.3319350283886877,-1.713776119829763,-0.5193172280379489,-2.799157352864557,-1.6628262327752217,0.01152500492749682,-1.7887403575840393,-0.2963036100571674,0.3889904745779318,-1.8109729660255407,0.18677262613819082,0.08935949951080066,-0.5681191525731918,-3.8130604974540963,0.17888280706467644,0.5738008983983699,0.9681814487326441,0.55683757224665,-0.8778896184348988,-1.53849707529551,-0.731959832250192,-0.012530287283680969,0.5055159949469251,-0.3874871102480275,-0.661525259631956,0.7544911614018162,-0.80435544817812,0.586240258214127,-1.3492536730460911,1.1247864658972215,-0.041937215158875885,-0.2306895349489561,0.5221815363948821,0.19810846593094097,1.11029520814138,0.7480999135186022,-0.22051329660620667,-0.2598787087966866,-0.0828592401397648,-0.31337882669680683,0.6089488317476811,-0.0083241784499431,-3.3795467718276506,0.3122960047793293,-2.8928373698693526,0.8331235957838845,0.250295322770837,0.6433545582767385,-0.9114221027918453,-2.7471502386284965,-2.773771276454302,0.32713773026786863,-0.02714276569279414,-0.177903269675565,0.255021152703346,-0.3183280273488492,0.17529357012917424,0.27178849412989287,-0.6018032328147711,0.3565990585872262,-1.1173767084767063,0.651968182396377,0.6413718900613072,-0.5699836182475213,-0.017528706019402887,0.45769604389975355,-0.0680215495602523,0.48433468189124973,-0.4694541468440444,-0.4211899852838782,1.3848597843810333,-0.2720282634872009,-0.15676032565741815,-2.9974799281806326,-0.5677462180253295,-0.329901386291886,-0.20320840225560202,-0.18735394313815695,-1.9253012934281761,-0.6335886894509438,-0.9997543936090993,-1.2280447232171885,-0.7209291762112704,0.16099937065890227,-0.15729824838594367,-0.7898938213039096,-0.347065883096895,-3.6550967357932826,-0.25566220180866767,-2.9974799281806326,-2.5819861399711654,-1.6074391891738846,-0.9478925063617617
-1.0943384826277256,-0.9126484736431908,-0.7135588725482376,-3.3838717194833685,-0.3957623546527176,-3.6942855601445506,-1.0691152480206438,-1.0454923365909405,-0.9549338060757769,-0.10368463761487164,-0.7004555522216267,-0.2639727995261366,-0.04637496835411283,-1.456155979477507,-1.1582739407446379,-0.19903746225383745,0.543521609304472,-0.4965196269966716,-0.7367928938791228,-0.740571099632043,-0.22297836443909724,-2.81271254798366,-4.714233464370482,-1.9032048857734,0.9453339674197224,-0.935871986454435,-4.399017705143734,-2.5374437034872246,-2.910510427192146,-2.1507461890558663,-3.233168118223581,-2.1122833844256834,-1.131362662237997,-3.3101356643471966,-2.239430308971796,-0.7466279306314128,-1.4359953139497945,0.3109074080319337,-1.3319350283886877,-1.713776119829763,-0.5193172280379489,-2.799157352864557,-1.6628262327752217,0.01152500492749682,-1.7887403575840393,-0.2963036100571674,0.3889904745779318,-1.8109729660255407,0.18677262613819082,0.08935949951080066,-0.5681191525731918,-3.8130604974540963,0.17888280706467644,0.5738008983983699,0.9681814487326441,0.55683757224665,-0.8778896184348988,-1.53849707529551,-0.731959832250192,-0.012530287283680969,0.5055159949469251,-0.3874871102480275,-0.661525259631956,0.7544911614018162,-0.80435544817812,0.586240258214127,-1.3492536730460911,1.1247864658972215,-0.041937215158875885,-0.2306895349489561,0.5221815363948821,0.19810846593094097,1.11029520814138,0.7480999135186022,-0.22051329660620667,-0.2598787087966866,-0.0828592401397648,-0.31337882669680683,0.6089488317476811,-0.0083241784499431,-3.3795467718276506,0.3122960047793293,-2.8928373698693526,0.8331235957838845,0.250295322770837,0.6433545582767385,-0.9114221027918453,-2.7471502386284965,-2.773771276454302,0.32713773026786863,-0.02714276569279414,-0.177903269675565,0.255021152703346,-0.3183280273488492,0.17529357012917424,0.27178849412989287,-0.6018032328147711,0.3565990585872262,-1.1173767084767063,0.651968182396377,0.6413718900613072,-0.5699836182475213,-0.017528706019402887,0.45769604389975355,-0.0680215495602523,0.48433468189124973,-0.4694541468440444,-0.4211899852838782,1.3848597843810333,-0.2720282634872009,-0.15676032565741815,-2.9974799281806326,-0.5677462180253295,-0.329901386291886,-0.20320840225560202,-0.18735394313815695,-1.9253012934281761,-0.6335886894509438,-0.9997543936090993,-1.2280447232171885,-0.7209291762112704,0.16099937065890227,-0.15729824838594367,-0.7898938213039096,-0.347065883096895,-3.6550967357932826,-0.25566220180866767,-2.9974799281806326,-2.5819861399711654,-1.6074391891738846,-0.9478925063617617
-1.0943384826277256,-0.9126484736431908,-0.7135588725482376,-3.3838717194833685,-0.3957623546527176,-3.6942855601445506,-1.0691152480206438,-1.0454923365909405,-0.9549338060757769,-0.10368463761487164,-0.7004555522216267,-0.2639727995261366,-0.04637496835411283,-1.456155979477507,-1.1582739407446379,-0.19903746225383745,0.543521609304472,-0.4965196269966716,-0.7367928938791228,-0.740571099632043,-0.22297836443909724,-2.81271254798366,-4.714233464370482,-1.9032048857734,0.9453339674197224,-0.935871986454435,-4.399017705143734,-2.5374437034872246,-2.910510427192146,-2.1507461890558663,-3.233168118223581,-2.1122833844256834,-1.131362662237997,-3.3101356643471966,-2.239430308971796,-0.7466279306314128,-1.4359953139497945,0.3109074080319337,-1.3319350283886877,-1.713776119829763,-0.5193172280379489,-2.799157352864557,-1.6628262327752217,0.01152500492749682,-1.7887403575840393,-0.2963036100571674,0.3889904745779318,-1.8109729660255407,0.18677262613819082,0.08935949951080066,-0.5681191525731918,-3.8130604974540963,0.17888280706467644,0.5738008983983699,0.9681814487326441,0.55683757224665,-0.8778896184348988,-1.53849707529551,-0.731959832250192,-0.012530287283680969,0.5055159949469251,-0.3874871102480275,-0.661525259631956,0.7544911614018162,-0.80435544817812,0.586240258214127,-1.3492536730460911,1.1247864658972215,-0.041937215158875885,-0.2306895349489561,0.5221815363948821,0.19810846593094097,1.11029520814138,0.7480999135186022,-0.22051329660620667,-0.2598787087966866,-0.0828592401397648,-0.31337882669680683,0.6089488317476811,-0.0083241784499431,-3.3795467718276506,0.3122960047793293,-2.8928373698693526,0.8331235957838845,0.250295322770837,0.6433545582767385,-0.9114221027918453,-2.7471502386284965,-2.773771276454302,0.32713773026786863,-0.02714276569279414,-0.177903269675565,0.255021152703346,-0.3183280273488492,0.17529357012917424,0.27178849412989287,-0.6018032328147711,0.3565990585872262,-1.1173767084767063,0.651968182396377,0.6413718900613072,-0.5699836182475213,-0.017528706019402887,0.45769604389975355,-0.0680215495602523,0.48433468189124973,-0.4694541468440444,-0.4211899852838782,1.3848597843810333,-0.2720282634872009,-0.15676032565741815,-2.9974799281806326,-0.5677462180253295,-0.329901386291886,-0.20320840225560202,-0.18735394313815695,-1.9253012934281761,-0.6335886894509438,-0.9997543936090993,-1.2280447232171885,-0.7209291762112704,0.16099937065890227,-0.15729824838594367,-0.7898938213039096,-0.347065883096895,-3.6550967357932826,-0.25566220180866767,-2.9974799281806326,-2.5819861399711654,-1.6074391891738846,-0.9478925063617617
-1.5932100124120079,-2.2332231821357946,-0.7778737116050203,-2.2750054332024865,-0.17354856063044602,-3.5904292288645623,-1.535974798765887,-0.9553976836441769,-1.0939625984701093,0.44556115408313773,-0.51431536314249,-0.22383097057411885,-0.03877053844227205,-2.2863922986529173,-1.4991782470053816,-1.4615928959469353,0.2745305314950232,-0.8068115105365656,-0.781413919454596,-1.5275166609949786,-1.1647417156508817,-2.1203963674538726,-3.1508566414797,-2.1160159891307284,0.7681799430909657,-0.6641411308660614,-4.226499038579489,-2.066079139589414,-1.7392217326522152,-1.6587233895500573,-3.4816422655397474,-2.448112770487661,-0.814964101414094,-3.660652271691035,-2.643928847742285,-1.7816774802576378,-2.156684588186344,0.09672073167585898,-1.034327396532802,-1.714253769114072,-0.46420749091759783,-3.1375963558030264,-1.9328881848311263,-0.28352970930926985,-3.475142260811371,-0.1132805541655033,0.4179345802692082,-1.5206440569673636,0.3692750442369521,0.3034982738203155,-0.680785120862415,-5.797827406146568,0.1426002584174752,0.5836879459371497,0.8417801591982983,-0.11467769728650863,-0.5342933554312331,-1.7631942123571465,-0.6666538155078734,-0.08430732945572292,0.652740162115378,-0.7441432462197377,-0.3477313233570151,0.6951176579385262,-1.017452159012157,0.04491458181478212,-1.789914474001476,0.8830671432655762,-0.40252931536467895,-0.33970240102407073,0.12335760698137482,0.09671376291537913,0.6912380100733098,0.642686457192074,-1.2657711802064253,-0.32153940350619636,-0.2843988054018458,-0.4102848858158918,0.4973900504996715,0.24968690929838186,-3.424785622244296,0.578124223588142,-2.547098566672747,1.0306345532764776,0.00026505793764866923,0.4940520928528927,-1.4598053506510662,-2.6458871026588704,-3.4464210774949486,0.4911209891656308,0.06134134855606073,-0.44615346650962223,0.14914199944398365,-0.3344660545000614,0.10542560288264777,0.3316752754900921,-0.8670809948767124,-0.5800522080493409,-1.1495227113834467,0.41852221296804454,0.5145368203065226,-0.8272462945900327,-0.24231292948663735,0.4308679854357225,-0.328475690112416,-0.07937490852824193,-0.8682143567122605,-0.5510197090419642,1.3091263465924206,-0.5712740317207062,-0.7468148494125962,-3.006717262546296,-1.3117791170417767,-1.2064502918816282,-0.46024322356057035,-0.545820867481284,-1.439399067060074,-1.370661732850093,-1.3918095490114124,-1.5741020116482864,-1.5707072478310258,0.052206908562309445,-0.41767449688489744,-1.2117488236918073,-1.2370167183185674,-4.7294208163533185,-1.2414634468400987,-3.006717262546296,-3.551402695247217,-1.7879227058774687,-0.5021128764330797
-1.5932100124120079,-2.2332231821357946,-0.7778737116050203,-2.2750054332024865,-0.17354856063044602,-3.5904292288645623,-1.535974798765887,-0.9553976836441769,-1.0939625984701093,0.44556115408313773,-0.51431536314249,-0.22383097057411885,-0.03877053844227205,-2.2863922986529173,-1.4991782470053816,-1.4615928959469353,0.2745305314950232,-0.8068115105365656,-0.781413919454596,-1.5275166609949786,-1.1647417156508817,-2.1203963674538726,-3.1508566414797,-2.1160159891307284,0.7681799430909657,-0.6641411308660614,-4.226499038579489,-2.066079139589414,-1.7392217326522152,-1.6587233895500573,-3.4816422655397474,-2.448112770487661,-0.814964101414094,-3.660652271691035,-2.643928847742285,-1.7816774802576378,-2.156684588186344,0.09672073167585898,-1.034327396532802,-1.714253769114072,-0.46420749091759783,-3.1375963558030264,-1.9328881848311263,-0.28352970930926985,-3.475142260811371,-0.1132805541655033,0.4179345802692082,-1.5206440569673636,0.3692750442369521,0.3034982738203155,-0.680785120862415,-5.797827406146568,0.1426002584174752,0.5836879459371497,0.8417801591982983,-0.11467769728650863,-0.5342933554312331,-1.7631942123571465,-0.6666538155078734,-0.08430732945572292,0.652740162115378,-0.7441432462197377,-0.3477313233570151,0.6951176579385262,-1.017452159012157,0.04491458181478212,-1.789914474001476,0.8830671432655762,-0.40252931536467895,-0.33970240102407073,0.12335760698137482,0.09671376291537913,0.6912380100733098,0.642686457192074,-1.2657711802064253,-0.32153940350619636,-0.2843988054018458,-0.4102848858158918,0.4973900504996715,0.24968690929838186,-3.424785622244296,0.578124223588142,-2.547098566672747,1.0306345532764776,0.00026505793764866923,0.4940520928528927,-1.4598053506510662,-2.6458871026588704,-3.4464210774949486,0.4911209891656308,0.06134134855606073,-0.44615346650962223,0.14914199944398365,-0.3344660545000614,0.10542560288264777,0.3316752754900921,-0.8670809948767124,-0.5800522080493409,-1.1495227113834467,0.41852221296804454,0.5145368203065226,-0.8272462945900327,-0.24231292948663735,0.4308679854357225,-0.328475690112416,-0.07937490852824193,-0.8682143567122605,-0.5510197090419642,1.3091263465924206,-0.5712740317207062,-0.7468148494125962,-3.006717262546296,-1.3117791170417767,-1.2064502918816282,-0.46024322356057035,-0.545820867481284,-1.439399067060074,-1.370661732850093,-1.3918095490114124,-1.5741020116482864,-1.5707072478310258,0.052206908562309445,-0.41767449688489744,-1.2117488236918073,-1.2370167183185674,-4.7294208163533185,-1.2414634468400987,-3.006717262546296,-3.551402695247217,-1.7879227058774687,-0.5021128764330797
-1.5932100124120079,-2.2332231821357946,-0.7778737116050203,-2.2750054332024865,-0.17354856063044602,-3.5904292288645623,-1.535974798765887,-0.9553976836441769,-1.0939625984701093,0.44556115408313773,-0.51431536314249,-0.22383097057411885,-0.03877053844227205,-2.2863922986529173,-1.4991782470053816,-1.4615928959469353,0.2745305314950232,-0.8068115105365656,-0.781413919454596,-1.5275166609949786,-1.1647417156508817,-2.1203963674538726,-3.1508566414797,-2.1160159891307284,0.7681799430909657,-0.6641411308660614,-4.226499038579489,-2.066079139589414,-1.7392217326522152,-1.6587233895500573,-3.4816422655397474,-2.448112770487661,-0.814964101414094,-3.660652271691035,-2.643928847742285,-1.7816774802576378,-2.156684588186344,0.09672073167585898,-1.034327396532802,-1.714253769114072,-0.46420749091759783,-3.1375963558030264,-1.9328881848311263,-0.28352970930926985,-3.475142260811371,-0.1132805541655033,0.4179345802692082,-1.5206440569673636,0.3692750442369521,0.3034982738203155,-0.680785120862415,-5.797827406146568,0.1426002584174752,0.5836879459371497,0.8417801591982983,-0.11467769728650863,-0.5342933554312331,-1.7631942123571465,-0.6666538155078734,-0.08430732945572292,0.652740162115378,-0.7441432462197377,-0.3477313233570151,0.6951176579385262,-1.017452159012157,0.04491458181478212,-1.789914474001476,0.8830671432655762,-0.40252931536467895,-0.33970240102407073,0.12335760698137482,0.09671376291537913,0.6912380100733098,0.642686457192074,-1.2657711802064253,-0.32153940350619636,-0.2843988054018458,-0.4102848858158918,0.4973900504996715,0.24968690929838186,-3.424785622244296,0.578124223588142,-2.547098566672747,1.0306345532764776,0.00026505793764866923,0.4940520928528927,-1.4598053506510662,-2.6458871026588704,-3.4464210774949486,0.4911209891656308,0.06134134855606073,-0.44615346650962223,0.14914199944398365,-0.3344660545000614,0.10542560288264777,0.3316752754900921,-0.8670809948767124,-0.5800522080493409,-1.1495227113834467,0.41852221296804454,0.5145368203065226,-0.8272462945900327,-0.24231292948663735,0.4308679854357225,-0.328475690112416,-0.07937490852824193,-0.8682143567122605,-0.5510197090419642,1.3091263465924206,-0.5712740317207062,-0.7468148494125962,-3.006717262546296,-1.3117791170417767,-1.2064502918816282,-0.46024322356057035,-0.545820867481284,-1.439399067060074,-1.370661732850093,-1.3918095490114124,-1.5741020116482864,-1.5707072478310258,0.052206908562309445,-0.41767449688489744,-1.2117488236918073,-1.2370167183185674,-4.7294208163533185,-1.2414634468400987,-3.006717262546296,-3.551402695247217,-1.7879227058774687,-0.5021128764330797
-1.4929373790851481,-0.7917076065432833,-0.8403799144541726,-1.9833570519679735,0.3688201541943327,-4.3059690215583,-0.41884829382963373,-0.8646426732291236,-0.8463282687856465,0.3391615034441252,-0.5872570376093552,-0.16626622774427452,-0.2763934194082067,-2.5276647602744187,-1.1422193836433783,-1.3181212644390312,0.46210864916194355,-0.670163367844898,-1.128593734725935,-1.237242522398941,0.11388712801526807,-2.7940173791584644,-3.6259683695267855,-2.2899397450283385,0.7842331282277893,-0.5866537143636454,-4.210401479550026,-1.7510260388312335,-3.026603526863969,-1.1589937273915134,-4.244995996699225,-2.751941466895836,-0.9762100666792728,-1.9743656410083046,-2.2987585123471126,-2.2309466370718973,-1.9983195025784468,0.08543429539829604,-1.667049268993944,-3.32272060088829,-0.6217615351897151,-3.835766105857125,-2.010714093258958,0.2745950292084718,-2.518620215484122,-0.25723832299033467,0.580569231360934,-1.8325048011320948,-0.06972697461611224,-0.1892663081284159,-0.6565925602405976,-35.46881761380639,-0.09665415503062015,0.6357115211407101,0.7145208827073689,-0.8190035963708437,-0.45842614701835604,-2.383771598625273,-0.41176858952453804,-0.08073711445092521,1.2440506484268332,-0.6556235368982131,-0.5347513276067327,0.7549592133934344,-0.8699985160543277,0.044017250889930665,-1.5975629971002128,0.5577833466115047,-0.8013626053916013,-0.3191606623306367,0.5712933825128353,0.5062201487090345,0.284756995431345,0.6820152397918542,-0.4598508257179783,-0.793063052835325,-0.5894042731940018,-0.279864495044036,0.4650223417669369,0.394682087337827,-2.645669646138046,0.6536774242497972,-2.245489782348058,1.1103210853566825,0.3921634786849713,0.33780890337784636,-1.1629598919762902,-2.5742552650440187,-3.1661853035909795,0.7064544509527694,0.07476008003667396,-0.5950134363211417,0.1245876393976718,-0.4510276421968367,0.2298135531356583,-0.28092141369884416,-2.63307208100828,-1.4376448497648568,-1.1530803462786627,0.4410505952600502,0.6045178469605096,-1.1063962373937914,-0.863750294851669,0.41178641680779693,-0.41780171738462674,0.3219593344024544,-1.365838107534854,-0.39921051922573864,1.3393109931611584,-1.0363700347820317,-0.5392397656781865,-3.6932047351450294,-0.8201362798452461,-1.2295040307540295,-0.9643193891386292,-0.7558448712968505,-1.34064889349823,-1.7243084785320468,-0.11816523444871202,-1.0813136259929934,-1.1449060784269696,0.49806278506133256,-0.6627779132861661,-1.2490919695255351,-2.027052787659436,-3.9911375293634883,-1.5955239283442968,-3.6932047351450294,-3.3784837300845303,-2.1116617002462603,-1.1917644267604992
-1.4929373790851481,-0.7917076065432833,-0.8403799144541726,-1.9833570519679735,0.3688201541943327,-4.3059690215583,-0.41884829382963373,-0.8646426732291236,-0.8463282687856465,0.3391615034441252,-0.5872570376093552,-0.16626622774427452,-0.2763934194082067,-2.5276647602744187,-1.1422193836433783,-1.3181212644390312,0.46210864916194355,-0.670163367844898,-1.128593734725935,-1.237242522398941,0.11388712801526807,-2.7940173791584644,-3.6259683695267855,-2.2899397450283385,0.7842331282277893,-0.5866537143636454,-4.210401479550026,-1.7510260388312335,-3.026603526863969,-1.1589937273915134,-4.244995996699225,-2.751941466895836,-0.9762100666792728,-1.9743656410083046,-2.2987585123471126,-2.2309466370718973,-1.9983195025784468,0.08543429539829604,-1.667049268993944,-3.32272060088829,-0.6217615351897151,-3.835766105857125,-2.010714093258958,0.2745950292084718,-2.518620215484122,-0.25723832299033467,0.580569231360934,-1.8325048011320948,-0.06972697461611224,-0.1892663081284159,-0.6565925602405976,-35.46881761380639,-0.09665415503062015,0.6357115211407101,0.7145208827073689,-0.8190035963708437,-0.45842614701835604,-2.383771598625273,-0.41176858952453804,-0.08073711445092521,1.2440506484268332,-0.6556235368982131,-0.5347513276067327,0.7549592133934344,-0.8699985160543277,0.044017250889930665,-1.5975629971002128,0.5577833466115047,-0.8013626053916013,-0.3191606623306367,0.5712933825128353,0.5062201487090345,0.284756995431345,0.6820152397918542,-0.4598508257179783,-0.793063052835325,-0.5894042731940018,-0.279864495044036,0.4650223417669369,0.394682087337827,-2.645669646138046,0.6536774242497972,-2.245489782348058,1.1103210853566825,0.3921634786849713,0.33780890337784636,-1.1629598919762902,-2.5742552650440187,-3.1661853035909795,0.7064544509527694,0.07476008003667396,-0.5950134363211417,0.1245876393976718,-0.4510276421968367,0.2298135531356583,-0.28092141369884416,-2.63307208100828,-1.4376448497648568,-1.1530803462786627,0.4410505952600502,0.6045178469605096,-1.1063962373937914,-0.863750294851669,0.41178641680779693,-0.41780171738462674,0.3219593344024544,-1.365838107534854,-0.39921051922573864,1.3393109931611584,-1.0363700347820317,-0.5392397656781865,-3.6932047351450294,-0.8201362798452461,-1.2295040307540295,-0.9643193891386292,-0.7558448712968505,-1.34064889349823,-1.7243084785320468,-0.11816523444871202,-1.0813136259929934,-1.1449060784269696,0.49806278506133256,-0.6627779132861661,-1.2490919695255351,-2.027052787659436,-3.9911375293634883,-1.5955239283442968,-3.6932047351450294,-3.3784837300845303,-2.1116617002462603,-1.1917644267604992
-2.187401877670236,-0.5336022514990556,-0.4680483746605084,-1.1333086235236693,0.5448509804370248,-3.5788087988627,0.39456669942158157,-0.9899424266128082,-1.007900491658423,-0.027747373603338246,-0.49734308610812045,-0.29534448448853984,-0.7215479482870114,-2.423168844834727,-0.9654316617837787,-1.1566986207072103,0.7685892005714108,-0.4638840614732029,-0.9741343613190024,-1.8687596623680178,-0.33661566586542324,-3.964646982112722,-7.455545820269321,-2.349471111602613,0.8897353122721331,-0.5085637962324908,-4.436186037764423,-1.9411526707878115,-4.309000889962712,-2.500431980838732,-6.122310692973496,-5.003761558234325,-1.2478522167503365,-1.1230301228947388,-1.5453663673742621,-2.4741607338470177,-1.9312662428868541,0.3913840717272672,-2.269198297881349,-2.3899309241244513,-0.6876604326537277,-5.286252749854663,-2.1744353558860334,0.5377047061666546,-2.943729047386215,-0.33883317766558313,0.8380032770146415,-1.7397323685517996,-0.24133043444576638,-1.372446861508246,-0.2714829204078121,-36.84136148479307,-0.5183550744808018,0.6668486943934986,0.7034078546756296,-2.049575120443817,0.024447576616831022,-3.383318637524192,-0.3393883697702232,0.34521755898553114,1.265483611374058,-0.48712978162851084,0.3964252310639593,0.3010707886363565,0.3522624197903152,-0.9470019382583313,-0.9698822029868046,0.6784468199646858,-0.4802189471202176,-0.14225608610679435,1.2083548421049288,1.0589618731076857,-0.4262226895395802,0.848581839333384,-0.055851214050435166,-0.40296870322537703,-1.9982101504381107,-0.16438461860018197,0.6033785667683583,0.04680734309538257,-2.6533867844462367,1.0078883543522197,-2.3573116504650673,1.0287806310033518,0.9544060123531035,-0.47819466426953894,-0.7576892928645654,-2.221921221344643,-2.5337314028991154,0.6679532805454301,-0.0026501846192317218,-1.1169291649508708,0.2177104241487285,-0.2608376637071133,0.6143529038652447,-0.9103416917049901,-2.0713656489151497,-2.2153515049152674,-1.366133055864265,0.5011974177626327,0.8180631481076871,-1.1062572304536546,-1.3927835139525744,0.29210310319041505,-0.14220799657851382,0.5516057106421037,-1.3962170039218182,-0.3786804714348479,1.3788846711821767,-0.9835232219882756,-0.26427953012579547,-6.630130635565925,0.24230847767132513,-2.2646404196012493,-1.2629025991194636,-0.7437213855900303,-1.1138818857706034,-1.1233396319526585,0.7562479055988277,-0.07388869146723251,-0.4863834103679661,0.5312522613846553,-0.6065914864256848,-0.5907904376676862,-3.162624775579712,-2.521612919616585,-1.0625256602701063,-6.630130635565925,-3.120195380737515,-1.2758238856743236,-1.1287902956784812
-2.187401877670236,-0.5336022514990556,-0.4680483746605084,-1.1333086235236693,0.5448509804370248,-3.5788087988627,0.39456669942158157,-0.9899424266128082,-1.007900491658423,-0.027747373603338246,-0.49734308610812045,-0.29534448448853984,-0.7215479482870114,-2.423168844834727,-0.9654316617837787,-1.1566986207072103,0.7685892005714108,-0.4638840614732029,-0.9741343613190024,-1.8687596623680178,-0.33661566586542324,-3.964646982112722,-7.455545820269321,-2.349471111602613,0.8897353122721331,-0.5085637962324908,-4.436186037764423,-1.9411526707878115,-4.309000889962712,-2.500431980838732,-6.122310692973496,-5.003761558234325,-1.2478522167503365,-1.1230301228947388,-1.5453663673742621,-2.4741607338470177,-1.9312662428868541,0.3913840717272672,-2.269198297881349,-2.3899309241244513,-0.6876604326537277,-5.286252749854663,-2.1744353558860334,0.5377047061666546,-2.943729047386215,-0.33883317766558313,0.8380032770146415,-1.7397323685517996,-0.24133043444576638,-1.372446861508246,-0.2714829204078121,-36.84136148479307,-0.5183550744808018,0.6668486943934986,0.7034078546756296,-2.049575120443817,0.024447576616831022,-3.383318637524192,-0.3393883697702232,0.34521755898553114,1.265483611374058,-0.48712978162851084,0.3964252310639593,0.3010707886363565,0.3522624197903152,-0.9470019382583313,-0.9698822029868046,0.6784468199646858,-0.4802189471202176,-0.14225608610679435,1.2083548421049288,1.0589618731076857,-0.4262226895395802,0.848581839333384,-0.055851214050435166,-0.40296870322537703,-1.9982101504381107,-0.16438461860018197,0.6033785667683583,0.04680734309538257,-2.6533867844462367,1.0078883543522197,-2.3573116504650673,1.0287806310033518,0.9544060123531035,-0.47819466426953894,-0.7576892928645654,-2.221921221344643,-2.5337314028991154,0.6679532805454301,-0.0026501846192317218,-1.1169291649508708,0.2177104241487285,-0.2608376637071133,0.6143529038652447,-0.9103416917049901,-2.0713656489151497,-2.2153515049152674,-1.366133055864265,0.5011974177626327,0.8180631481076871,-1.1062572304536546,-1.3927835139525744,0.29210310319041505,-0.14220799657851382,0.5516057106421037,-1.3962170039218182,-0.3786804714348479,1.3788846711821767,-0.9835232219882756,-0.26427953012579547,-6.630130635565925,0.24230847767132513,-2.2646404196012493,-1.2629025991194636,-0.7437213855900303,-1.1138818857706034,-1.1233396319526585,0.7562479055988277,-0.07388869146723251,-0.4863834103679661,0.5312522613846553,-0.6065914864256848,-0.5907904376676862,-3.162624775579712,-2.521612919616585,-1.0625256602701063,-6.630130635565925,-3.120195380737515,-1.2758238856743236,-1.1287902956784812
-2.187401877670236,-0.5336022514990556,-0.4680483746605084,-1.1333086235236693,0.5448509804370248,-3.5788087988627,0.39456669942158157,-0.9899424266128082,-1.007900491658423,-0.027747373603338246,-0.49734308610812045,-0.29534448448853984,-0.7215479482870114,-2.423168844834727,-0.9654316617837787,-1.1566986207072103,0.7685892005714108,-0.4638840614732029,-0.9741343613190024,-1.8687596623680178,-0.33661566586542324,-3.964646982112722,-7.455545820269321,-2.349471111602613,0.8897353122721331,-0.5085637962324908,-4.436186037764423,-1.9411526707878115,-4.309000889962712,-2.500431980838732,-6.122310692973496,-5.003761558234325,-1.2478522167503365,-1.1230301228947388,-1.5453663673742621,-2.4741607338470177,-1.9312662428868541,0.3913840717272672,-2.269198297881349,-2.3899309241244513,-0.6876604326537277,-5.286252749854663,-2.1744353558860334,0.5377047061666546,-2.943729047386215,-0.33883317766558313,0.8380032770146415,-1.7397323685517996,-0.24133043444576638,-1.372446861508246,-0.2714829204078121,-36.84136148479307,-0.5183550744808018,0.6668486943934986,0.7034078546756296,-2.049575120443817,0.024447576616831022,-3.383318637524192,-0.3393883697702232,0.34521755898553114,1.265483611374058,-0.48712978162851084,0.3964252310639593,0.3010707886363565,0.3522624197903152,-0.9470019382583313,-0.9698822029868046,0.6784468199646858,-0.4802189471202176,-0.14225608610679435,1.2083548421049288,1.0589618731076857,-0.4262226895395802,0.848581839333384,-0.055851214050435166,-0.40296870322537703,-1.9982101504381107,-0.16438461860018197,0.6033785667683583,0.04680734309538257,-2.6533867844462367,1.0078883543522197,-2.3573116504650673,1.0287806310033518,0.9544060123531035,-0.47819466426953894,-0.7576892928645654,-2.221921221344643,-2.5337314028991154,0.6679532805454301,-0.0026501846192317218,-1.1169291649508708,0.2177104241487285,-0.2608376637071133,0.6143529038652447,-0.9103416917049901,-2.0713656489151497,-2.2153515049152674,-1.366133055864265,0.5011974177626327,0.8180631481076871,-1.1062572304536546,-1.3927835139525744,0.29210310319041505,-0.14220799657851382,0.5516057106421037,-1.3962170039218182,-0.3786804714348479,1.3788846711821767,-0.9835232219882756,-0.26427953012579547,-6.630130635565925,0.24230847767132513,-2.2646404196012493,-1.2629025991194636,-0.7437213855900303,-1.1138818857706034,-1.1233396319526585,0.7562479055988277,-0.07388869146723251,-0.4863834103679661,0.5312522613846553,-0.6065914864256848,-0.5907904376676862,-3.162624775579712,-2.521612919616585,-1.0625256602701063,-6.630130635565925,-3.120195380737515,-1.2758238856743236,-1.1287902956784812
-2.187401877670236,-0.5336022514990556,-0.4680483746605084,-1.1333086235236693,0.5448509804370248,-3.5788087988627,0.39456669942158157,-0.9899424266128082,-1.007900491658423,-0.027747373603338246,-0.49734308610812045,-0.29534448448853984,-0.7215479482870114,-2.423168844834727,-0.9654316617837787,-1.1566986207072103,0.7685892005714108,-0.4638840614732029,-0.9741343613190024,-1.8687596623680178,-0.33661566586542324,-3.964646982112722,-7.455545820269321,-2.349471111602613,0.8897353122721331,-0.5085637962324908,-4.436186037764423,-1.9411526707878115,-4.309000889962712,-2.500431980838732,-6.122310692973496,-5.003761558234325,-1.2478522167503365,-1.1230301228947388,-1.5453663673742621,-2.4741607338470177,-1.9312662428868541,0.3913840717272672,-2.269198297881349,-2.3899309241244513,-0.6876604326537277,-5.286252749854663,-2.1744353558860334,0.5377047061666546,-2.943729047386215,-0.33883317766558313,0.8380032770146415,-1.7397323685517996,-0.24133043444576638,-1.372446861508246,-0.2714829204078121,-36.84136148479307,-0.5183550744808018,0.6668486943934986,0.7034078546756296,-2.049575120443817,0.024447576616831022,-3.383318637524192,-0.3393883697702232,0.34521755898553114,1.265483611374058,-0.48712978162851084,0.3964252310639593,0.3010707886363565,0.3522624197903152,-0.9470019382583313,-0.9698822029868046,0.6784468199646858,-0.4802189471202176,-0.14225608610679435,1.2083548421049288,1.0589618731076857,-0.4262226895395802,0.848581839333384,-0.055851214050435166,-0.40296870322537703,-1.9982101504381107,-0.16438461860018197,0.6033785667683583,0.04680734309538257,-2.6533867844462367,1.0078883543522197,-2.3573116504650673,1.0287806310033518,0.9544060123531035,-0.47819466426953894,-0.7576892928645654,-2.221921221344643,-2.5337314028991154,0.6679532805454301,-0.0026501846192317218,-1.1169291649508708,0.2177104241487285,-0.2608376637071133,0.6143529038652447,-0.9103416917049901,-2.0713656489151497,-2.2153515049152674,-1.366133055864265,0.5011974177626327,0.8180631481076871,-1.1062572304536546,-1.3927835139525744,0.29210310319041505,-0.14220799657851382,0.5516057106421037,-1.3962170039218182,-0.3786804714348479,1.3788846711821767,-0.9835232219882756,-0.26427953012579547,-6.630130635565925,0.24230847767132513,-2.2646404196012493,-1.2629025991194636,-0.7437213855900303,-1.1138818857706034,-1.1233396319526585,0.7562479055988277,-0.07388869146723251,-0.4863834103679661,0.5312522613846553,-0.6065914864256848,-0.5907904376676862,-3.162624775579712,-2.521612919616585,-1.0625256602701063,-6.630130635565925,-3.120195380737515,-1.2758238856743236,-1.1287902956784812
-2.187401877670236,-0.5336022514990556,-0.4680483746605084,-1.1333086235236693,0.5448509804370248,-3.5788087988627,0.39456669942158157,-0.9899424266128082,-1.007900491658423,-0.027747373603338246,-0.49734308610812045,-0.29534448448853984,-0.7215479482870114,-2.423168844834727,-0.9654316617837787,-1.1566986207072103,0.7685892005714108,-0.4638840614732029,-0.9741343613190024,-1.8687596623680178,-0.33661566586542324,-3.964646982112722,-7.455545820269321,-2.349471111602613,0.8897353122721331,-0.5085637962324908,-4.436186037764423,-1.9411526707878115,-4.309000889962712,-2.500431980838732,-6.122310692973496,-5.003761558234325,-1.2478522167503365,-1.1230301228947388,-1.5453663673742621,-2.4741607338470177,-1.9312662428868541,0.3913840717272672,-2.269198297881349,-2.3899309241244513,-0.6876604326537277,-5.286252749854663,-2.1744353558860334,0.5377047061666546,-2.943729047386215,-0.33883317766558313,0.8380032770146415,-1.7397323685517996,-0.24133043444576638,-1.372446861508246,-0.2714829204078121,-36.84136148479307,-0.5183550744808018,0.6668486943934986,0.7034078546756296,-2.049575120443817,0.024447576616831022,-3.383318637524192,-0.3393883697702232,0.34521755898553114,1.265483611374058,-0.48712978162851084,0.3964252310639593,0.3010707886363565,0.3522624197903152,-0.9470019382583313,-0.9698822029868046,0.6784468199646858,-0.4802189471202176,-0.14225608610679435,1.2083548421049288,1.0589618731076857,-0.4262226895395802,0.848581839333384,-0.055851214050435166,-0.40296870322537703,-1.9982101504381107,-0.16438461860018197,0.6033785667683583,0.04680734309538257,-2.6533867844462367,1.0078883543522197,-2.3573116504650673,1.0287806310033518,0.9544060123531035,-0.47819466426953894,-0.7576892928645654,-2.221921221344643,-2.5337314028991154,0.6679532805454301,-0.0026501846192317218,-1.1169291649508708,0.2177104241487285,-0.2608376637071133,0.6143529038652447,-0.9103416917049901,-2.0713656489151497,-2.2153515049152674,-1.366133055864265,0.5011974177626327,0.8180631481076871,-1.1062572304536546,-1.3927835139525744,0.29210310319041505,-0.14220799657851382,0.5516057106421037,-1.3962170039218182,-0.3786804714348479,1.3788846711821767,-0.9835232219882756,-0.26427953012579547,-6.630130635565925,0.24230847767132513,-2.2646404196012493,-1.2629025991194636,-0.7437213855900303,-1.1138818857706034,-1.1233396319526585,0.7562479055988277,-0.07388869146723251,-0.4863834103679661,0.5312522613846553,-0.6065914864256848,-0.5907904376676862,-3.162624775579712,-2.521612919616585,-1.0625256602701063,-6.630130635565925,-3.120195380737515,-1.2758238856743236,-1.1287902956784812
-1.5180037971780962,-0.5819209125578333,-0.5760926900423433,-1.9899653696369985,0.024286898423638355,-3.4901077219101904,0.21938431182747617,-2.302898953256115,-1.0104448371985797,-1.4260493232335434,-0.37602130326864397,-0.17917719762597784,-0.3272422116893255,-2.4567900535661966,-0.8420033694530333,-1.0007641879683922,0.8606873567247044,-0.659227854352818,-0.8304434992529636,-1.6146596729982658,-0.9869146572734255,-3.962287902769164,-15.030253765333768,-2.4155496700984047,0.9601228920429192,-1.0856823829340347,-4.061948181523454,-1.7341832531656327,-3.0501736364929393,-1.5207877864881636,-4.32664886243514,-3.4482057521213867,-1.2447728355413044,-2.041899994794231,-1.539905007821957,-0.842879483663303,-1.7303665234144736,0.5554368252272134,-1.7193123309730602,-3.581531446012608,-0.4102327091646454,-3.9930225050432426,-2.04135674175736,0.6960421119774436,-3.0787770737713895,-0.2505605347542526,0.8815402372675357,-1.9243305245926383,-0.07072491018462916,-0.9814517792498402,-0.32434611929430057,-36.835461609673324,-0.7203910657318601,0.5751120457124302,0.8933811547587218,-1.1234989994421696,0.04350930476464413,-2.1796426958729396,-0.27870786013706533,0.01303380766664828,1.087753148278485,-0.24084721867308637,-0.4322355670392683,0.8042360982434114,-0.19988627271066095,-0.7979602033171234,-1.2182974192764435,0.8255192792999165,-0.05749522937278573,-0.1709685813117621,1.0383424268620909,0.7739933734817894,-0.08450911768438904,0.8471513481084271,0.2780706893973513,-0.37367404020714945,-1.6381512547390191,0.030770008008087418,0.6160170872523861,0.3417738117048115,-2.661318233674022,0.9288851898334033,-2.095468286471136,1.0414932277657436,0.9738280594576779,0.08218401108364284,-0.6452439077813096,-2.088262675922725,-2.4046621544496265,0.7996434598384409,-0.005587974425293374,-0.5744880105216205,0.28433393667396023,-0.33110617948013943,0.3382119221116988,-0.9331185179063534,-0.7366622367204563,-2.003349068995172,-1.5877220267921541,0.5684035603301242,0.6638915664676118,-0.8787447490279745,-0.9912480136549853,0.01556790212918447,-0.2293790166570836,0.6878393905850176,-1.3936449336367012,-0.5373524939508308,1.186719702782057,-0.8153571672985178,-0.12464176254422159,-36.84136148790473,0.23899819798200336,-1.3640701569893154,-2.3289555846544228,-0.10605189577029686,-1.7666731786137775,-1.8705348625248215,-0.16731428888455385,-0.730813273948825,-1.2982886395400668,0.4869734150444161,-1.0572737303179927,-1.4852038286723965,-1.966828162202067,-3.53563994749258,-0.13361317327771935,-36.84136148790473,-2.6768242795240136,-1.351095413790559,-2.330257318624598
-1.5180037971780962,-0.5819209125578333,-0.5760926900423433,-1.9899653696369985,0.024286898423638355,-3.4901077219101904,0.21938431182747617,-2.302898953256115,-1.0104448371985797,-1.4260493232335434,-0.37602130326864397,-0.17917719762597784,-0.3272422116893255,-2.4567900535661966,-0.8420033694530333,-1.0007641879683922,0.8606873567247044,-0.659227854352818,-0.8304434992529636,-1.6146596729982658,-0.9869146572734255,-3.962287902769164,-15.030253765333768,-2.4155496700984047,0.9601228920429192,-1.0856823829340347,-4.061948181523454,-1.7341832531656327,-3.0501736364929393,-1.5207877864881636,-4.32664886243514,-3.4482057521213867,-1.2447728355413044,-2.041899994794231,-1.539905007821957,-0.842879483663303,-1.7303665234144736,0.5554368252272134,-1.7193123309730602,-3.581531446012608,-0.4102327091646454,-3.9930225050432426,-2.04135674175736,0.6960421119774436,-3.0787770737713895,-0.2505605347542526,0.8815402372675357,-1.9243305245926383,-0.07072491018462916,-0.9814517792498402,-0.32434611929430057,-36.835461609673324,-0.7203910657318601,0.5751120457124302,0.8933811547587218,-1.1234989994421696,0.04350930476464413,-2.1796426958729396,-0.27870786013706533,0.01303380766664828,1.087753148278485,-0.24084721867308637,-0.4322355670392683,0.8042360982434114,-0.19988627271066095,-0.7979602033171234,-1.2182974192764435,0.8255192792999165,-0.05749522937278573,-0.1709685813117621,1.0383424268620909,0.7739933734817894,-0.08450911768438904,0.8471513481084271,0.2780706893973513,-0.37367404020714945,-1.6381512547390191,0.030770008008087418,0.6160170872523861,0.3417738117048115,-2.661318233674022,0.9288851898334033,-2.095468286471136,1.0414932277657436,0.9738280594576779,0.08218401108364284,-0.6452439077813096,-2.088262675922725,-2.4046621544496265,0.7996434598384409,-0.005587974425293374,-0.5744880105216205,0.28433393667396023,-0.33110617948013943,0.3382119221116988,-0.9331185179063534,-0.7366622367204563,-2.003349068995172,-1.5877220267921541,0.5684035603301242,0.6638915664676118,-0.8787447490279745,-0.9912480136549853,0.01556790212918447,-0.2293790166570836,0.6878393905850176,-1.3936449336367012,-0.5373524939508308,1.186719702782057,-0.8153571672985178,-0.12464176254422159,-36.84136148790473,0.23899819798200336,-1.3640701569893154,-2.3289555846544228,-0.10605189577029686,-1.7666731786137775,-1.8705348625248215,-0.16731428888455385,-0.730813273948825,-1.2982886395400668,0.4869734150444161,-1.0572737303179927,-1.4852038286723965,-1.966828162202067,-3.53563994749258,-0.13361317327771935,-36.84136148790473,-2.6768242795240136,-1.351095413790559,-2.330257318624598
-1.5180037971780962,-0.5819209125578333,-0.5760926900423433,-1.9899653696369985,0.024286898423638355,-3.4901077219101904,0.21938431182747617,-2.302898953256115,-1.0104448371985797,-1.4260493232335434,-0.37602130326864397,-0.17917719762597784,-0.3272422116893255,-2.4567900535661966,-0.8420033694530333,-1.0007641879683922,0.8606873567247044,-0.659227854352818,-0.8304434992529636,-1.6146596729982658,-0.9869146572734255,-3.962287902769164,-15.030253765333768,-2.4155496700984047,0.9601228920429192,-1.0856823829340347,-4.061948181523454,-1.7341832531656327,-3.0501736364929393,-1.5207877864881636,-4.32664886243514,-3.4482057521213867,-1.2447728355413044,-2.041899994794231,-1.539905007821957,-0.842879483663303,-1.7303665234144736,0.5554368252272134,-1.7193123309730602,-3.581531446012608,-0.4102327091646454,-3.9930225050432426,-2.04135674175736,0.6960421119774436,-3.0787770737713895,-0.2505605347542526,0.8815402372675357,-1.9243305245926383,-0.07072491018462916,-0.9814517792498402,-0.32434611929430057,-36.835461609673324,-0.7203910657318601,0.5751120457124302,0.8933811547587218,-1.1234989994421696,0.04350930476464413,-2.1796426958729396,-0.27870786013706533,0.01303380766664828,1.087753148278485,-0.24084721867308637,-0.4322355670392683,0.8042360982434114,-0.19988627271066095,-0.7979602033171234,-1.2182974192764435,0.8255192792999165,-0.05749522937278573,-0.1709685813117621,1.0383424268620909,0.7739933734817894,-0.08450911768438904,0.8471513481084271,0.2780706893973513,-0.37367404020714945,-1.6381512547390191,0.030770008008087418,0.6160170872523861,0.3417738117048115,-2.661318233674022,0.9288851898334033,-2.095468286471136,1.0414932277657436,0.9738280594576779,0.08218401108364284,-0.6452439077813096,-2.088262675922725,-2.4046621544496265,0.7996434598384409,-0.005587974425293374,-0.5744880105216205,0.28433393667396023,-0.33110617948013943,0.3382119221116988,-0.9331185179063534,-0.7366622367204563,-2.003349068995172,-1.5877220267921541,0.5684035603301242,0.6638915664676118,-0.8787447490279745,-0.9912480136549853,0.01556790212918447,-0.2293790166570836,0.6878393905850176,-1.3936449336367012,-0.5373524939508308,1.186719702782057,-0.8153571672985178,-0.12464176254422159,-36.84136148790473,0.23899819798200336,-1.3640701569893154,-2.3289555846544228,-0.10605189577029686,-1.7666731786137775,-1.8705348625248215,-0.16731428888455385,-0.730813273948825,-1.2982886395400668,0.4869734150444161,-1.0572737303179927,-1.4852038286723965,-1.966828162202067,-3.53563994749258,-0.13361317327771935,-36.84136148790473,-2.6768242795240136,-1.351095413790559,-2.330257318624598
-1.5180037971780962,-0.5819209125578333,-0.5760926900423433,-1.9899653696369985,0.024286898423638355,-3.4901077219101904,0.21938431182747617,-2.302898953256115,-1.0104448371985797,-1.4260493232335434,-0.37602130326864397,-0.17917719762597784,-0.3272422116893255,-2.4567900535661966,-0.8420033694530333,-1.0007641879683922,0.8606873567247044,-0.659227854352818,-0.8304434992529636,-1.6146596729982658,-0.9869146572734255,-3.962287902769164,-15.030253765333768,-2.4155496700984047,0.9601228920429192,-1.0856823829340347,-4.061948181523454,-1.7341832531656327,-3.0501736364929393,-1.5207877864881636,-4.32664886243514,-3.4482057521213867,-1.2447728355413044,-2.041899994794231,-1.539905007821957,-0.842879483663303,-1.7303665234144736,0.5554368252272134,-1.7193123309730602,-3.581531446012608,-0.4102327091646454,-3.9930225050432426,-2.04135674175736,0.6960421119774436,-3.0787770737713895,-0.2505605347542526,0.8815402372675357,-1.9243305245926383,-0.07072491018462916,-0.9814517792498402,-0.32434611929430057,-36.835461609673324,-0.7203910657318601,0.5751120457124302,0.8933811547587218,-1.1234989994421696,0.04350930476464413,-2.1796426958729396,-0.27870786013706533,0.01303380766664828,1.087753148278485,-0.24084721867308637,-0.4322355670392683,0.8042360982434114,-0.19988627271066095,-0.7979602033171234,-1.2182974192764435,0.8255192792999165,-0.05749522937278573,-0.1709685813117621,1.0383424268620909,0.7739933734817894,-0.08450911768438904,0.8471513481084271,0.2780706893973513,-0.37367404020714945,-1.6381512547390191,0.030770008008087418,0.6160170872523861,0.3417738117048115,-2.661318233674022,0.9288851898334033,-2.095468286471136,1.0414932277657436,0.9738280594576779,0.08218401108364284,-0.6452439077813096,-2.088262675922725,-2.4046621544496265,0.7996434598384409,-0.005587974425293374,-0.5744880105216205,0.28433393667396023,-0.33110617948013943,0.3382119221116988,-0.9331185179063534,-0.7366622367204563,-2.003349068995172,-1.5877220267921541,0.5684035603301242,0.6638915664676118,-0.8787447490279745,-0.9912480136549853,0.01556790212918447,-0.2293790166570836,0.6878393905850176,-1.3936449336367012,-0.5373524939508308,1.186719702782057,-0.8153571672985178,-0.12464176254422159,-36.84136148790473,0.23899819798200336,-1.3640701569893154,-2.3289555846544228,-0.10605189577029686,-1.7666731786137775,-1.8705348625248215,-0.16731428888455385,-0.730813273948825,-1.2982886395400668,0.4869734150444161,-1.0572737303179927,-1.4852038286723965,-1.966828162202067,-3.53563994749258,-0.13361317327771935,-36.84136148790473,-2.6768242795240136,-1.351095413790559,-2.330257318624598
-1.5180037971780962,-0.5819209125578333,-0.5760926900423433,-1.9899653696369985,0.024286898423638355,-3.4901077219101904,0.21938431182747617,-2.302898953256115,-1.0104448371985797,-1.4260493232335434,-0.37602130326864397,-0.17917719762597784,-0.3272422116893255,-2.4567900535661966,-0.8420033694530333,-1.0007641879683922,0.8606873567247044,-0.659227854352818,-0.8304434992529636,-1.6146596729982658,-0.9869146572734255,-3.962287902769164,-15.030253765333768,-2.4155496700984047,0.9601228920429192,-1.0856823829340347,-4.061948181523454,-1.7341832531656327,-3.0501736364929393,-1.5207877864881636,-4.32664886243514,-3.4482057521213867,-1.2447728355413044,-2.041899994794231,-1.539905007821957,-0.842879483663303,-1.7303665234144736,0.5554368252272134,-1.7193123309730602,-3.581531446012608,-0.4102327091646454,-3.9930225050432426,-2.04135674175736,0.6960421119774436,-3.0787770737713895,-0.2505605347542526,0.8815402372675357,-1.9243305245926383,-0.07072491018462916,-0.9814517792498402,-0.32434611929430057,-36.835461609673324,-0.7203910657318601,0.5751120457124302,0.8933811547587218,-1.1234989994421696,0.04350930476464413,-2.1796426958729396,-0.27870786013706533,0.01303380766664828,1.087753148278485,-0.24084721867308637,-0.4322355670392683,0.8042360982434114,-0.19988627271066095,-0.7979602033171234,-1.2182974192764435,0.8255192792999165,-0.05749522937278573,-0.1709685813117621,1.0383424268620909,0.7739933734817894,-0.08450911768438904,0.8471513481084271,0.2780706893973513,-0.37367404020714945,-1.6381512547390191,0.030770008008087418,0.6160170872523861,0.3417738117048115,-2.661318233674022,0.9288851898334033,-2.095468286471136,1.0414932277657436,0.9738280594576779,0.08218401108364284,-0.6452439077813096,-2.088262675922725,-2.4046621544496265,0.7996434598384409,-0.005587974425293374,-0.5744880105216205,0.28433393667396023,-0.33110617948013943,0.3382119221116988,-0.9331185179063534,-0.7366622367204563,-2.003349068995172,-1.5877220267921541,0.5684035603301242,0.6638915664676118,-0.8787447490279745,-0.9912480136549853,0.01556790212918447,-0.2293790166570836,0.6878393905850176,-1.3936449336367012,-0.5373524939508308,1.186719702782057,-0.8153571672985178,-0.12464176254422159,-36.84136148790473,0.23899819798200336,-1.3640701569893154,-2.3289555846544228,-0.10605189577029686,-1.7666731786137775,-1.8705348625248215,-0.16731428888455385,-0.730813273948825,-1.2982886395400668,0.4869734150444161,-1.0572737303179927,-1.4852038286723965,-1.966828162202067,-3.53563994749258,-0.13361317327771935,-36.84136148790473,-2.6768242795240136,-1.351095413790559,-2.330257318624598
-1.5180037971780962,-0.5819209125578333,-0.5760926900423433,-1.9899653696369985,0.024286898423638355,-3.4901077219101904,0.21938431182747617,-2.302898953256115,-1.0104448371985797,-1.4260493232335434,-0.37602130326864397,-0.17917719762597784,-0.3272422116893255,-2.4567900535661966,-0.8420033694530333,-1.0007641879683922,0.8606873567247044,-0.659227854352818,-0.8304434992529636,-1.6146596729982658,-0.9869146572734255,-3.962287902769164,-15.030253765333768,-2.4155496700984047,0.9601228920429192,-1.0856823829340347,-4.061948181523454,-1.7341832531656327,-3.0501736364929393,-1.5207877864881636,-4.32664886243514,-3.4482057521213867,-1.2447728355413044,-2.041899994794231,-1.539905007821957,-0.842879483663303,-1.7303665234144736,0.5554368252272134,-1.7193123309730602,-3.581531446012608,-0.4102327091646454,-3.9930225050432426,-2.04135674175736,0.6960421119774436,-3.0787770737713895,-0.2505605347542526,0.8815402372675357,-1.9243305245926383,-0.07072491018462916,-0.9814517792498402,-0.32434611929430057,-36.835461609673324,-0.7203910657318601,0.5751120457124302,0.8933811547587218,-1.1234989994421696,0.04350930476464413,-2.1796426958729396,-0.27870786013706533,0.01303380766664828,1.087753148278485,-0.24084721867308637,-0.4322355670392683,0.8042360982434114,-0.19988627271066095,-0.7979602033171234,-1.2182974192764435,0.8255192792999165,-0.05749522937278573,-0.1709685813117621,1.0383424268620909,0.7739933734817894,-0.08450911768438904,0.8471513481084271,0.2780706893973513,-0.37367404020714945,-1.6381512547390191,0.030770008008087418,0.6160170872523861,0.3417738117048115,-2.661318233674022,0.9288851898334033,-2.095468286471136,1.0414932277657436,0.9738280594576779,0.08218401108364284,-0.6452439077813096,-2.088262675922725,-2.4046621544496265,0.7996434598384409,-0.005587974425293374,-0.5744880105216205,0.28433393667396023,-0.33110617948013943,0.3382119221116988,-0.9331185179063534,-0.7366622367204563,-2.003349068995172,-1.5877220267921541,0.5684035603301242,0.6638915664676118,-0.8787447490279745,-0.9912480136549853,0.01556790212918447,-0.2293790166570836,0.6878393905850176,-1.3936449336367012,-0.5373524939508308,1.186719702782057,-0.8153571672985178,-0.12464176254422159,-36.84136148790473,0.23899819798200336,-1.3640701569893154,-2.3289555846544228,-0.10605189577029686,-1.7666731786137775,-1.8705348625248215,-0.16731428888455385,-0.730813273948825,-1.2982886395400668,0.4869734150444161,-1.0572737303179927,-1.4852038286723965,-1.966828162202067,-3.53563994749258,-0.13361317327771935,-36.84136148790473,-2.6768242795240136,-1.351095413790559,-2.330257318624598
-1.8793655014639676,-1.8248814030932479,-0.5196174809909061,-1.236634183893651,0.7215348010843464,-3.879986568981049,0.4153182737465779,-0.5377815655458489,-1.2758661955659796,0.43329454481241864,-0.5939396667205391,-0.058633593997050516,-0.6799559672595944,-1.8727700234764373,-0.873418574167135,-0.42945402028858004,0.5450961796391846,-0.4226468499989357,-1.1443046143117903,-1.7301732689186438,-0.5585294549086608,-3.588779295140889,-5.471962893611755,-2.03922086077387,0.9622840321315823,-0.5167297216403862,-4.0343258488330695,-2.7502659826636338,-3.528637353690924,-2.2914296436703605,-5.551361420771278,-3.8295638468760775,-1.0480600731238883,-1.513582320042462,-1.763250784848651,-3.02170309145846,-1.8965245568708797,-0.03158635630869736,-1.6773396682750827,-3.266081945506819,-0.7205592586991099,-4.985165736102802,-1.9200677854888895,0.6012668093610359,-2.762317224882687,-0.6819929294969584,0.6661127513172365,-1.9742379041974523,-0.13166111072672193,-1.0047215369568305,-0.22989321395706636,-36.84126469967328,-0.4563717220037817,0.8123104743718118,0.6911534932155531,-1.590211107253198,-0.20010170914848358,-2.942173080561788,-0.2750863029661579,0.1942062386230202,1.3522183191745385,-0.31066166348964236,0.2507542508368396,0.3983162036194419,0.08488041044120244,0.22103250071416647,-1.1974275544525539,0.7329372257822023,-0.3960733766949861,-0.1790174123274502,1.2898783997356942,0.8597167711348709,0.1588819085743183,0.6737935489623569,-0.3888967110587375,-0.424643259632784,-1.3436379655561161,-0.3515528632580529,0.4921609029301529,0.6124585222097767,-2.613706267065831,0.8586489013501335,-2.158174864257809,1.08751783148294,0.7547755411290007,-0.3713570317320383,-0.9895003561707219,-2.3131870289123673,-2.4843555511222952,0.39530523821914865,0.26639150155477226,-0.737674042717478,0.6964171140257981,-0.46425662722701655,0.6846754634471854,0.19872105137179766,-2.6287410002304394,0.100207263697204,-1.480919930837029,0.8531473008388937,0.6216210086891328,-1.0581291613779455,-1.3694404598324943,0.6670619550400124,-0.18017937345585439,0.3360275464913031,-1.1362855726948198,-0.42664491514885433,1.4415445617545586,-0.9760822797350767,0.15691250000926207,-3.8031905174469838,0.1900121817746858,-1.7554397741085201,-0.7852570937864072,-0.9269006513416007,-0.3632401691081352,-0.7397465935825795,1.1104147219598985,-0.12267295250040684,-0.7444210777990903,0.9329455514586937,-0.31412765819599064,-0.4843735912388574,-2.308438611566315,-0.2844372937599815,-0.15456162270183169,-3.8031905174469838,-2.5531519716277593,-0.9726637705509942,-0.9974715743054015
-1.892951949642209,-2.2808030189643573,-0.5880832398607487,-1.4403180521891257,0.5354679824651308,-3.5501522309291427,0.24525553426556,-0.6874811079663753,-1.1460198842794973,0.28461103095414353,-0.5424994748972956,-0.24063821725647316,-0.7389251671573549,-2.3610299023364694,-0.8657213253681962,-0.8275547559949233,0.5947385691460222,-0.5568429383365084,-1.3924809055118084,-1.6819668591733528,-0.3161299543540924,-4.680394944175554,-6.847327154029636,-1.7876496915008535,1.0022333440820421,-0.559091120991055,-6.881453988729565,-2.2290195552371093,-3.9404602480241966,-2.324980465396506,-19.63148587297887,-4.278412104887866,-1.5388499325242737,-2.1157322975938557,-2.1138414053785604,-3.5850757345971815,-2.040442937465065,0.2501325899078936,-2.402585403159368,-2.442071012756315,-0.6488200075577959,-6.3252431425998585,-2.3604272644342714,0.42787373906639053,-4.02239575399108,-0.2601387419234166,0.6892449022442283,-2.0834655284708337,-0.03908623416046969,-0.7472635469270381,-0.5901723391637618,-36.84136067909501,-0.7378561889698912,0.5885429936691162,0.4703782995106521,-1.3098660844512446,-0.054543658016462174,-3.178612597284212,-0.4755244589047949,0.2973723976780574,0.7483098670582458,-0.4242903199295091,0.3829071560134099,-0.021341420266486995,0.03825694782061072,-0.6229235262384364,-1.2828354706771017,0.7779643845520318,-0.1723247858812409,-0.28774130089688005,0.8673355391569427,0.5318966741104295,0.5849303027857066,0.7189064149054462,-0.472927861623003,-0.5400472728212038,-1.6195494749038082,-0.2419712227010906,0.5109630569109931,0.21117561400950086,-2.92999020682876,0.9175066804898805,-2.7322562822618304,0.8397085585971436,0.8053309974714629,-1.380145694262039,-1.4143386615826317,-2.753829589137536,-2.581642558109146,0.3168140712679199,0.25991266110776984,-0.7660177233134496,0.3165444561603934,-0.2587572460354778,0.40213406655367845,0.3622518278565852,-1.939721865535343,-0.04097338803993729,-1.4748097809051062,0.8007670682498145,0.407289029442859,-1.220645929457499,-1.157102871839447,0.3998816213103848,-0.26544952899643837,0.34786091991991425,-1.36481379397207,-1.0472000975742326,1.1630018071314683,-0.9121883780840185,-0.2991462240097881,-7.058184807347965,-0.16408598916779923,-3.2420368351912923,-1.42974618170892,-0.45987897456892407,-1.499793512802302,-0.6815258437682078,0.16001578065142014,-0.5657037603377919,-1.1906781592929208,0.4254749268565988,-0.7871231978532514,-1.0865508563178004,-3.7563097251227764,-1.7364138502324584,-1.3470909925004855,-7.058184807347965,-3.112424414111842,-1.265637109779529,-1.5625093214440258
-1.892951949642209,-2.2808030189643573,-0.5880832398607487,-1.4403180521891257,0.5354679824651308,-3.5501522309291427,0.24525553426556,-0.6874811079663753,-1.1460198842794973,0.28461103095414353,-0.5424994748972956,-0.24063821725647316,-0.7389251671573549,-2.3610299023364694,-0.8657213253681962,-0.8275547559949233,0.5947385691460222,-0.5568429383365084,-1.3924809055118084,-1.6819668591733528,-0.3161299543540924,-4.680394944175554,-6.847327154029636,-1.7876496915008535,1.0022333440820421,-0.559091120991055,-6.881453988729565,-2.2290195552371093,-3.9404602480241966,-2.324980465396506,-19.63148587297887,-4.278412104887866,-1.5388499325242737,-2.1157322975938557,-2.1138414053785604,-3.5850757345971815,-2.040442937465065,0.2501325899078936,-2.402585403159368,-2.442071012756315,-0.6488200075577959,-6.3252431425998585,-2.3604272644342714,0.42787373906639053,-4.02239575399108,-0.2601387419234166,0.6892449022442283,-2.0834655284708337,-0.03908623416046969,-0.7472635469270381,-0.5901723391637618,-36.84136067909501,-0.7378561889698912,0.5885429936691162,0.4703782995106521,-1.3098660844512446,-0.054543658016462174,-3.178612597284212,-0.4755244589047949,0.2973723976780574,0.7483098670582458,-0.4242903199295091,0.3829071560134099,-0.021341420266486995,0.03825694782061072,-0.6229235262384364,-1.2828354706771017,0.7779643845520318,-0.1723247858812409,-0.28774130089688005,0.8673355391569427,0.5318966741104295,0.5849303027857066,0.7189064149054462,-0.472927861623003,-0.5400472728212038,-1.6195494749038082,-0.2419712227010906,0.5109630569109931,0.21117561400950086,-2.92999020682876,0.9175066804898805,-2.7322562822618304,0.8397085585971436,0.8053309974714629,-1.380145694262039,-1.4143386615826317,-2.753829589137536,-2.581642558109146,0.3168140712679199,0.25991266110776984,-0.7660177233134496,0.3165444561603934,-0.2587572460354778,0.40213406655367845,0.3622518278565852,-1.939721865535343,-0.04097338803993729,-1.4748097809051062,0.8007670682498145,0.407289029442859,-1.220645929457499,-1.157102871839447,0.3998816213103848,-0.26544952899643837,0.34786091991991425,-1.36481379397207,-1.0472000975742326,1.1630018071314683,-0.9121883780840185,-0.2991462240097881,-7.058184807347965,-0.16408598916779923,-3.2420368351912923,-1.42974618170892,-0.45987897456892407,-1.499793512802302,-0.6815258437682078,0.16001578065142014,-0.5657037603377919,-1.1906781592929208,0.4254749268565988,-0.7871231978532514,-1.0865508563178004,-3.7563097251227764,-1.7364138502324584,-1.3470909925004855,-7.058184807347965,-3.112424414111842,-1.265637109779529,-1.5625093214440258
-1.892951949642209,-2.2808030189643573,-0.5880832398607487,-1.4403180521891257,0.5354679824651308,-3.5501522309291427,0.24525553426556,-0.6874811079663753,-1.1460198842794973,0.28461103095414353,-0.5424994748972956,-0.24063821725647316,-0.7389251671573549,-2.3610299023364694,-0.8657213253681962,-0.8275547559949233,0.5947385691460222,-0.5568429383365084,-1.3924809055118084,-1.6819668591733528,-0.3161299543540924,-4.680394944175554,-6.847327154029636,-1.7876496915008535,1.0022333440820421,-0.559091120991055,-6.881453988729565,-2.2290195552371093,-3.9404602480241966,-2.324980465396506,-19.63148587297887,-4.278412104887866,-1.5388499325242737,-2.1157322975938557,-2.1138414053785604,-3.5850757345971815,-2.040442937465065,0.2501325899078936,-2.402585403159368,-2.442071012756315,-0.6488200075577959,-6.3252431425998585,-2.3604272644342714,0.42787373906639053,-4.02239575399108,-0.2601387419234166,0.6892449022442283,-2.0834655284708337,-0.03908623416046969,-0.7472635469270381,-0.5901723391637618,-36.84136067909501,-0.7378561889698912,0.5885429936691162,0.4703782995106521,-1.3098660844512446,-0.054543658016462174,-3.178612597284212,-0.4755244589047949,0.2973723976780574,0.7483098670582458,-0.4242903199295091,0.3829071560134099,-0.021341420266486995,0.03825694782061072,-0.6229235262384364,-1.2828354706771017,0.7779643845520318,-0.1723247858812409,-0.28774130089688005,0.8673355391569427,0.5318966741104295,0.5849303027857066,0.7189064149054462,-0.472927861623003,-0.5400472728212038,-1.6195494749038082,-0.2419712227010906,0.5109630569109931,0.21117561400950086,-2.92999020682876,0.9175066804898805,-2.7322562822618304,0.8397085585971436,0.8053309974714629,-1.380145694262039,-1.4143386615826317,-2.753829589137536,-2.581642558109146,0.3168140712679199,0.25991266110776984,-0.7660177233134496,0.3165444561603934,-0.2587572460354778,0.40213406655367845,0.3622518278565852,-1.939721865535343,-0.04097338803993729,-1.4748097809051062,0.8007670682498145,0.407289029442859,-1.220645929457499,-1.157102871839447,0.3998816213103848,-0.26544952899643837,0.34786091991991425,-1.36481379397207,-1.0472000975742326,1.1630018071314683,-0.9121883780840185,-0.2991462240097881,-7.058184807347965,-0.16408598916779923,-3.2420368351912923,-1.42974618170892,-0.45987897456892407,-1.499793512802302,-0.6815258437682078,0.16001578065142014,-0.5657037603377919,-1.1906781592929208,0.4254749268565988,-0.7871231978532514,-1.0865508563178004,-3.7563097251227764,-1.7364138502324584,-1.3470909925004855,-7.058184807347965,-3.112424414111842,-1.265637109779529,-1.5625093214440258
-1.0956056090493356,-1.5283872615569667,-0.3726425419301711,-1.9455551706474383,-0.10158954670386566,-2.645922920109397,0.2165854810649478,-0.7791932023973103,-0.24126169732394073,-0.772301697560815,-0.7461345623565854,-0.375172940422473,-0.9898592094892921,-0.3721715757460963,-1.2567712414984544,0.11845121814427728,0.49088240143546225,-0.13219119114243738,-0.5087758565905622,0.3246749409810911,0.871352385283014,-2.7115419903672318,-4.29961675755085,-0.7714976527007663,1.5172343327555626,-0.17122652024719853,-6.1087931009289145,-2.3836248770953326,-3.68531243422878,-2.519243556529797,-4.7752386757559195,-2.1500669894659517,-0.6776844266425951,-3.1698217122447074,-2.760072279415283,-1.0277210788361253,-2.3087876905870965,0.15967810796014187,-0.9960686417060054,-3.347661193477172,-1.5440393162404613,-4.776109125006379,-2.0357838072821317,0.1872669439103309,-2.318329942766641,-0.8927294932792106,0.7336332325862405,-1.745982799480065,0.16057216605757332,-0.7931531631291195,-0.8487615842681282,-4.203559798849819,0.11572682242023333,0.23217724944287532,0.817121727117617,0.33645678680289914,-0.12427882273563365,-1.6932894849580402,-0.8723989236650693,0.016092639857825802,0.508022465356301,0.76355248456821,0.04096008911371711,0.29671443790784796,-0.7082380277321312,0.5245562244362884,-1.3660982146195506,1.5289417609444669,0.13366550358926055,-0.37794667320539055,1.2972577573784858,-0.26954140383496644,0.783174260222296,1.0521473859305686,0.13710831375473218,-0.4445584250557527,-0.6027385018306585,-1.2733304145258277,0.23629051445374596,-0.7120888594954041,-4.14004067946507,0.176851496816018,-4.245144072195112,0.32803368850374387,0.9870458281262248,-0.40548782142466616,-1.1003830784251472,-3.189137217456098,-2.5320562771533286,-0.21430775736089677,0.17695994216990785,0.3768048603900932,0.465872598506643,-0.1604230654223389,0.6056425238105859,0.5219199731185045,-2.3950924961672757,0.9939417980140814,-0.8696989648075418,1.245295996319344,0.8682992294178015,-1.2321610201897568,-0.7841532493642925,0.7709722542381177,0.3119093812653536,0.667829006240587,-0.3764829958565795,-0.339103351229472,1.2981156675248386,-0.27347613952749084,0.33252513147400825,-5.638765602966121,0.2288049921085855,-1.0032485262163664,-0.5508930910445466,-0.12901883203381156,-2.0440034986666165,-0.43531640731123833,0.48722299588007956,-0.8542055487566075,-1.0736239604899105,0.06921255262485651,-0.6818599340480388,-0.777010131994781,0.4747274656324363,-2.18921756691511,-0.525154980556307,-5.638765602966121,-2.463151289363315,-1.3882456229929072,-1.9500677121790864
-1.753359790175583,-4.676025916322804,-0.2264076305221272,-2.5636065130509054,-0.07792285942857734,-2.575177528743744,0.3093568914022796,-0.24275945877918698,-1.1877173102710044,-0.10883361651271649,-1.114351697215455,-0.1031897940572593,-0.9578408733274093,-1.102738138626727,-1.9700624247546576,0.6967766182354745,0.5455158213459469,0.29979817638704476,-0.6492127424287304,-0.320606131811139,-0.4643004318873704,-2.8980113267211975,-5.438425421419882,-1.0153181365626807,1.5005028452991254,-0.3672196378607787,-4.540612814628609,-2.511392688137224,-1.5210249595126932,-2.452882581837714,-6.884947798295871,-1.397994281506393,0.1197351596199814,-5.270706405083003,-3.6325166869261936,-2.2197919377781696,-2.5507478091438385,-0.3059230944711081,-0.9347038289489926,-4.199000791655253,-1.9176718265815589,-3.8670773772293914,-1.8942812759538852,0.46755599016064703,-1.7877777496451412,-0.9753282731339756,0.9617560172319223,-1.4769867404687618,0.0028961996519535575,-0.5767615169362947,-0.9318741016950728,-3.5290271074407418,0.2594501122956652,0.020357749113327838,1.011716989078409,0.39131882736108947,-0.25065148776027846,-2.1807657967114205,-1.1075610557741051,-0.10433408591368123,0.34019632118755266,1.0227227101860157,0.23037697034672544,-0.10806979386101657,0.020126900642190988,-0.2845846743448135,-1.356780822455205,1.8218733996232601,0.8984590739347608,-0.23882525385311992,1.1931780372607796,-0.4369121830488229,0.5976171524249981,0.8681933790064212,0.1427326009222839,-0.0972467350114675,-0.2733924367102663,-2.6915661918793097,0.35284684308037206,-0.29370593615678803,-3.7482745512419258,0.2971742746886918,-3.6657654280403293,0.024609910401350174,1.0215118645163024,-0.15526829146186316,-0.3995731651256546,-2.8919297758657883,-2.539077187016508,-0.28382961973402704,0.4263049794447817,0.5214216623753217,0.7330977074604832,0.0009358947139254082,0.8967786586075135,0.558467704880555,-1.8368109578242058,1.2236304431864427,-0.609229880289702,1.408309343830424,0.9099348419726622,-0.9062447406580972,-1.0247895555159063,0.851963793416435,0.26738776545718473,0.4049964530949729,0.08991416378534528,0.006383728145155571,1.0624924930162882,0.23259028422611577,1.4466227033749008,-3.5828633122386653,0.8389687125197743,-0.2945447520546523,-0.192993858183927,-0.34448913782092255,-0.9105544992448407,-0.4509576414848877,0.7895901708598314,-0.31036570473821296,-1.4668645724933476,0.2142652149519669,-1.6285142775677575,0.29854034403165086,1.3018718982253656,-0.5018510013686095,0.5854355813351554,-3.5828633122386653,-1.5459342715604691,-0.22718471734587167,-0.9911041137580573
-1.0746277927999686,-1.8976902793895627,-0.08166646800295202,-1.6313221715013482,-0.5386569438048896,-2.0074719537494765,0.7301562114076874,-0.8653401628403343,-0.5493326793862782,-2.8599185460347516,-0.7688808192140132,-0.33104890141914867,-0.6657232626970219,-0.7348746813054116,-1.1315409775202872,0.529826195468892,0.5943535346563128,0.22213218328119066,-0.03529717784914556,-0.27546707874450244,-0.5984451969649704,-1.825476795089612,-3.0734945491834673,-1.049167414106753,1.381731617672378,-0.5550498549574829,-3.5600770863035955,-3.146898524214603,-1.74924120257638,-2.972306201343534,-8.065251685940892,-1.34614589889178,0.004635535306780441,-5.425602632956288,-2.762571507510883,-1.0122031739494433,-2.035941752712337,0.397073896611611,-0.5563164379807574,-4.522101822177758,-1.3179839793351487,-4.124491717682174,-1.269807303473346,0.6532644080670611,-1.2675241715974879,-1.0105022036666722,0.9182145255570152,-1.6484882832478833,0.05429569578295183,-0.43349175803871604,-0.8775464169837459,-1.950514200172682,0.7016471669078994,0.049764885322636405,1.1354281220935896,0.9949351387768028,-0.4081208784493493,-1.746420704731389,-1.3168780823372794,-0.24759554107367437,0.4636635489775099,0.7771704476948432,-0.010959423053615839,0.1304416397296602,-0.22413804099860707,0.3253746888882668,-1.088253306267123,1.6594036091530047,0.5434813142690273,-0.12143110820301808,1.4046548425638925,0.09569679594551933,1.0006994997514334,0.8326988845224769,0.2538822963118124,-0.13862466244486987,0.04892732262991509,-2.605679480016088,0.8824400072928695,-0.6453180723354855,-4.229323357692869,-0.02888119969504712,-3.8765867522366597,-0.04587272161519803,0.7788508100168212,0.09842264578373422,-0.799765281110952,-3.70236623962525,-2.0337945557726327,-1.3912320418842294,0.30180954081991296,0.5795258034658616,0.5672775780204373,0.29600626907978106,0.9104320185774764,-0.40608817647952966,-1.2923890808697576,1.0382067665111223,-0.4796386762812211,1.0382365296547253,1.12489075656788,-0.4338605122468538,-0.9468064322149118,0.6745246745636998,0.2362182080658612,0.7520697003666942,0.09308915928423839,0.23818088755361486,1.1491775897170646,0.31016716612333156,1.5094663495449439,-2.5188274026292645,1.0252430478379522,0.6282880943739766,-0.166379750064787,0.29801347055112615,-0.6378390483570788,-2.9788430871953198,0.6019752233314158,-0.5184999594469949,-1.707755973197154,0.07519838701433024,-1.3318229223559412,-0.09050146445294065,1.0789869146202964,-1.639819554639611,1.5324680379117457,-2.5188274026292645,-1.3415869624712562,-0.2174735911284308,-1.0311108289814523
-1.0746277927999686,-1.8976902793895627,-0.08166646800295202,-1.6313221715013482,-0.5386569438048896,-2.0074719537494765,0.7301562114076874,-0.8653401628403343,-0.5493326793862782,-2.8599185460347516,-0.7688808192140132,-0.33104890141914867,-0.6657232626970219,-0.7348746813054116,-1.1315409775202872,0.529826195468892,0.5943535346563128,0.22213218328119066,-0.03529717784914556,-0.27546707874450244,-0.5984451969649704,-1.825476795089612,-3.0734945491834673,-1.049167414106753,1.381731617672378,-0.5550498549574829,-3.5600770863035955,-3.146898524214603,-1.74924120257638,-2.972306201343534,-8.065251685940892,-1.34614589889178,0.004635535306780441,-5.425602632956288,-2.762571507510883,-1.0122031739494433,-2.035941752712337,0.397073896611611,-0.5563164379807574,-4.522101822177758,-1.3179839793351487,-4.124491717682174,-1.269807303473346,0.6532644080670611,-1.2675241715974879,-1.0105022036666722,0.9182145255570152,-1.6484882832478833,0.05429569578295183,-0.43349175803871604,-0.8775464169837459,-1.950514200172682,0.7016471669078994,0.049764885322636405,1.1354281220935896,0.9949351387768028,-0.4081208784493493,-1.746420704731389,-1.3168780823372794,-0.24759554107367437,0.4636635489775099,0.7771704476948432,-0.010959423053615839,0.1304416397296602,-0.22413804099860707,0.3253746888882668,-1.088253306267123,1.6594036091530047,0.5434813142690273,-0.12143110820301808,1.4046548425638925,0.09569679594551933,1.0006994997514334,0.8326988845224769,0.2538822963118124,-0.13862466244486987,0.04892732262991509,-2.605679480016088,0.8824400072928695,-0.6453180723354855,-4.229323357692869,-0.02888119969504712,-3.8765867522366597,-0.04587272161519803,0.7788508100168212,0.09842264578373422,-0.799765281110952,-3.70236623962525,-2.0337945557726327,-1.3912320418842294,0.30180954081991296,0.5795258034658616,0.5672775780204373,0.29600626907978106,0.9104320185774764,-0.40608817647952966,-1.2923890808697576,1.0382067665111223,-0.4796386762812211,1.0382365296547253,1.12489075656788,-0.4338605122468538,-0.9468064322149118,0.6745246745636998,0.2362182080658612,0.7520697003666942,0.09308915928423839,0.23818088755361486,1.1491775897170646,0.31016716612333156,1.5094663495449439,-2.5188274026292645,1.0252430478379522,0.6282880943739766,-0.166379750064787,0.29801347055112615,-0.6378390483570788,-2.9788430871953198,0.6019752233314158,-0.5184999594469949,-1.707755973197154,0.07519838701433024,-1.3318229223559412,-0.09050146445294065,1.0789869146202964,-1.639819554639611,1.5324680379117457,-2.5188274026292645,-1.3415869624712562,-0.2174735911284308,-1.0311108289814523
-0.8293692438360992,-0.34143672296862626,-0.10020811146993742,-1.2456311414877583,-0.40830795149139193,-2.0152527696251417,0.38810994397019544,-2.2113448807378546,-0.40963377727309797,-2.716586545954007,-0.43191546003122516,-0.2244703803641958,-0.33765682672374425,-0.8729162078473959,-0.8993283549389838,-0.061217423201089645,0.9325739072498807,-0.10183379912419709,0.5469322645913522,-0.26511189282636116,-1.0764766779115742,-0.9458152274080399,-3.857515653668466,-1.4717995433437743,1.2035244516305765,-0.8407518451516481,-2.9456062597926618,-3.373565957793142,-2.7657250453703948,-3.428847551366287,-5.86894065075981,-3.0201714795222667,-0.502970836258028,-4.377102089319447,-1.970076582234525,-0.4740175810756497,-1.8524609743974392,0.7760452895932657,-1.0027001572527985,-4.391139716018452,-1.1252054771928361,-4.762305317968885,-0.43015692666070776,0.5277196300989633,-0.6870972772411209,-1.5143924497036558,0.9267603810921384,-1.6541891621655977,-0.17656822059820113,-0.41806859636216853,-0.04739554146818954,-0.7169105751855315,0.8170027576165245,0.5519913440033081,1.4157930797518148,0.9550030227709879,-0.3036522662363499,-2.0780780610087475,-1.4393347103028742,-0.5273412902461733,1.074408700256274,0.5397186219761598,-1.0802154729577447,0.7339365031763848,-0.39866039495668915,0.6822451201803897,-1.2588931736501976,1.382819483446979,-0.18605204957902954,-0.35943969875899434,1.4974852646309411,0.5847012307422266,1.0614577786671602,0.5919560167813115,0.16654694371504075,-0.5243083481427623,-0.015470485650806819,-0.9069906955087292,1.0053524671519285,-0.22504249442256732,-3.34396389600869,0.43892959120881847,-2.411768956780358,0.9444520915466862,0.0008767658366508112,0.33679800456710485,0.2689798178965971,-3.2176705555616008,-2.0207688606187246,-0.42491837808489313,-0.008405086610952637,0.695539659386367,0.5871735377334146,0.022025330758686512,0.8036266181490338,-2.1918534562286887,-0.8905727759649573,0.5681373073758089,-0.8341093725422776,0.7522661072922918,1.1144039873099663,0.36787961009764103,-0.10778052118344988,0.34793160851843596,0.2865131776468981,0.6769469961834715,-0.29783911621988285,0.11033868911284793,1.342572071257226,-0.1397207435894812,1.0067148202303209,-1.049322550089979,0.9250455175538516,0.3230335609489085,-0.5361693212008742,0.30797182292183584,-0.9585746751858686,-4.103486267814861,0.009930730055547177,-0.9450360918508439,-1.7581701422884444,0.04988799287571213,-1.3279308934433118,-0.5644403514544079,-0.02899558744520212,-1.9832501901310347,1.4220888383676606,-1.049322550089979,-1.569570030188462,-0.38272503362617666,-1.2432898823826903
-0.8293692438360992,-0.34143672296862626,-0.10020811146993742,-1.2456311414877583,-0.40830795149139193,-2.0152527696251417,0.38810994397019544,-2.2113448807378546,-0.40963377727309797,-2.716586545954007,-0.43191546003122516,-0.2244703803641958,-0.33765682672374425,-0.8729162078473959,-0.8993283549389838,-0.061217423201089645,0.9325739072498807,-0.10183379912419709,0.5469322645913522,-0.26511189282636116,-1.0764766779115742,-0.9458152274080399,-3.857515653668466,-1.4717995433437743,1.2035244516305765,-0.8407518451516481,-2.9456062597926618,-3.373565957793142,-2.7657250453703948,-3.428847551366287,-5.86894065075981,-3.0201714795222667,-0.502970836258028,-4.377102089319447,-1.970076582234525,-0.4740175810756497,-1.8524609743974392,0.7760452895932657,-1.0027001572527985,-4.391139716018452,-1.1252054771928361,-4.762305317968885,-0.43015692666070776,0.5277196300989633,-0.6870972772411209,-1.5143924497036558,0.9267603810921384,-1.6541891621655977,-0.17656822059820113,-0.41806859636216853,-0.04739554146818954,-0.7169105751855315,0.8170027576165245,0.5519913440033081,1.4157930797518148,0.9550030227709879,-0.3036522662363499,-2.0780780610087475,-1.4393347103028742,-0.5273412902461733,1.074408700256274,0.5397186219761598,-1.0802154729577447,0.7339365031763848,-0.39866039495668915,0.6822451201803897,-1.2588931736501976,1.382819483446979,-0.18605204957902954,-0.35943969875899434,1.4974852646309411,0.5847012307422266,1.0614577786671602,0.5919560167813115,0.16654694371504075,-0.5243083481427623,-0.015470485650806819,-0.9069906955087292,1.0053524671519285,-0.22504249442256732,-3.34396389600869,0.43892959120881847,-2.411768956780358,0.9444520915466862,0.0008767658366508112,0.33679800456710485,0.2689798178965971,-3.2176705555616008,-2.0207688606187246,-0.42491837808489313,-0.008405086610952637,0.695539659386367,0.5871735377334146,0.022025330758686512,0.8036266181490338,-2.1918534562286887,-0.8905727759649573,0.5681373073758089,-0.8341093725422776,0.7522661072922918,1.1144039873099663,0.36787961009764103,-0.10778052118344988,0.34793160851843596,0.2865131776468981,0.6769469961834715,-0.29783911621988285,0.11033868911284793,1.342572071257226,-0.1397207435894812,1.0067148202303209,-1.049322550089979,0.9250455175538516,0.3230335609489085,-0.5361693212008742,0.30797182292183584,-0.9585746751858686,-4.103486267814861,0.009930730055547177,-0.9450360918508439,-1.7581701422884444,0.04988799287571213,-1.3279308934433118,-0.5644403514544079,-0.02899558744520212,-1.9832501901310347,1.4220888383676606,-1.049322550089979,-1.569570030188462,-0.38272503362617666,-1.2432898823826903
-0.8293692438360992,-0.34143672296862626,-0.10020811146993742,-1.2456311414877583,-0.40830795149139193,-2.0152527696251417,0.38810994397019544,-2.2113448807378546,-0.40963377727309797,-2.716586545954007,-0.43191546003122516,-0.2244703803641958,-0.33765682672374425,-0.8729162078473959,-0.8993283549389838,-0.061217423201089645,0.9325739072498807,-0.10183379912419709,0.5469322645913522,-0.26511189282636116,-1.0764766779115742,-0.9458152274080399,-3.857515653668466,-1.4717995433437743,1.2035244516305765,-0.8407518451516481,-2.9456062597926618,-3.373565957793142,-2.7657250453703948,-3.428847551366287,-5.86894065075981,-3.0201714795222667,-0.502970836258028,-4.377102089319447,-1.970076582234525,-0.4740175810756497,-1.8524609743974392,0.7760452895932657,-1.0027001572527985,-4.391139716018452,-1.1252054771928361,-4.762305317968885,-0.43015692666070776,0.5277196300989633,-0.6870972772411209,-1.5143924497036558,0.9267603810921384,-1.6541891621655977,-0.17656822059820113,-0.41806859636216853,-0.04739554146818954,-0.7169105751855315,0.8170027576165245,0.5519913440033081,1.4157930797518148,0.9550030227709879,-0.3036522662363499,-2.0780780610087475,-1.4393347103028742,-0.5273412902461733,1.074408700256274,0.5397186219761598,-1.0802154729577447,0.7339365031763848,-0.39866039495668915,0.6822451201803897,-1.2588931736501976,1.382819483446979,-0.18605204957902954,-0.35943969875899434,1.4974852646309411,0.5847012307422266,1.0614577786671602,0.5919560167813115,0.16654694371504075,-0.5243083481427623,-0.015470485650806819,-0.9069906955087292,1.0053524671519285,-0.22504249442256732,-3.34396389600869,0.43892959120881847,-2.411768956780358,0.9444520915466862,0.0008767658366508112,0.33679800456710485,0.2689798178965971,-3.2176705555616008,-2.0207688606187246,-0.42491837808489313,-0.008405086610952637,0.695539659386367,0.5871735377334146,0.022025330758686512,0.8036266181490338,-2.1918534562286887,-0.8905727759649573,0.5681373073758089,-0.8341093725422776,0.7522661072922918,1.1144039873099663,0.36787961009764103,-0.10778052118344988,0.34793160851843596,0.2865131776468981,0.6769469961834715,-0.29783911621988285,0.11033868911284793,1.342572071257226,-0.1397207435894812,1.0067148202303209,-1.049322550089979,0.9250455175538516,0.3230335609489085,-0.5361693212008742,0.30797182292183584,-0.9585746751858686,-4.103486267814861,0.009930730055547177,-0.9450360918508439,-1.7581701422884444,0.04988799287571213,-1.3279308934433118,-0.5644403514544079,-0.02899558744520212,-1.9832501901310347,1.4220888383676606,-1.049322550089979,-1.569570030188462,-0.38272503362617666,-1.2432898823826903
-0.8293692438360992,-0.34143672296862626,-0.10020811146993742,-1.2456311414877583,-0.40830795149139193,-2.0152527696251417,0.38810994397019544,-2.2113448807378546,-0.40963377727309797,-2.716586545954007,-0.43191546003122516,-0.2244703803641958,-0.33765682672374425,-0.8729162078473959,-0.8993283549389838,-0.061217423201089645,0.9325739072498807,-0.10183379912419709,0.5469322645913522,-0.26511189282636116,-1.0764766779115742,-0.9458152274080399,-3.857515653668466,-1.4717995433437743,1.2035244516305765,-0.8407518451516481,-2.9456062597926618,-3.373565957793142,-2.7657250453703948,-3.428847551366287,-5.86894065075981,-3.0201714795222667,-0.502970836258028,-4.377102089319447,-1.970076582234525,-0.4740175810756497,-1.8524609743974392,0.7760452895932657,-1.0027001572527985,-4.391139716018452,-1.1252054771928361,-4.762305317968885,-0.43015692666070776,0.5277196300989633,-0.6870972772411209,-1.5143924497036558,0.9267603810921384,-1.6541891621655977,-0.17656822059820113,-0.41806859636216853,-0.04739554146818954,-0.7169105751855315,0.8170027576165245,0.5519913440033081,1.4157930797518148,0.9550030227709879,-0.3036522662363499,-2.0780780610087475,-1.4393347103028742,-0.5273412902461733,1.074408700256274,0.5397186219761598,-1.0802154729577447,0.7339365031763848,-0.39866039495668915,0.6822451201803897,-1.2588931736501976,1.382819483446979,-0.18605204957902954,-0.35943969875899434,1.4974852646309411,0.5847012307422266,1.0614577786671602,0.5919560167813115,0.16654694371504075,-0.5243083481427623,-0.015470485650806819,-0.9069906955087292,1.0053524671519285,-0.22504249442256732,-3.34396389600869,0.43892959120881847,-2.411768956780358,0.9444520915466862,0.0008767658366508112,0.33679800456710485,0.2689798178965971,-3.2176705555616008,-2.0207688606187246,-0.42491837808489313,-0.008405086610952637,0.695539659386367,0.5871735377334146,0.022025330758686512,0.8036266181490338,-2.1918534562286887,-0.8905727759649573,0.5681373073758089,-0.8341093725422776,0.7522661072922918,1.1144039873099663,0.36787961009764103,-0.10778052118344988,0.34793160851843596,0.2865131776468981,0.6769469961834715,-0.29783911621988285,0.11033868911284793,1.342572071257226,-0.1397207435894812,1.0067148202303209,-1.049322550089979,0.9250455175538516,0.3230335609489085,-0.5361693212008742,0.30797182292183584,-0.9585746751858686,-4.103486267814861,0.009930730055547177,-0.9450360918508439,-1.7581701422884444,0.04988799287571213,-1.3279308934433118,-0.5644403514544079,-0.02899558744520212,-1.9832501901310347,1.4220888383676606,-1.049322550089979,-1.569570030188462,-0.38272503362617666,-1.2432898823826903
-0.8293692438360992,-0.34143672296862626,-0.10020811146993742,-1.2456311414877583,-0.40830795149139193,-2.0152527696251417,0.38810994397019544,-2.2113448807378546,-0.40963377727309797,-2.716586545954007,-0.43191546003122516,-0.2244703803641958,-0.33765682672374425,-0.8729162078473959,-0.8993283549389838,-0.061217423201089645,0.9325739072498807,-0.10183379912419709,0.5469322645913522,-0.26511189282636116,-1.0764766779115742,-0.9458152274080399,-3.857515653668466,-1.4717995433437743,1.2035244516305765,-0.8407518451516481,-2.9456062597926618,-3.373565957793142,-2.7657250453703948,-3.428847551366287,-5.86894065075981,-3.0201714795222667,-0.502970836258028,-4.377102089319447,-1.970076582234525,-0.4740175810756497,-1.8524609743974392,0.7760452895932657,-1.0027001572527985,-4.391139716018452,-1.1252054771928361,-4.762305317968885,-0.43015692666070776,0.5277196300989633,-0.6870972772411209,-1.5143924497036558,0.9267603810921384,-1.6541891621655977,-0.17656822059820113,-0.41806859636216853,-0.04739554146818954,-0.7169105751855315,0.8170027576165245,0.5519913440033081,1.4157930797518148,0.9550030227709879,-0.3036522662363499,-2.0780780610087475,-1.4393347103028742,-0.5273412902461733,1.074408700256274,0.5397186219761598,-1.0802154729577447,0.7339365031763848,-0.39866039495668915,0.6822451201803897,-1.2588931736501976,1.382819483446979,-0.18605204957902954,-0.35943969875899434,1.4974852646309411,0.5847012307422266,1.0614577786671602,0.5919560167813115,0.16654694371504075,-0.5243083481427623,-0.015470485650806819,-0.9069906955087292,1.0053524671519285,-0.22504249442256732,-3.34396389600869,0.43892959120881847,-2.411768956780358,0.9444520915466862,0.0008767658366508112,0.33679800456710485,0.2689798178965971,-3.2176705555616008,-2.0207688606187246,-0.42491837808489313,-0.008405086610952637,0.695539659386367,0.5871735377334146,0.022025330758686512,0.8036266181490338,-2.1918534562286887,-0.8905727759649573,0.5681373073758089,-0.8341093725422776,0.7522661072922918,1.1144039873099663,0.36787961009764103,-0.10778052118344988,0.34793160851843596,0.2865131776468981,0.6769469961834715,-0.29783911621988285,0.11033868911284793,1.342572071257226,-0.1397207435894812,1.0067148202303209,-1.049322550089979,0.9250455175538516,0.3230335609489085,-0.5361693212008742,0.30797182292183584,-0.9585746751858686,-4.103486267814861,0.009930730055547177,-0.9450360918508439,-1.7581701422884444,0.04988799287571213,-1.3279308934433118,-0.5644403514544079,-0.02899558744520212,-1.9832501901310347,1.4220888383676606,-1.049322550089979,-1.569570030188462,-0.38272503362617666,-1.2432898823826903
-1.3530588360344833,-0.964849762182616,-0.3017875278409395,-1.7076881125219086,-0.35795056332390457,-3.0406528661279397,-0.06601558898794854,-2.342556370786695,-1.42978639402177,-4.1145538011333995,-0.5609489252308165,-0.5815322630352029,0.07796724734958826,-2.072151821342898,-1.149890000299321,-0.29349677380792377,0.7480530095038921,-0.5091357325306873,-0.392975574949801,-0.8206589559055226,-2.2324065697057613,-3.039199598540384,-5.5998737540499945,-1.6406072372577263,1.2484485964880874,-1.203156735047511,-4.102573560648118,-3.3989675531205576,-2.0012517455294487,-2.768217758672378,-3.1351102695920647,-4.144592200627752,-1.1493903092677993,-3.1003826857088277,-1.692894688409805,-0.5641270916034139,-1.733109200442348,0.787191033925491,-1.2928776149313308,-4.538052091018729,-0.9855950397710781,-4.905954475601352,-0.6839821351249649,0.36025622201874663,-1.4847263206827597,-1.3151304669908377,0.8176636842911483,-1.8122464265715177,-0.2256598397750673,-0.46271924589015595,-0.3325133265633467,-1.9251844317360227,0.43530919691963416,0.2493769070622882,1.2186974960652703,0.5611908558154752,-0.38362396727626236,-2.5035087850688296,-0.7323025010530038,-0.2783229714764924,0.9665526199899617,0.15358382801021112,-0.8220921203949288,0.9261370926926596,-0.16377780760255287,0.32784431920767554,-1.0496265520727308,1.306189870880514,-0.2303720177938675,-0.3936264814218466,0.8364777473571049,0.5175756370617993,0.8080382590641275,0.5407339033774303,0.2657022840704101,-0.4398068492327801,-0.5878313392014702,-0.129768725576414,0.835059830024628,0.06569265474864157,-3.0069690227777084,0.45587536266863354,-2.204347170363088,0.9639466295416259,0.15642939945752954,0.7787620604850548,0.041522697098982174,-2.112054630886382,-1.7067367403135616,0.22908158244018967,-0.07224318142514057,0.17221638789228186,0.17905961095446388,0.14779526463444984,0.6027101206291473,-2.6747762090771787,-0.4903302762316315,0.6392298596936443,-1.1730309946778397,0.7611626129710604,0.9121235378277673,-0.14400172656634233,-0.5489615393804648,-0.07739283689001826,-0.05851323819081477,0.6122226726936021,-0.3799851319249139,-0.21063932466492905,1.3045139690399272,-0.34466444679214814,0.40358208416434777,-4.714048185035512,0.5069517037917044,-0.44638893093193754,-1.2902727411591524,0.0849763378314892,-1.8000260454500254,-5.622134813090959,-0.7943393447372412,-0.9466521089458758,-1.7973805178044162,0.39651674745700977,-1.1174165289529578,-0.9997317820898293,-0.3818695217342375,-2.8103083086252068,0.423501998735458,-4.714048185035512,-1.8193702100784144,-0.8302606085764075,-3.085099699572572
-1.3530588360344833,-0.964849762182616,-0.3017875278409395,-1.7076881125219086,-0.35795056332390457,-3.0406528661279397,-0.06601558898794854,-2.342556370786695,-1.42978639402177,-4.1145538011333995,-0.5609489252308165,-0.5815322630352029,0.07796724734958826,-2.072151821342898,-1.149890000299321,-0.29349677380792377,0.7480530095038921,-0.5091357325306873,-0.392975574949801,-0.8206589559055226,-2.2324065697057613,-3.039199598540384,-5.5998737540499945,-1.6406072372577263,1.2484485964880874,-1.203156735047511,-4.102573560648118,-3.3989675531205576,-2.0012517455294487,-2.768217758672378,-3.1351102695920647,-4.144592200627752,-1.1493903092677993,-3.1003826857088277,-1.692894688409805,-0.5641270916034139,-1.733109200442348,0.787191033925491,-1.2928776149313308,-4.538052091018729,-0.9855950397710781,-4.905954475601352,-0.6839821351249649,0.36025622201874663,-1.4847263206827597,-1.3151304669908377,0.8176636842911483,-1.8122464265715177,-0.2256598397750673,-0.46271924589015595,-0.3325133265633467,-1.9251844317360227,0.43530919691963416,0.2493769070622882,1.2186974960652703,0.5611908558154752,-0.38362396727626236,-2.5035087850688296,-0.7323025010530038,-0.2783229714764924,0.9665526199899617,0.15358382801021112,-0.8220921203949288,0.9261370926926596,-0.16377780760255287,0.32784431920767554,-1.0496265520727308,1.306189870880514,-0.2303720177938675,-0.3936264814218466,0.8364777473571049,0.5175756370617993,0.8080382590641275,0.5407339033774303,0.2657022840704101,-0.4398068492327801,-0.5878313392014702,-0.129768725576414,0.835059830024628,0.06569265474864157,-3.0069690227777084,0.45587536266863354,-2.204347170363088,0.9639466295416259,0.15642939945752954,0.7787620604850548,0.041522697098982174,-2.112054630886382,-1.7067367403135616,0.22908158244018967,-0.07224318142514057,0.17221638789228186,0.17905961095446388,0.14779526463444984,0.6027101206291473,-2.6747762090771787,-0.4903302762316315,0.6392298596936443,-1.1730309946778397,0.7611626129710604,0.9121235378277673,-0.14400172656634233,-0.5489615393804648,-0.07739283689001826,-0.05851323819081477,0.6122226726936021,-0.3799851319249139,-0.21063932466492905,1.3045139690399272,-0.34466444679214814,0.40358208416434777,-4.714048185035512,0.5069517037917044,-0.44638893093193754,-1.2902727411591524,0.0849763378314892,-1.8000260454500254,-5.622134813090959,-0.7943393447372412,-0.9466521089458758,-1.7973805178044162,0.39651674745700977,-1.1174165289529578,-0.9997317820898293,-0.3818695217342375,-2.8103083086252068,0.423501998735458,-4.714048185035512,-1.8193702100784144,-0.8302606085764075,-3.085099699572572
-1.3530588360344833,-0.964849762182616,-0.3017875278409395,-1.7076881125219086,-0.35795056332390457,-3.0406528661279397,-0.06601558898794854,-2.342556370786695,-1.42978639402177,-4.1145538011333995,-0.5609489252308165,-0.5815322630352029,0.07796724734958826,-2.072151821342898,-1.149890000299321,-0.29349677380792377,0.7480530095038921,-0.5091357325306873,-0.392975574949801,-0.8206589559055226,-2.2324065697057613,-3.039199598540384,-5.5998737540499945,-1.6406072372577263,1.2484485964880874,-1.203156735047511,-4.102573560648118,-3.3989675531205576,-2.0012517455294487,-2.768217758672378,-3.1351102695920647,-4.144592200627752,-1.1493903092677993,-3.1003826857088277,-1.692894688409805,-0.5641270916034139,-1.733109200442348,0.787191033925491,-1.2928776149313308,-4.538052091018729,-0.9855950397710781,-4.905954475601352,-0.6839821351249649,0.36025622201874663,-1.4847263206827597,-1.3151304669908377,0.8176636842911483,-1.8122464265715177,-0.2256598397750673,-0.46271924589015595,-0.3325133265633467,-1.9251844317360227,0.43530919691963416,0.2493769070622882,1.2186974960652703,0.5611908558154752,-0.38362396727626236,-2.5035087850688296,-0.7323025010530038,-0.2783229714764924,0.9665526199899617,0.15358382801021112,-0.8220921203949288,0.9261370926926596,-0.16377780760255287,0.32784431920767554,-1.0496265520727308,1.306189870880514,-0.2303720177938675,-0.3936264814218466,0.8364777473571049,0.5175756370617993,0.8080382590641275,0.5407339033774303,0.2657022840704101,-0.4398068492327801,-0.5878313392014702,-0.129768725576414,0.835059830024628,0.06569265474864157,-3.0069690227777084,0.45587536266863354,-2.204347170363088,0.9639466295416259,0.15642939945752954,0.7787620604850548,0.041522697098982174,-2.112054630886382,-1.7067367403135616,0.22908158244018967,-0.07224318142514057,0.17221638789228186,0.17905961095446388,0.14779526463444984,0.6027101206291473,-2.6747762090771787,-0.4903302762316315,0.6392298596936443,-1.1730309946778397,0.7611626129710604,0.9121235378277673,-0.14400172656634233,-0.5489615393804648,-0.07739283689001826,-0.05851323819081477,0.6122226726936021,-0.3799851319249139,-0.21063932466492905,1.3045139690399272,-0.34466444679214814,0.40358208416434777,-4.714048185035512,0.5069517037917044,-0.44638893093193754,-1.2902727411591524,0.0849763378314892,-1.8000260454500254,-5.622134813090959,-0.7943393447372412,-0.9466521089458758,-1.7973805178044162,0.39651674745700977,-1.1174165289529578,-0.9997317820898293,-0.3818695217342375,-2.8103083086252068,0.423501998735458,-4.714048185035512,-1.8193702100784144,-0.8302606085764075,-3.085099699572572
-1.3530588360344833,-0.964849762182616,-0.3017875278409395,-1.7076881125219086,-0.35795056332390457,-3.0406528661279397,-0.06601558898794854,-2.342556370786695,-1.42978639402177,-4.1145538011333995,-0.5609489252308165,-0.5815322630352029,0.07796724734958826,-2.072151821342898,-1.149890000299321,-0.29349677380792377,0.7480530095038921,-0.5091357325306873,-0.392975574949801,-0.8206589559055226,-2.2324065697057613,-3.039199598540384,-5.5998737540499945,-1.6406072372577263,1.2484485964880874,-1.203156735047511,-4.102573560648118,-3.3989675531205576,-2.0012517455294487,-2.768217758672378,-3.1351102695920647,-4.144592200627752,-1.1493903092677993,-3.1003826857088277,-1.692894688409805,-0.5641270916034139,-1.733109200442348,0.787191033925491,-1.2928776149313308,-4.538052091018729,-0.9855950397710781,-4.905954475601352,-0.6839821351249649,0.36025622201874663,-1.4847263206827597,-1.3151304669908377,0.8176636842911483,-1.8122464265715177,-0.2256598397750673,-0.46271924589015595,-0.3325133265633467,-1.9251844317360227,0.43530919691963416,0.2493769070622882,1.2186974960652703,0.5611908558154752,-0.38362396727626236,-2.5035087850688296,-0.7323025010530038,-0.2783229714764924,0.9665526199899617,0.15358382801021112,-0.8220921203949288,0.9261370926926596,-0.16377780760255287,0.32784431920767554,-1.0496265520727308,1.306189870880514,-0.2303720177938675,-0.3936264814218466,0.8364777473571049,0.5175756370617993,0.8080382590641275,0.5407339033774303,0.2657022840704101,-0.4398068492327801,-0.5878313392014702,-0.129768725576414,0.835059830024628,0.06569265474864157,-3.0069690227777084,0.45587536266863354,-2.204347170363088,0.9639466295416259,0.15642939945752954,0.7787620604850548,0.041522697098982174,-2.112054630886382,-1.7067367403135616,0.22908158244018967,-0.07224318142514057,0.17221638789228186,0.17905961095446388,0.14779526463444984,0.6027101206291473,-2.6747762090771787,-0.4903302762316315,0.6392298596936443,-1.1730309946778397,0.7611626129710604,0.9121235378277673,-0.14400172656634233,-0.5489615393804648,-0.07739283689001826,-0.05851323819081477,0.6122226726936021,-0.3799851319249139,-0.21063932466492905,1.3045139690399272,-0.34466444679214814,0.40358208416434777,-4.714048185035512,0.5069517037917044,-0.44638893093193754,-1.2902727411591524,0.0849763378314892,-1.8000260454500254,-5.622134813090959,-0.7943393447372412,-0.9466521089458758,-1.7973805178044162,0.39651674745700977,-1.1174165289529578,-0.9997317820898293,-0.3818695217342375,-2.8103083086252068,0.423501998735458,-4.714048185035512,-1.8193702100784144,-0.8302606085764075,-3.085099699572572
-1.6422564412056833,-1.0430642294430492,-0.5409473918453264,-2.2051611533845366,-0.32242235874528075,-3.180609056199364,-0.27505764473691047,-1.9176702102766066,-1.5910695152960008,-2.7665071246001576,-0.5543608559213292,-0.35376904828291456,-0.010993840948152998,-2.769223701795738,-1.0810649122076748,-0.26106400820920633,0.7344737537294245,-0.7652323174956076,-1.210148121657597,-1.8393434682729002,-1.6717908030569306,-4.224196460493997,-13.214513066058114,-2.0035654186284506,0.9723627175439966,-0.9866598415008987,-4.548211783383424,-2.883217508166759,-3.097510151221257,-2.674844310148851,-2.2507133204926086,-3.2875568281125025,-1.2966357648279665,-2.3073109058638788,-1.8885036445719616,-0.6279092977881957,-1.9282635963222123,0.5846004026078182,-2.3380603002137144,-4.347035273542218,-0.5431237883210539,-4.67630594650856,-1.5206759607700642,0.5551172905958893,-2.2192717589706694,-0.555365120950709,0.7766877008737832,-1.6373655468283839,-0.10938815115021705,-0.37445930480357775,-0.1710387545894355,-5.493603614285457,-0.32291138166003236,0.48255691220108377,0.9569687740795852,-0.6739436500120903,-0.11055800593228265,-2.671903824374902,-0.4348174888904271,-0.34001241433397345,1.0144432115296418,-0.2956003789562217,-1.4544663109080196,0.984634142716846,-0.5252789087321453,-0.2752523276684535,-1.3017241400199835,0.9351786260376385,-0.8079027258795438,-0.517195397138279,0.5883388197451468,0.6614672804829324,0.45161340450075865,0.6238607909297319,0.1298418299297072,-0.7071815400236092,-1.1067732364110725,-0.08920139627506266,0.47644483091416073,0.5767615265155643,-2.622139856178488,0.777071429498118,-2.1403880710398737,1.1061857331982472,0.4510044401551335,0.6296137619886167,-0.28806838711312266,-1.9139923849492952,-2.7350879205313454,0.8284454233854324,0.030149871975188078,-0.28713131376200723,-0.12690666318847535,-0.14453657877489737,0.42178773854579177,-1.628857025135218,-0.6732234696653061,0.032749464257864055,-1.6429825125070554,0.5797967272629797,0.5149945381141615,-1.0014828217888023,-0.7470559832348427,-0.2113203455304572,-0.5390353317003965,0.5907279481457461,-1.0767831978343139,-0.4224461204695461,1.2660006536675927,-0.6390171944281896,-0.6619102793938922,-36.841361487904656,-0.3607667075948111,-1.5048832205412372,-1.9285276669587648,-0.7505485094478025,-1.7721130628009476,-3.2844676165082043,-0.9543992486988095,-0.9399711127737246,-0.6478410490893927,0.5116414271281695,-0.7797597937840767,-1.2918300503121252,0.05708516910647722,-9.788210379761384,-0.7054264528368184,-36.841361487904656,-3.2105812786886085,-2.0328426126729484,-3.0363832322424256
-1.6422564412056833,-1.0430642294430492,-0.5409473918453264,-2.2051611533845366,-0.32242235874528075,-3.180609056199364,-0.27505764473691047,-1.9176702102766066,-1.5910695152960008,-2.7665071246001576,-0.5543608559213292,-0.35376904828291456,-0.010993840948152998,-2.769223701795738,-1.0810649122076748,-0.26106400820920633,0.7344737537294245,-0.7652323174956076,-1.210148121657597,-1.8393434682729002,-1.6717908030569306,-4.224196460493997,-13.214513066058114,-2.0035654186284506,0.9723627175439966,-0.9866598415008987,-4.548211783383424,-2.883217508166759,-3.097510151221257,-2.674844310148851,-2.2507133204926086,-3.2875568281125025,-1.2966357648279665,-2.3073109058638788,-1.8885036445719616,-0.6279092977881957,-1.9282635963222123,0.5846004026078182,-2.3380603002137144,-4.347035273542218,-0.5431237883210539,-4.67630594650856,-1.5206759607700642,0.5551172905958893,-2.2192717589706694,-0.555365120950709,0.7766877008737832,-1.6373655468283839,-0.10938815115021705,-0.37445930480357775,-0.1710387545894355,-5.493603614285457,-0.32291138166003236,0.48255691220108377,0.9569687740795852,-0.6739436500120903,-0.11055800593228265,-2.671903824374902,-0.4348174888904271,-0.34001241433397345,1.0144432115296418,-0.2956003789562217,-1.4544663109080196,0.984634142716846,-0.5252789087321453,-0.2752523276684535,-1.3017241400199835,0.9351786260376385,-0.8079027258795438,-0.517195397138279,0.5883388197451468,0.6614672804829324,0.45161340450075865,0.6238607909297319,0.1298418299297072,-0.7071815400236092,-1.1067732364110725,-0.08920139627506266,0.47644483091416073,0.5767615265155643,-2.622139856178488,0.777071429498118,-2.1403880710398737,1.1061857331982472,0.4510044401551335,0.6296137619886167,-0.28806838711312266,-1.9139923849492952,-2.7350879205313454,0.8284454233854324,0.030149871975188078,-0.28713131376200723,-0.12690666318847535,-0.14453657877489737,0.42178773854579177,-1.628857025135218,-0.6732234696653061,0.032749464257864055,-1.6429825125070554,0.5797967272629797,0.5149945381141615,-1.0014828217888023,-0.7470559832348427,-0.2113203455304572,-0.5390353317003965,0.5907279481457461,-1.0767831978343139,-0.4224461204695461,1.2660006536675927,-0.6390171944281896,-0.6619102793938922,-36.841361487904656,-0.3607667075948111,-1.5048832205412372,-1.9285276669587648,-0.7505485094478025,-1.7721130628009476,-3.2844676165082043,-0.9543992486988095,-0.9399711127737246,-0.6478410490893927,0.5116414271281695,-0.7797597937840767,-1.2918300503121252,0.05708516910647722,-9.788210379761384,-0.7054264528368184,-36.841361487904656,-3.2105812786886085,-2.0328426126729484,-3.0363832322424256
-1.6422564412056833,-1.0430642294430492,-0.5409473918453264,-2.2051611533845366,-0.32242235874528075,-3.180609056199364,-0.27505764473691047,-1.9176702102766066,-1.5910695152960008,-2.7665071246001576,-0.5543608559213292,-0.35376904828291456,-0.010993840948152998,-2.769223701795738,-1.0810649122076748,-0.26106400820920633,0.7344737537294245,-0.7652323174956076,-1.210148121657597,-1.8393434682729002,-1.6717908030569306,-4.224196460493997,-13.214513066058114,-2.0035654186284506,0.9723627175439966,-0.9866598415008987,-4.548211783383424,-2.883217508166759,-3.097510151221257,-2.674844310148851,-2.2507133204926086,-3.2875568281125025,-1.2966357648279665,-2.3073109058638788,-1.8885036445719616,-0.6279092977881957,-1.9282635963222123,0.5846004026078182,-2.3380603002137144,-4.347035273542218,-0.5431237883210539,-4.67630594650856,-1.5206759607700642,0.5551172905958893,-2.2192717589706694,-0.555365120950709,0.7766877008737832,-1.6373655468283839,-0.10938815115021705,-0.37445930480357775,-0.1710387545894355,-5.493603614285457,-0.32291138166003236,0.48255691220108377,0.9569687740795852,-0.6739436500120903,-0.11055800593228265,-2.671903824374902,-0.4348174888904271,-0.34001241433397345,1.0144432115296418,-0.2956003789562217,-1.4544663109080196,0.984634142716846,-0.5252789087321453,-0.2752523276684535,-1.3017241400199835,0.9351786260376385,-0.8079027258795438,-0.517195397138279,0.5883388197451468,0.6614672804829324,0.45161340450075865,0.6238607909297319,0.1298418299297072,-0.7071815400236092,-1.1067732364110725,-0.08920139627506266,0.47644483091416073,0.5767615265155643,-2.622139856178488,0.777071429498118,-2.1403880710398737,1.1061857331982472,0.4510044401551335,0.6296137619886167,-0.28806838711312266,-1.9139923849492952,-2.7350879205313454,0.8284454233854324,0.030149871975188078,-0.28713131376200723,-0.12690666318847535,-0.14453657877489737,0.42178773854579177,-1.628857025135218,-0.6732234696653061,0.032749464257864055,-1.6429825125070554,0.5797967272629797,0.5149945381141615,-1.0014828217888023,-0.7470559832348427,-0.2113203455304572,-0.5390353317003965,0.5907279481457461,-1.0767831978343139,-0.4224461204695461,1.2660006536675927,-0.6390171944281896,-0.6619102793938922,-36.841361487904656,-0.3607667075948111,-1.5048832205412372,-1.9285276669587648,-0.7505485094478025,-1.7721130628009476,-3.2844676165082043,-0.9543992486988095,-0.9399711127737246,-0.6478410490893927,0.5116414271281695,-0.7797597937840767,-1.2918300503121252,0.05708516910647722,-9.788210379761384,-0.7054264528368184,-36.841361487904656,-3.2105812786886085,-2.0328426126729484,-3.0363832322424256
-1.6480757161046948,-0.5546513395872616,-0.5434372428289856,-1.6172261422544207,0.2884341139811581,-3.891838346330775,-0.003208411296115619,-0.976930307391562,-0.7504776988398851,-1.1661148611483638,-0.5139095405505588,-0.2732787576937196,-0.41572896345909943,-1.599984137137415,-1.2016416071291984,-0.867505016610466,0.6098692905768786,-0.6405724293782895,-0.9518911238236895,-1.1007902982225006,0.15575127920047277,-3.2317087740683537,-6.06624278799662,-2.469475609791984,0.6055948714191002,-0.49818002244682,-3.941640918537973,-2.385140580875166,-4.362289897551403,-2.6535242966870674,-3.6810876910682135,-2.8130419792223096,-0.8668796335712872,-1.9945210828268505,-1.550493151951104,-1.6208498168341454,-1.6774696752928873,0.21968380365017706,-1.5510215648651033,-4.3023890103524485,-0.7540660414355655,-4.619030085033218,-1.9076903340878126,0.6905357920079527,-2.4670533056847725,-0.37210881029161824,0.6773045791591371,-1.7076568741716027,-0.3782724390262797,-0.6197217640090319,0.15879814395146816,-6.403338944469625,-0.4794835301582856,0.8158273073571968,0.9219199575019261,-0.838500544283366,-0.3522119408382072,-2.371423308333006,-0.4533576496273617,-0.48342227796929466,1.4122990166412166,-0.2467525763616097,-1.2364672381117847,0.9678150018566474,-0.5502764165641525,0.29708495168731086,-1.3479745558154999,0.5029832075275199,-0.7455974222709241,-0.43266198303730047,1.1335944970934515,0.928565350078081,-0.37957854230905463,0.5830291427486896,0.16559786385967895,-0.7016088983205895,-0.36953977824053924,-0.4420905455865504,0.20891554963370265,0.6949350297935388,-2.4393168682974222,0.8225236111737655,-1.8871556252928812,1.235595235787238,0.6380563903098259,0.6169501532462404,-0.4873250585824885,-2.0120988277855107,-2.8979842499051056,0.9285470998944488,0.1430378235483702,-0.43889405720402214,0.38805872547021636,-0.5616137927157157,0.4949456202595124,-1.931351201441379,-1.9582856101211477,-0.738063318978944,-1.4623212523528009,0.5236935392472234,0.6394441178353639,-0.8321852314407745,-0.7317622130769926,0.41642960497997905,-0.33502890271596036,0.5345616143308594,-1.1840857165636907,0.09860084326759164,1.5808745923574765,-1.0756695439176474,-0.16446512024297413,-3.288850768491283,0.046042884592599184,-1.2500298036398483,-0.9258724977134823,-1.101439376962313,-0.35590521579231627,-2.243593543383196,0.8458842445964949,0.09073367544506884,0.19102677434610865,0.8128477170821249,-0.28124181283993555,-0.2904953237453547,0.05202445806629211,-2.7053569561962894,-0.5338376938848823,-3.288850768491283,-3.2372144729651247,-1.8663330145014838,-1.771264315076399
-1.6480757161046948,-0.5546513395872616,-0.5434372428289856,-1.6172261422544207,0.2884341139811581,-3.891838346330775,-0.003208411296115619,-0.976930307391562,-0.7504776988398851,-1.1661148611483638,-0.5139095405505588,-0.2732787576937196,-0.41572896345909943,-1.599984137137415,-1.2016416071291984,-0.867505016610466,0.6098692905768786,-0.6405724293782895,-0.9518911238236895,-1.1007902982225006,0.15575127920047277,-3.2317087740683537,-6.06624278799662,-2.469475609791984,0.6055948714191002,-0.49818002244682,-3.941640918537973,-2.385140580875166,-4.362289897551403,-2.6535242966870674,-3.6810876910682135,-2.8130419792223096,-0.8668796335712872,-1.9945210828268505,-1.550493151951104,-1.6208498168341454,-1.6774696752928873,0.21968380365017706,-1.5510215648651033,-4.3023890103524485,-0.7540660414355655,-4.619030085033218,-1.9076903340878126,0.6905357920079527,-2.4670533056847725,-0.37210881029161824,0.6773045791591371,-1.7076568741716027,-0.3782724390262797,-0.6197217640090319,0.15879814395146816,-6.403338944469625,-0.4794835301582856,0.8158273073571968,0.9219199575019261,-0.838500544283366,-0.3522119408382072,-2.371423308333006,-0.4533576496273617,-0.48342227796929466,1.4122990166412166,-0.2467525763616097,-1.2364672381117847,0.9678150018566474,-0.5502764165641525,0.29708495168731086,-1.3479745558154999,0.5029832075275199,-0.7455974222709241,-0.43266198303730047,1.1335944970934515,0.928565350078081,-0.37957854230905463,0.5830291427486896,0.16559786385967895,-0.7016088983205895,-0.36953977824053924,-0.4420905455865504,0.20891554963370265,0.6949350297935388,-2.4393168682974222,0.8225236111737655,-1.8871556252928812,1.235595235787238,0.6380563903098259,0.6169501532462404,-0.4873250585824885,-2.0120988277855107,-2.8979842499051056,0.9285470998944488,0.1430378235483702,-0.43889405720402214,0.38805872547021636,-0.5616137927157157,0.4949456202595124,-1.931351201441379,-1.9582856101211477,-0.738063318978944,-1.4623212523528009,0.5236935392472234,0.6394441178353639,-0.8321852314407745,-0.7317622130769926,0.41642960497997905,-0.33502890271596036,0.5345616143308594,-1.1840857165636907,0.09860084326759164,1.5808745923574765,-1.0756695439176474,-0.16446512024297413,-3.288850768491283,0.046042884592599184,-1.2500298036398483,-0.9258724977134823,-1.101439376962313,-0.35590521579231627,-2.243593543383196,0.8458842445964949,0.09073367544506884,0.19102677434610865,0.8128477170821249,-0.28124181283993555,-0.2904953237453547,0.05202445806629211,-2.7053569561962894,-0.5338376938848823,-3.288850768491283,-3.2372144729651247,-1.8663330145014838,-1.771264315076399
-1.6480757161046948,-0.5546513395872616,-0.5434372428289856,-1.6172261422544207,0.2884341139811581,-3.891838346330775,-0.003208411296115619,-0.976930307391562,-0.7504776988398851,-1.1661148611483638,-0.5139095405505588,-0.2732787576937196,-0.41572896345909943,-1.599984137137415,-1.2016416071291984,-0.867505016610466,0.6098692905768786,-0.6405724293782895,-0.9518911238236895,-1.1007902982225006,0.15575127920047277,-3.2317087740683537,-6.06624278799662,-2.469475609791984,0.6055948714191002,-0.49818002244682,-3.941640918537973,-2.385140580875166,-4.362289897551403,-2.6535242966870674,-3.6810876910682135,-2.8130419792223096,-0.8668796335712872,-1.9945210828268505,-1.550493151951104,-1.6208498168341454,-1.6774696752928873,0.21968380365017706,-1.5510215648651033,-4.3023890103524485,-0.7540660414355655,-4.619030085033218,-1.9076903340878126,0.6905357920079527,-2.4670533056847725,-0.37210881029161824,0.6773045791591371,-1.7076568741716027,-0.3782724390262797,-0.6197217640090319,0.15879814395146816,-6.403338944469625,-0.4794835301582856,0.8158273073571968,0.9219199575019261,-0.838500544283366,-0.3522119408382072,-2.371423308333006,-0.4533576496273617,-0.48342227796929466,1.4122990166412166,-0.2467525763616097,-1.2364672381117847,0.9678150018566474,-0.5502764165641525,0.29708495168731086,-1.3479745558154999,0.5029832075275199,-0.7455974222709241,-0.43266198303730047,1.1335944970934515,0.928565350078081,-0.37957854230905463,0.5830291427486896,0.16559786385967895,-0.7016088983205895,-0.36953977824053924,-0.4420905455865504,0.20891554963370265,0.6949350297935388,-2.4393168682974222,0.8225236111737655,-1.8871556252928812,1.235595235787238,0.6380563903098259,0.6169501532462404,-0.4873250585824885,-2.0120988277855107,-2.8979842499051056,0.9285470998944488,0.1430378235483702,-0.43889405720402214,0.38805872547021636,-0.5616137927157157,0.4949456202595124,-1.931351201441379,-1.9582856101211477,-0.738063318978944,-1.4623212523528009,0.5236935392472234,0.6394441178353639,-0.8321852314407745,-0.7317622130769926,0.41642960497997905,-0.33502890271596036,0.5345616143308594,-1.1840857165636907,0.09860084326759164,1.5808745923574765,-1.0756695439176474,-0.16446512024297413,-3.288850768491283,0.046042884592599184,-1.2500298036398483,-0.9258724977134823,-1.101439376962313,-0.35590521579231627,-2.243593543383196,0.8458842445964949,0.09073367544506884,0.19102677434610865,0.8128477170821249,-0.28124181283993555,-0.2904953237453547,0.05202445806629211,-2.7053569561962894,-0.5338376938848823,-3.288850768491283,-3.2372144729651247,-1.8663330145014838,-1.771264315076399
-1.6480757161046948,-0.5546513395872616,-0.5434372428289856,-1.6172261422544207,0.2884341139811581,-3.891838346330775,-0.003208411296115619,-0.976930307391562,-0.7504776988398851,-1.1661148611483638,-0.5139095405505588,-0.2732787576937196,-0.41572896345909943,-1.599984137137415,-1.2016416071291984,-0.867505016610466,0.6098692905768786,-0.6405724293782895,-0.9518911238236895,-1.1007902982225006,0.15575127920047277,-3.2317087740683537,-6.06624278799662,-2.469475609791984,0.6055948714191002,-0.49818002244682,-3.941640918537973,-2.385140580875166,-4.362289897551403,-2.6535242966870674,-3.6810876910682135,-2.8130419792223096,-0.8668796335712872,-1.9945210828268505,-1.550493151951104,-1.6208498168341454,-1.6774696752928873,0.21968380365017706,-1.5510215648651033,-4.3023890103524485,-0.7540660414355655,-4.619030085033218,-1.9076903340878126,0.6905357920079527,-2.4670533056847725,-0.37210881029161824,0.6773045791591371,-1.7076568741716027,-0.3782724390262797,-0.6197217640090319,0.15879814395146816,-6.403338944469625,-0.4794835301582856,0.8158273073571968,0.9219199575019261,-0.838500544283366,-0.3522119408382072,-2.371423308333006,-0.4533576496273617,-0.48342227796929466,1.4122990166412166,-0.2467525763616097,-1.2364672381117847,0.9678150018566474,-0.5502764165641525,0.29708495168731086,-1.3479745558154999,0.5029832075275199,-0.7455974222709241,-0.43266198303730047,1.1335944970934515,0.928565350078081,-0.37957854230905463,0.5830291427486896,0.16559786385967895,-0.7016088983205895,-0.36953977824053924,-0.4420905455865504,0.20891554963370265,0.6949350297935388,-2.4393168682974222,0.8225236111737655,-1.8871556252928812,1.235595235787238,0.6380563903098259,0.6169501532462404,-0.4873250585824885,-2.0120988277855107,-2.8979842499051056,0.9285470998944488,0.1430378235483702,-0.43889405720402214,0.38805872547021636,-0.5616137927157157,0.4949456202595124,-1.931351201441379,-1.9582856101211477,-0.738063318978944,-1.4623212523528009,0.5236935392472234,0.6394441178353639,-0.8321852314407745,-0.7317622130769926,0.41642960497997905,-0.33502890271596036,0.5345616143308594,-1.1840857165636907,0.09860084326759164,1.5808745923574765,-1.0756695439176474,-0.16446512024297413,-3.288850768491283,0.046042884592599184,-1.2500298036398483,-0.9258724977134823,-1.101439376962313,-0.35590521579231627,-2.243593543383196,0.8458842445964949,0.09073367544506884,0.19102677434610865,0.8128477170821249,-0.28124181283993555,-0.2904953237453547,0.05202445806629211,-2.7053569561962894,-0.5338376938848823,-3.288850768491283,-3.2372144729651247,-1.8663330145014838,-1.771264315076399
-1.5578543107640699,-2.1906616945738597,-0.5657291502879406,-2.1212429793619325,0.3533210187404342,-3.8308012099428557,0.05653741835655463,-1.1370758070897025,-1.1717417296128634,-1.2720876454357983,-0.4335867565340268,-0.18240525873508906,-0.5158154884534474,-2.8298867855705883,-0.9237114702742719,-0.8846104870082744,0.7135527027411269,-0.8867174186319279,-1.446066567995613,-2.241394295192809,-0.7289494678746817,-4.630907562169589,-32.49747514341678,-2.1613868974950186,0.9847498759712648,-1.1762921748526183,-5.886676115824609,-2.655887236409747,-5.533899395070209,-3.2496987002555837,-5.405613916251017,-4.414902246642516,-1.5794044908933196,-4.2475006023749655,-2.637128377845448,-1.960447485799608,-1.9970377227651794,0.3188620095527808,-2.2991686984267643,-3.7692770844747803,-0.467665320364576,-4.304460854984928,-2.0141238121527647,0.5879131083064731,-3.2369095117829816,-0.3726854238354395,0.6070684833734513,-1.8331662521628767,0.16817634939445833,-0.2512701819163815,-0.3923821024770125,-36.84071251233198,-0.6514279054015989,0.6990609601259963,0.725605572300307,-0.41596572321645275,0.039806004393001644,-2.6383559961568803,-0.3941500282210249,-0.13548603707189236,0.9247414286192237,-0.2838000307767263,-0.816750975606253,0.7277118288462168,-1.0258167121178112,0.020258074752230536,-1.5243448405877258,0.6976629389861363,-0.2146827674118864,-0.5264311680334506,0.5269061753546003,0.4559152272864291,0.32360121119232643,0.5020783751949749,-0.3263870280134971,-0.7526858129652425,-0.5325751889435827,-0.3701285643685363,0.37174378074648956,0.4454744283928197,-3.0002353726607227,0.6282634115614818,-2.691388610404346,0.9517356601735415,0.9034687764160371,0.27092827346271925,-1.164140998092012,-2.5702179914011754,-3.1284437867124453,0.6675008220009327,0.10777524113080202,-0.536240648906782,0.2794584579188149,-0.5525618822051246,-0.027706252894132345,-0.19771058150019696,-2.4353174305580034,-0.18408548453349188,-1.3859725561437604,0.6703998312712468,0.5199493338149705,-1.3434483820877603,-0.9752429598698518,0.24475628867966392,-0.2758067683958632,0.6257145220455714,-1.2596578630115258,-0.8592917356130914,1.3254776963040706,-0.8111044809732867,-0.47614648918411084,-36.84136148790346,-0.6934772134497157,-2.352917490114593,-2.144269067942405,-0.731235222509274,-1.837273558139086,-1.604242631101678,-0.36247214266090655,-1.3547905324885678,-1.8291526724590637,0.4964935347770127,-0.7840939994225805,-1.4574681651852588,-2.202090836652822,-3.5295900798171873,-1.460093343392974,-36.84136148790346,-3.611099792727224,-2.089988616870336,-1.9598329167675466
-1.5578543107640699,-2.1906616945738597,-0.5657291502879406,-2.1212429793619325,0.3533210187404342,-3.8308012099428557,0.05653741835655463,-1.1370758070897025,-1.1717417296128634,-1.2720876454357983,-0.4335867565340268,-0.18240525873508906,-0.5158154884534474,-2.8298867855705883,-0.9237114702742719,-0.8846104870082744,0.7135527027411269,-0.8867174186319279,-1.446066567995613,-2.241394295192809,-0.7289494678746817,-4.630907562169589,-32.49747514341678,-2.1613868974950186,0.9847498759712648,-1.1762921748526183,-5.886676115824609,-2.655887236409747,-5.533899395070209,-3.2496987002555837,-5.405613916251017,-4.414902246642516,-1.5794044908933196,-4.2475006023749655,-2.637128377845448,-1.960447485799608,-1.9970377227651794,0.3188620095527808,-2.2991686984267643,-3.7692770844747803,-0.467665320364576,-4.304460854984928,-2.0141238121527647,0.5879131083064731,-3.2369095117829816,-0.3726854238354395,0.6070684833734513,-1.8331662521628767,0.16817634939445833,-0.2512701819163815,-0.3923821024770125,-36.84071251233198,-0.6514279054015989,0.6990609601259963,0.725605572300307,-0.41596572321645275,0.039806004393001644,-2.6383559961568803,-0.3941500282210249,-0.13548603707189236,0.9247414286192237,-0.2838000307767263,-0.816750975606253,0.7277118288462168,-1.0258167121178112,0.020258074752230536,-1.5243448405877258,0.6976629389861363,-0.2146827674118864,-0.5264311680334506,0.5269061753546003,0.4559152272864291,0.32360121119232643,0.5020783751949749,-0.3263870280134971,-0.7526858129652425,-0.5325751889435827,-0.3701285643685363,0.37174378074648956,0.4454744283928197,-3.0002353726607227,0.6282634115614818,-2.691388610404346,0.9517356601735415,0.9034687764160371,0.27092827346271925,-1.164140998092012,-2.5702179914011754,-3.1284437867124453,0.6675008220009327,0.10777524113080202,-0.536240648906782,0.2794584579188149,-0.5525618822051246,-0.027706252894132345,-0.19771058150019696,-2.4353174305580034,-0.18408548453349188,-1.3859725561437604,0.6703998312712468,0.5199493338149705,-1.3434483820877603,-0.9752429598698518,0.24475628867966392,-0.2758067683958632,0.6257145220455714,-1.2596578630115258,-0.8592917356130914,1.3254776963040706,-0.8111044809732867,-0.47614648918411084,-36.84136148790346,-0.6934772134497157,-2.352917490114593,-2.144269067942405,-0.731235222509274,-1.837273558139086,-1.604242631101678,-0.36247214266090655,-1.3547905324885678,-1.8291526724590637,0.4964935347770127,-0.7840939994225805,-1.4574681651852588,-2.202090836652822,-3.5295900798171873,-1.460093343392974,-36.84136148790346,-3.611099792727224,-2.089988616870336,-1.9598329167675466
-1.934747384528707,-3.306090873223681,-0.5319618601863331,-2.315592088156092,0.5124597542289819,-3.9752675233744186,0.23056545197109807,-0.4913571767063083,-1.6604613122689744,0.27109278153145255,-0.7167113828446848,-0.30152471689616483,-0.5558657643903466,-2.7520579833236045,-0.8993080338146842,0.17136317638824353,0.40466438563279433,-0.45726689181053365,-1.8655656133232543,-2.292387052159,-1.3725534314580463,-3.8053532171096767,-5.312686439700531,-2.0430642037089344,1.022592780166422,-0.4885240703428917,-3.9475663637792247,-3.3447322151992505,-3.25157103948525,-2.6985514740835397,-6.609060545723198,-3.504580061362214,-1.0062236917242409,-4.397882185518081,-3.8671567748002524,-2.323559841871769,-2.458861432112822,0.027390746949241682,-2.0037674645059935,-3.6943242142849644,-0.979538472647575,-3.53845841394006,-1.9090837263524245,0.3633776518964699,-3.1836533263340687,-0.6347847141584231,0.4762720819239066,-1.5472216470907432,-0.016688841906357013,-0.04844767794678689,-0.5360963105150024,-6.423920246708582,-0.17833975586059525,0.6194631872847852,0.8713677264653474,-0.2598430946078779,-0.6904344824575098,-2.3777134866503227,-0.7843072059486877,-0.1968948867192331,0.8114287000698258,-0.16051526913197675,-0.43397848018611096,0.49251160363745755,-0.9554957687746541,0.4348617593432847,-1.5128727782933453,0.9629490217923234,-0.04320245822299084,-0.766521026706085,0.3111221583108577,0.1436389467910177,0.5759935650248643,0.40090958783195496,-0.5341460102930833,-0.8714967789799787,-0.3965162515683625,-0.8617639387218553,0.22528295287088967,0.5020101427149801,-2.973501122920084,0.4239149137884139,-2.6671764840542838,0.8252077083407068,0.5164831680313177,0.26145398319000207,-1.4057099054650508,-2.762898214463558,-3.024133983592115,0.4689933485943917,0.1478701933358949,-0.3527402626868908,0.3794341109879858,-0.47841458340426596,0.02167560540447421,0.43970271873199274,-2.7292720629581377,0.7562779861869424,-1.4451535682245995,0.9693270577366437,0.19456768876225658,-1.1379109651762027,-0.4025670157505568,0.6149748492513885,-0.203974345216345,0.446634849322418,-0.5538748473862161,-0.4385962774296643,1.1764006142404833,-0.5935785678733064,-0.19629223450273617,-36.84136148790458,-0.7098431341629354,-3.493621078242207,-1.709029650037256,-0.7321801332883745,-2.04249375464739,-0.7803047572867672,-0.6805436120447818,-1.7398942087093134,-2.055833179537993,0.5888813053525955,-1.0887865062884068,-1.3823116350311968,-1.3375138962334403,-1.4977037682963563,-0.8886947965703534,-36.84136148790458,-3.0238689949007527,-1.9221781129024773,-1.9519211964078274
-2.0645672112278803,-3.659987374317652,-0.6006615179291435,-2.024379768684355,0.6207471455026488,-3.56138916354263,0.42353299602591665,-0.349672443701806,-1.421348956653414,0.4386906336126814,-0.7621736757575361,-0.1766855174927871,-0.7917704854791425,-1.9292712815104334,-0.9492823424900103,0.28541323838497773,0.41814485824521236,-0.291503403394122,-1.4133561292782413,-1.7886553563739598,-0.9788217899830275,-4.082950157251212,-5.9155278100616515,-1.95263203786265,1.0682394648108355,-0.49457730355772195,-3.302724114804424,-3.3814180159070486,-2.7046379921206234,-2.7390134922457645,-5.15419221886699,-3.3014904017943616,-0.8252601984864063,-3.532782972718391,-3.470042862235369,-2.3691145791569683,-2.119526974562166,-0.2772342654172928,-1.3637755126403877,-5.487565018952978,-1.2205490472070257,-4.140370320484239,-1.6214730188756712,0.45480537544570426,-2.585552919562048,-1.0474287340523782,0.4520938642626282,-1.2747000120703247,-0.11801654284200833,-0.3710743157063667,-0.41514948007318364,-8.334885612834332,-0.07427073245715227,0.748445821686186,0.9666623549454862,-0.2588379361413076,-0.6121843153560653,-2.276814778040642,-0.747763080741863,-0.20156093678106005,1.0565292648637101,0.03964693662897397,-0.14528314524529878,0.3761019796027697,-0.6235186636217975,0.675920148325806,-1.1903041374100642,1.1050141507799984,-0.06202033538865786,-0.5577264330196812,0.987380786739279,0.15906042125433123,0.6660112932528205,0.25492309326332235,-0.6914985364763552,-0.5091060853843145,-0.36630351434342096,-0.994811709223982,0.1331752131493244,0.6587692903046386,-3.211347044110384,0.2972672226934685,-2.4768424075924993,0.8519641678113163,0.5947247018841224,0.11578511151700151,-0.6803800138581563,-2.7279084794618975,-2.7106570102118916,0.26088638813411336,0.3271139967114841,-0.14253931039937337,0.8563179572613304,-0.5712861857215952,0.43255599138927425,0.5707430530546188,-2.8305526292383014,0.9426790777475746,-1.3375013965505609,1.1323903721040764,0.1039846818117738,-1.0257785507816097,-0.6085929066233805,0.7833327235243432,-0.17556125750211102,0.22172945596982951,-0.47852507264429983,-0.2584142735876658,1.2846720765653268,-0.518801452808919,0.3750805799978183,-3.1823887435940734,-0.1000354452205164,-3.017887223166684,-0.9653399074594883,-0.9491808302720239,-0.6719561099426568,-0.44310309331672715,0.6691189457393514,-0.7920948293152955,-1.2653391241954708,0.9334670764946993,-0.8722141815659133,-0.8177621066371058,-1.1654309770274414,0.13548771501673879,0.022418692364012744,-3.1823887435940734,-2.710683925666758,-1.3736235633822051,-1.2576996649343408
-2.393864177031718,-6.071356532969965,-0.5052651716674212,-2.599037485007484,0.22893977167496607,-3.5782809022116857,0.24182049273348197,-0.36665068406273466,-1.7343476159983011,0.3465013377470655,-0.9980797033857939,-0.17899851984742182,-0.6535978162394446,-1.9971829884595997,-1.1958532314504375,0.5470236818641493,0.49832819096169634,0.04710538913527197,-1.2048445587648413,-1.489262570542652,-1.5415617539551312,-4.323421348412842,-5.315430617950719,-1.7079157670731409,1.2363382893651083,-0.32967462602196596,-3.3304367911991677,-3.2321228340962294,-2.1265224969501912,-2.6386064267487166,-5.975422997379856,-2.5585902486872314,-0.5077043865626039,-4.97158562157092,-4.083860058036058,-2.35848772138843,-2.2891608515132567,-0.20049449656884283,-1.6595188517813855,-5.197420914685034,-1.4479248043993262,-3.12995575744434,-1.6666824996872762,0.33473606699264835,-3.190599230634523,-0.958707975043426,0.7002010733215015,-1.2458127147607463,0.015912349537614723,-0.1399011678020076,-0.5452752076894177,-6.092645808112484,0.06715892775191439,0.4222884976455189,1.0417385149538656,-0.10236819349322772,-0.45200429160707617,-2.466371832938395,-1.0976428655023303,-0.23111760571036813,0.7033557011610232,0.5725520888320271,-0.1084286517989253,0.04777860651825698,-0.12587668413393766,0.16728584311567996,-1.2820112195453675,1.5106402068936517,0.8239895703913632,-0.6445743274800381,0.8700137203637759,-0.009074310424085819,0.4890628358416418,0.5301105047760708,-0.37877366104032245,-0.1352979859903325,-0.4488411861165209,-1.7991491821975634,0.22169154240822347,0.4071216544958384,-3.2066214710365397,0.2677723021285,-3.0919729678496024,0.4471613044961638,0.8298022303362129,0.1899545952614833,-0.506479160416576,-2.4946471159977293,-2.662573560759572,0.22747431788875758,0.24963591011793468,0.09375099099081204,0.6838812979180543,-0.20076142986719672,0.49718856689484925,0.47319577350464265,-2.0903858747104245,1.0457568448717103,-1.1815089166072719,1.243351794932651,0.4770193129847181,-1.0806059946735649,-0.7289269585070857,0.692342226821718,0.0274894749766436,0.22055958157525052,-0.06189516150820548,-0.14793537293830128,0.907214223337306,-0.17121498832022378,0.768793051830512,-36.84136148790466,0.26627815418215045,-1.6869945917137616,-1.0182846886455321,-0.9178670268502844,-1.3383488728271402,-0.1523662405453307,0.07622000829091193,-1.1344256691497268,-2.250474595479234,0.38106702457155506,-1.6114118631212915,-0.4646790171990322,0.3465906002922563,-0.5275021610201736,0.028341001133370708,-36.84136148790466,-1.824950413410802,-0.481241427307452,-1.4468479951589535
-2.393864177031718,-6.071356532969965,-0.5052651716674212,-2.599037485007484,0.22893977167496607,-3.5782809022116857,0.24182049273348197,-0.36665068406273466,-1.7343476159983011,0.3465013377470655,-0.9980797033857939,-0.17899851984742182,-0.6535978162394446,-1.9971829884595997,-1.1958532314504375,0.5470236818641493,0.49832819096169634,0.04710538913527197,-1.2048445587648413,-1.489262570542652,-1.5415617539551312,-4.323421348412842,-5.315430617950719,-1.7079157670731409,1.2363382893651083,-0.32967462602196596,-3.3304367911991677,-3.2321228340962294,-2.1265224969501912,-2.6386064267487166,-5.975422997379856,-2.5585902486872314,-0.5077043865626039,-4.97158562157092,-4.083860058036058,-2.35848772138843,-2.2891608515132567,-0.20049449656884283,-1.6595188517813855,-5.197420914685034,-1.4479248043993262,-3.12995575744434,-1.6666824996872762,0.33473606699264835,-3.190599230634523,-0.958707975043426,0.7002010733215015,-1.2458127147607463,0.015912349537614723,-0.1399011678020076,-0.5452752076894177,-6.092645808112484,0.06715892775191439,0.4222884976455189,1.0417385149538656,-0.10236819349322772,-0.45200429160707617,-2.466371832938395,-1.0976428655023303,-0.23111760571036813,0.7033557011610232,0.5725520888320271,-0.1084286517989253,0.04777860651825698,-0.12587668413393766,0.16728584311567996,-1.2820112195453675,1.5106402068936517,0.8239895703913632,-0.6445743274800381,0.8700137203637759,-0.009074310424085819,0.4890628358416418,0.5301105047760708,-0.37877366104032245,-0.1352979859903325,-0.4488411861165209,-1.7991491821975634,0.22169154240822347,0.4071216544958384,-3.2066214710365397,0.2677723021285,-3.0919729678496024,0.4471613044961638,0.8298022303362129,0.1899545952614833,-0.506479160416576,-2.4946471159977293,-2.662573560759572,0.22747431788875758,0.24963591011793468,0.09375099099081204,0.6838812979180543,-0.20076142986719672,0.49718856689484925,0.47319577350464265,-2.0903858747104245,1.0457568448717103,-1.1815089166072719,1.243351794932651,0.4770193129847181,-1.0806059946735649,-0.7289269585070857,0.692342226821718,0.0274894749766436,0.22055958157525052,-0.06189516150820548,-0.14793537293830128,0.907214223337306,-0.17121498832022378,0.768793051830512,-36.84136148790466,0.26627815418215045,-1.6869945917137616,-1.0182846886455321,-0.9178670268502844,-1.3383488728271402,-0.1523662405453307,0.07622000829091193,-1.1344256691497268,-2.250474595479234,0.38106702457155506,-1.6114118631212915,-0.4646790171990322,0.3465906002922563,-0.5275021610201736,0.028341001133370708,-36.84136148790466,-1.824950413410802,-0.481241427307452,-1.4468479951589535
-2.0645672112278803,-3.659987374317652,-0.6006615179291435,-2.024379768684355,0.6207471455026488,-3.56138916354263,0.42353299602591665,-0.349672443701806,-1.421348956653414,0.4386906336126814,-0.7621736757575361,-0.1766855174927871,-0.7917704854791425,-1.9292712815104334,-0.9492823424900103,0.28541323838497773,0.41814485824521236,-0.291503403394122,-1.4133561292782413,-1.7886553563739598,-0.9788217899830275,-4.082950157251212,-5.9155278100616515,-1.95263203786265,1.0682394648108355,-0.49457730355772195,-3.302724114804424,-3.3814180159070486,-2.7046379921206234,-2.7390134922457645,-5.15419221886699,-3.3014904017943616,-0.8252601984864063,-3.532782972718391,-3.470042862235369,-2.3691145791569683,-2.119526974562166,-0.2772342654172928,-1.3637755126403877,-5.487565018952978,-1.2205490472070257,-4.140370320484239,-1.6214730188756712,0.45480537544570426,-2.585552919562048,-1.0474287340523782,0.4520938642626282,-1.2747000120703247,-0.11801654284200833,-0.3710743157063667,-0.41514948007318364,-8.334885612834332,-0.07427073245715227,0.748445821686186,0.9666623549454862,-0.2588379361413076,-0.6121843153560653,-2.276814778040642,-0.747763080741863,-0.20156093678106005,1.0565292648637101,0.03964693662897397,-0.14528314524529878,0.3761019796027697,-0.6235186636217975,0.675920148325806,-1.1903041374100642,1.1050141507799984,-0.06202033538865786,-0.5577264330196812,0.987380786739279,0.15906042125433123,0.6660112932528205,0.25492309326332235,-0.6914985364763552,-0.5091060853843145,-0.36630351434342096,-0.994811709223982,0.1331752131493244,0.6587692903046386,-3.211347044110384,0.2972672226934685,-2.4768424075924993,0.8519641678113163,0.5947247018841224,0.11578511151700151,-0.6803800138581563,-2.7279084794618975,-2.7106570102118916,0.26088638813411336,0.3271139967114841,-0.14253931039937337,0.8563179572613304,-0.5712861857215952,0.43255599138927425,0.5707430530546188,-2.8305526292383014,0.9426790777475746,-1.3375013965505609,1.1323903721040764,0.1039846818117738,-1.0257785507816097,-0.6085929066233805,0.7833327235243432,-0.17556125750211102,0.22172945596982951,-0.47852507264429983,-0.2584142735876658,1.2846720765653268,-0.518801452808919,0.3750805799978183,-3.1823887435940734,-0.1000354452205164,-3.017887223166684,-0.9653399074594883,-0.9491808302720239,-0.6719561099426568,-0.44310309331672715,0.6691189457393514,-0.7920948293152955,-1.2653391241954708,0.9334670764946993,-0.8722141815659133,-0.8177621066371058,-1.1654309770274414,0.13548771501673879,0.022418692364012744,-3.1823887435940734,-2.710683925666758,-1.3736235633822051,-1.2576996649343408
-2.0645672112278803,-3.659987374317652,-0.6006615179291435,-2.024379768684355,0.6207471455026488,-3.56138916354263,0.42353299602591665,-0.349672443701806,-1.421348956653414,0.4386906336126814,-0.7621736757575361,-0.1766855174927871,-0.7917704854791425,-1.9292712815104334,-0.9492823424900103,0.28541323838497773,0.41814485824521236,-0.291503403394122,-1.4133561292782413,-1.7886553563739598,-0.9788217899830275,-4.082950157251212,-5.9155278100616515,-1.95263203786265,1.0682394648108355,-0.49457730355772195,-3.302724114804424,-3.3814180159070486,-2.7046379921206234,-2.7390134922457645,-5.15419221886699,-3.3014904017943616,-0.8252601984864063,-3.532782972718391,-3.470042862235369,-2.3691145791569683,-2.119526974562166,-0.2772342654172928,-1.3637755126403877,-5.487565018952978,-1.2205490472070257,-4.140370320484239,-1.6214730188756712,0.45480537544570426,-2.585552919562048,-1.0474287340523782,0.4520938642626282,-1.2747000120703247,-0.11801654284200833,-0.3710743157063667,-0.41514948007318364,-8.334885612834332,-0.07427073245715227,0.748445821686186,0.9666623549454862,-0.2588379361413076,-0.6121843153560653,-2.276814778040642,-0.747763080741863,-0.20156093678106005,1.0565292648637101,0.03964693662897397,-0.14528314524529878,0.3761019796027697,-0.6235186636217975,0.675920148325806,-1.1903041374100642,1.1050141507799984,-0.06202033538865786,-0.5577264330196812,0.987380786739279,0.15906042125433123,0.6660112932528205,0.25492309326332235,-0.6914985364763552,-0.5091060853843145,-0.36630351434342096,-0.994811709223982,0.1331752131493244,0.6587692903046386,-3.211347044110384,0.2972672226934685,-2.4768424075924993,0.8519641678113163,0.5947247018841224,0.11578511151700151,-0.6803800138581563,-2.7279084794618975,-2.7106570102118916,0.26088638813411336,0.3271139967114841,-0.14253931039937337,0.8563179572613304,-0.5712861857215952,0.43255599138927425,0.5707430530546188,-2.8305526292383014,0.9426790777475746,-1.3375013965505609,1.1323903721040764,0.1039846818117738,-1.0257785507816097,-0.6085929066233805,0.7833327235243432,-0.17556125750211102,0.22172945596982951,-0.47852507264429983,-0.2584142735876658,1.2846720765653268,-0.518801452808919,0.3750805799978183,-3.1823887435940734,-0.1000354452205164,-3.017887223166684,-0.9653399074594883,-0.9491808302720239,-0.6719561099426568,-0.44310309331672715,0.6691189457393514,-0.7920948293152955,-1.2653391241954708,0.9334670764946993,-0.8722141815659133,-0.8177621066371058,-1.1654309770274414,0.13548771501673879,0.022418692364012744,-3.1823887435940734,-2.710683925666758,-1.3736235633822051,-1.2576996649343408
-2.7473331294400523,-2.899239971460709,-0.5478896221649804,-1.4945331726202884,0.8452738961344781,-4.441149673346085,0.4318933098286102,-0.5227232012226843,-1.4333855878497082,0.33399452835030136,-0.6143417113334267,-0.26478279947262473,-0.4610431975512629,-2.72048920214575,-1.1224658634877671,-0.29794942322240003,0.4372931054301909,-0.49169850339946686,-1.5838664106314542,-2.0975800049864524,-0.5469052052726453,-3.805672676125363,-5.863512578518656,-2.519367095803955,0.9199312074118454,-0.5228209145199897,-4.335422689066374,-3.2298677369199003,-6.2407228795740695,-3.318125696878623,-7.1912461385041935,-4.933604427208591,-1.0278117940262883,-2.152660634877005,-3.582787024658039,-2.9294708163479752,-3.2481237833471512,-0.007215708114769333,-3.0411600482899153,-3.7293869130843955,-0.9516481948094723,-4.24449730384709,-2.0968264462587207,0.4603511135929584,-3.6349642841418124,-0.7224350797503015,0.5903206357956615,-1.3848823154915664,-0.27409186948623665,-0.633931410890185,-0.18437812654179156,-36.7677002396598,-0.4412665969452442,0.7751971827753701,0.8921753865197075,-1.2138430965168128,-0.24523380083650326,-3.758059661682745,-0.651210797058576,-0.4352441807625015,1.2199392559391038,-0.5358146349859726,-0.48044849658456473,0.6815835096012641,-0.7689186733532052,0.33832769443334904,-2.0310388630916707,0.7677939583289141,-0.5499522286615008,-1.0332084653175964,0.829766067381723,0.5406393384560919,-0.2581880261497937,0.49240539428254954,-0.7256877611435164,-0.9522426497931432,-1.0109381420180026,-0.36416510190272866,0.07034006235209504,0.7407745264446263,-2.5749561394758604,0.6295800159921473,-2.162900103886844,0.9427790893294092,0.5559245657444932,0.4787166902653247,-1.5191556837527813,-2.431357268848926,-3.5559558654661174,0.7235499724592241,-0.10942661396616847,-0.9585170043681821,0.22578092885688147,-0.8242155898896665,-0.12099968787495761,0.24181470682848336,-3.457703424895582,0.2757054184583183,-1.051546823299709,0.7792912799549276,0.3350397014312865,-1.4911208312073985,-1.4044305644205792,0.6821972617717393,-0.07517690964218289,0.5784485693569231,-1.2418551690191721,-0.9424820797597396,1.2439715319998783,-1.1066599894673765,-0.7237240081638753,-5.730878064907162,-1.3007618736209574,-3.509837263165649,-1.9248642523612214,-1.3271625447525595,-1.8099833868247834,-0.8648102359598234,-0.004931884409571602,-1.2908983784227932,-1.666930904899574,0.5653306132992392,-1.188513096296987,-0.6524180344875349,-3.1004917329349184,-1.1339013653209506,-0.6740789483394348,-5.730878064907162,-3.2050182985211193,-2.1081320040469365,-1.2250444275613288
-2.7473331294400523,-2.899239971460709,-0.5478896221649804,-1.4945331726202884,0.8452738961344781,-4.441149673346085,0.4318933098286102,-0.5227232012226843,-1.4333855878497082,0.33399452835030136,-0.6143417113334267,-0.26478279947262473,-0.4610431975512629,-2.72048920214575,-1.1224658634877671,-0.29794942322240003,0.4372931054301909,-0.49169850339946686,-1.5838664106314542,-2.0975800049864524,-0.5469052052726453,-3.805672676125363,-5.863512578518656,-2.519367095803955,0.9199312074118454,-0.5228209145199897,-4.335422689066374,-3.2298677369199003,-6.2407228795740695,-3.318125696878623,-7.1912461385041935,-4.933604427208591,-1.0278117940262883,-2.152660634877005,-3.582787024658039,-2.9294708163479752,-3.2481237833471512,-0.007215708114769333,-3.0411600482899153,-3.7293869130843955,-0.9516481948094723,-4.24449730384709,-2.0968264462587207,0.4603511135929584,-3.6349642841418124,-0.7224350797503015,0.5903206357956615,-1.3848823154915664,-0.27409186948623665,-0.633931410890185,-0.18437812654179156,-36.7677002396598,-0.4412665969452442,0.7751971827753701,0.8921753865197075,-1.2138430965168128,-0.24523380083650326,-3.758059661682745,-0.651210797058576,-0.4352441807625015,1.2199392559391038,-0.5358146349859726,-0.48044849658456473,0.6815835096012641,-0.7689186733532052,0.33832769443334904,-2.0310388630916707,0.7677939583289141,-0.5499522286615008,-1.0332084653175964,0.829766067381723,0.5406393384560919,-0.2581880261497937,0.49240539428254954,-0.7256877611435164,-0.9522426497931432,-1.0109381420180026,-0.36416510190272866,0.07034006235209504,0.7407745264446263,-2.5749561394758604,0.6295800159921473,-2.162900103886844,0.9427790893294092,0.5559245657444932,0.4787166902653247,-1.5191556837527813,-2.431357268848926,-3.5559558654661174,0.7235499724592241,-0.10942661396616847,-0.9585170043681821,0.22578092885688147,-0.8242155898896665,-0.12099968787495761,0.24181470682848336,-3.457703424895582,0.2757054184583183,-1.051546823299709,0.7792912799549276,0.3350397014312865,-1.4911208312073985,-1.4044305644205792,0.6821972617717393,-0.07517690964218289,0.5784485693569231,-1.2418551690191721,-0.9424820797597396,1.2439715319998783,-1.1066599894673765,-0.7237240081638753,-5.730878064907162,-1.3007618736209574,-3.509837263165649,-1.9248642523612214,-1.3271625447525595,-1.8099833868247834,-0.8648102359598234,-0.004931884409571602,-1.2908983784227932,-1.666930904899574,0.5653306132992392,-1.188513096296987,-0.6524180344875349,-3.1004917329349184,-1.1339013653209506,-0.6740789483394348,-5.730878064907162,-3.2050182985211193,-2.1081320040469365,-1.2250444275613288
-1.934747384528707,-3.306090873223681,-0.5319618601863331,-2.315592088156092,0.5124597542289819,-3.9752675233744186,0.23056545197109807,-0.4913571767063083,-1.6604613122689744,0.27109278153145255,-0.7167113828446848,-0.30152471689616483,-0.5558657643903466,-2.7520579833236045,-0.8993080338146842,0.17136317638824353,0.40466438563279433,-0.45726689181053365,-1.8655656133232543,-2.292387052159,-1.3725534314580463,-3.8053532171096767,-5.312686439700531,-2.0430642037089344,1.022592780166422,-0.4885240703428917,-3.9475663637792247,-3.3447322151992505,-3.25157103948525,-2.6985514740835397,-6.609060545723198,-3.504580061362214,-1.0062236917242409,-4.397882185518081,-3.8671567748002524,-2.323559841871769,-2.458861432112822,0.027390746949241682,-2.0037674645059935,-3.6943242142849644,-0.979538472647575,-3.53845841394006,-1.9090837263524245,0.3633776518964699,-3.1836533263340687,-0.6347847141584231,0.4762720819239066,-1.5472216470907432,-0.016688841906357013,-0.04844767794678689,-0.5360963105150024,-6.423920246708582,-0.17833975586059525,0.6194631872847852,0.8713677264653474,-0.2598430946078779,-0.6904344824575098,-2.3777134866503227,-0.7843072059486877,-0.1968948867192331,0.8114287000698258,-0.16051526913197675,-0.43397848018611096,0.49251160363745755,-0.9554957687746541,0.4348617593432847,-1.5128727782933453,0.9629490217923234,-0.04320245822299084,-0.766521026706085,0.3111221583108577,0.1436389467910177,0.5759935650248643,0.40090958783195496,-0.5341460102930833,-0.8714967789799787,-0.3965162515683625,-0.8617639387218553,0.22528295287088967,0.5020101427149801,-2.973501122920084,0.4239149137884139,-2.6671764840542838,0.8252077083407068,0.5164831680313177,0.26145398319000207,-1.4057099054650508,-2.762898214463558,-3.024133983592115,0.4689933485943917,0.1478701933358949,-0.3527402626868908,0.3794341109879858,-0.47841458340426596,0.02167560540447421,0.43970271873199274,-2.7292720629581377,0.7562779861869424,-1.4451535682245995,0.9693270577366437,0.19456768876225658,-1.1379109651762027,-0.4025670157505568,0.6149748492513885,-0.203974345216345,0.446634849322418,-0.5538748473862161,-0.4385962774296643,1.1764006142404833,-0.5935785678733064,-0.19629223450273617,-36.84136148790458,-0.7098431341629354,-3.493621078242207,-1.709029650037256,-0.7321801332883745,-2.04249375464739,-0.7803047572867672,-0.6805436120447818,-1.7398942087093134,-2.055833179537993,0.5888813053525955,-1.0887865062884068,-1.3823116350311968,-1.3375138962334403,-1.4977037682963563,-0.8886947965703534,-36.84136148790458,-3.0238689949007527,-1.9221781129024773,-1.9519211964078274
-1.934747384528707,-3.306090873223681,-0.5319618601863331,-2.315592088156092,0.5124597542289819,-3.9752675233744186,0.23056545197109807,-0.4913571767063083,-1.6604613122689744,0.27109278153145255,-0.7167113828446848,-0.30152471689616483,-0.5558657643903466,-2.7520579833236045,-0.8993080338146842,0.17136317638824353,0.40466438563279433,-0.45726689181053365,-1.8655656133232543,-2.292387052159,-1.3725534314580463,-3.8053532171096767,-5.312686439700531,-2.0430642037089344,1.022592780166422,-0.4885240703428917,-3.9475663637792247,-3.3447322151992505,-3.25157103948525,-2.6985514740835397,-6.609060545723198,-3.504580061362214,-1.0062236917242409,-4.397882185518081,-3.8671567748002524,-2.323559841871769,-2.458861432112822,0.027390746949241682,-2.0037674645059935,-3.6943242142849644,-0.979538472647575,-3.53845841394006,-1.9090837263524245,0.3633776518964699,-3.1836533263340687,-0.6347847141584231,0.4762720819239066,-1.5472216470907432,-0.016688841906357013,-0.04844767794678689,-0.5360963105150024,-6.423920246708582,-0.17833975586059525,0.6194631872847852,0.8713677264653474,-0.2598430946078779,-0.6904344824575098,-2.3777134866503227,-0.7843072059486877,-0.1968948867192331,0.8114287000698258,-0.16051526913197675,-0.43397848018611096,0.49251160363745755,-0.9554957687746541,0.4348617593432847,-1.5128727782933453,0.9629490217923234,-0.04320245822299084,-0.766521026706085,0.3111221583108577,0.1436389467910177,0.5759935650248643,0.40090958783195496,-0.5341460102930833,-0.8714967789799787,-0.3965162515683625,-0.8617639387218553,0.22528295287088967,0.5020101427149801,-2.973501122920084,0.4239149137884139,-2.6671764840542838,0.8252077083407068,0.5164831680313177,0.26145398319000207,-1.4057099054650508,-2.762898214463558,-3.024133983592115,0.4689933485943917,0.1478701933358949,-0.3527402626868908,0.3794341109879858,-0.47841458340426596,0.02167560540447421,0.43970271873199274,-2.7292720629581377,0.7562779861869424,-1.4451535682245995,0.9693270577366437,0.19456768876225658,-1.1379109651762027,-0.4025670157505568,0.6149748492513885,-0.203974345216345,0.446634849322418,-0.5538748473862161,-0.4385962774296643,1.1764006142404833,-0.5935785678733064,-0.19629223450273617,-36.84136148790458,-0.7098431341629354,-3.493621078242207,-1.709029650037256,-0.7321801332883745,-2.04249375464739,-0.7803047572867672,-0.6805436120447818,-1.7398942087093134,-2.055833179537993,0.5888813053525955,-1.0887865062884068,-1.3823116350311968,-1.3375138962334403,-1.4977037682963563,-0.8886947965703534,-36.84136148790458,-3.0238689949007527,-1.9221781129024773,-1.9519211964078274
-1.934747384528707,-3.306090873223681,-0.5319618601863331,-2.315592088156092,0.5124597542289819,-3.9752675233744186,0.23056545197109807,-0.4913571767063083,-1.6604613122689744,0.27109278153145255,-0.7167113828446848,-0.30152471689616483,-0.5558657643903466,-2.7520579833236045,-0.8993080338146842,0.17136317638824353,0.40466438563279433,-0.45726689181053365,-1.8655656133232543,-2.292387052159,-1.3725534314580463,-3.8053532171096767,-5.312686439700531,-2.0430642037089344,1.022592780166422,-0.4885240703428917,-3.9475663637792247,-3.3447322151992505,-3.25157103948525,-2.6985514740835397,-6.609060545723198,-3.504580061362214,-1.0062236917242409,-4.397882185518081,-3.8671567748002524,-2.323559841871769,-2.458861432112822,0.027390746949241682,-2.0037674645059935,-3.6943242142849644,-0.979538472647575,-3.53845841394006,-1.9090837263524245,0.3633776518964699,-3.1836533263340687,-0.6347847141584231,0.4762720819239066,-1.5472216470907432,-0.016688841906357013,-0.04844767794678689,-0.5360963105150024,-6.423920246708582,-0.17833975586059525,0.6194631872847852,0.8713677264653474,-0.2598430946078779,-0.6904344824575098,-2.3777134866503227,-0.7843072059486877,-0.1968948867192331,0.8114287000698258,-0.16051526913197675,-0.43397848018611096,0.49251160363745755,-0.9554957687746541,0.4348617593432847,-1.5128727782933453,0.9629490217923234,-0.04320245822299084,-0.766521026706085,0.3111221583108577,0.1436389467910177,0.5759935650248643,0.40090958783195496,-0.5341460102930833,-0.8714967789799787,-0.3965162515683625,-0.8617639387218553,0.22528295287088967,0.5020101427149801,-2.973501122920084,0.4239149137884139,-2.6671764840542838,0.8252077083407068,0.5164831680313177,0.26145398319000207,-1.4057099054650508,-2.762898214463558,-3.024133983592115,0.4689933485943917,0.1478701933358949,-0.3527402626868908,0.3794341109879858,-0.47841458340426596,0.02167560540447421,0.43970271873199274,-2.7292720629581377,0.7562779861869424,-1.4451535682245995,0.9693270577366437,0.19456768876225658,-1.1379109651762027,-0.4025670157505568,0.6149748492513885,-0.203974345216345,0.446634849322418,-0.5538748473862161,-0.4385962774296643,1.1764006142404833,-0.5935785678733064,-0.19629223450273617,-36.84136148790458,-0.7098431341629354,-3.493621078242207,-1.709029650037256,-0.7321801332883745,-2.04249375464739,-0.7803047572867672,-0.6805436120447818,-1.7398942087093134,-2.055833179537993,0.5888813053525955,-1.0887865062884068,-1.3823116350311968,-1.3375138962334403,-1.4977037682963563,-0.8886947965703534,-36.84136148790458,-3.0238689949007527,-1.9221781129024773,-1.9519211964078274
-1.934747384528707,-3.306090873223681,-0.5319618601863331,-2.315592088156092,0.5124597542289819,-3.9752675233744186,0.23056545197109807,-0.4913571767063083,-1.6604613122689744,0.27109278153145255,-0.7167113828446848,-0.30152471689616483,-0.5558657643903466,-2.7520579833236045,-0.8993080338146842,0.17136317638824353,0.40466438563279433,-0.45726689181053365,-1.8655656133232543,-2.292387052159,-1.3725534314580463,-3.8053532171096767,-5.312686439700531,-2.0430642037089344,1.022592780166422,-0.4885240703428917,-3.9475663637792247,-3.3447322151992505,-3.25157103948525,-2.6985514740835397,-6.609060545723198,-3.504580061362214,-1.0062236917242409,-4.397882185518081,-3.8671567748002524,-2.323559841871769,-2.458861432112822,0.027390746949241682,-2.0037674645059935,-3.6943242142849644,-0.979538472647575,-3.53845841394006,-1.9090837263524245,0.3633776518964699,-3.1836533263340687,-0.6347847141584231,0.4762720819239066,-1.5472216470907432,-0.016688841906357013,-0.04844767794678689,-0.5360963105150024,-6.423920246708582,-0.17833975586059525,0.6194631872847852,0.8713677264653474,-0.2598430946078779,-0.6904344824575098,-2.3777134866503227,-0.7843072059486877,-0.1968948867192331,0.8114287000698258,-0.16051526913197675,-0.43397848018611096,0.49251160363745755,-0.9554957687746541,0.4348617593432847,-1.5128727782933453,0.9629490217923234,-0.04320245822299084,-0.766521026706085,0.3111221583108577,0.1436389467910177,0.5759935650248643,0.40090958783195496,-0.5341460102930833,-0.8714967789799787,-0.3965162515683625,-0.8617639387218553,0.22528295287088967,0.5020101427149801,-2.973501122920084,0.4239149137884139,-2.6671764840542838,0.8252077083407068,0.5164831680313177,0.26145398319000207,-1.4057099054650508,-2.762898214463558,-3.024133983592115,0.4689933485943917,0.1478701933358949,-0.3527402626868908,0.3794341109879858,-0.47841458340426596,0.02167560540447421,0.43970271873199274,-2.7292720629581377,0.7562779861869424,-1.4451535682245995,0.9693270577366437,0.19456768876225658,-1.1379109651762027,-0.4025670157505568,0.6149748492513885,-0.203974345216345,0.446634849322418,-0.5538748473862161,-0.4385962774296643,1.1764006142404833,-0.5935785678733064,-0.19629223450273617,-36.84136148790458,-0.7098431341629354,-3.493621078242207,-1.709029650037256,-0.7321801332883745,-2.04249375464739,-0.7803047572867672,-0.6805436120447818,-1.7398942087093134,-2.055833179537993,0.5888813053525955,-1.0887865062884068,-1.3823116350311968,-1.3375138962334403,-1.4977037682963563,-0.8886947965703534,-36.84136148790458,-3.0238689949007527,-1.9221781129024773,-1.9519211964078274
-1.934747384528707,-3.306090873223681,-0.5319618601863331,-2.315592088156092,0.5124597542289819,-3.9752675233744186,0.23056545197109807,-0.4913571767063083,-1.6604613122689744,0.27109278153145255,-0.7167113828446848,-0.30152471689616483,-0.5558657643903466,-2.7520579833236045,-0.8993080338146842,0.17136317638824353,0.40466438563279433,-0.45726689181053365,-1.8655656133232543,-2.292387052159,-1.3725534314580463,-3.8053532171096767,-5.312686439700531,-2.0430642037089344,1.022592780166422,-0.4885240703428917,-3.9475663637792247,-3.3447322151992505,-3.25157103948525,-2.6985514740835397,-6.609060545723198,-3.504580061362214,-1.0062236917242409,-4.397882185518081,-3.8671567748002524,-2.323559841871769,-2.458861432112822,0.027390746949241682,-2.0037674645059935,-3.6943242142849644,-0.979538472647575,-3.53845841394006,-1.9090837263524245,0.3633776518964699,-3.1836533263340687,-0.6347847141584231,0.4762720819239066,-1.5472216470907432,-0.016688841906357013,-0.04844767794678689,-0.5360963105150024,-6.423920246708582,-0.17833975586059525,0.6194631872847852,0.8713677264653474,-0.2598430946078779,-0.6904344824575098,-2.3777134866503227,-0.7843072059486877,-0.1968948867192331,0.8114287000698258,-0.16051526913197675,-0.43397848018611096,0.49251160363745755,-0.9554957687746541,0.4348617593432847,-1.5128727782933453,0.9629490217923234,-0.04320245822299084,-0.766521026706085,0.3111221583108577,0.1436389467910177,0.5759935650248643,0.40090958783195496,-0.5341460102930833,-0.8714967789799787,-0.3965162515683625,-0.8617639387218553,0.22528295287088967,0.5020101427149801,-2.973501122920084,0.4239149137884139,-2.6671764840542838,0.8252077083407068,0.5164831680313177,0.26145398319000207,-1.4057099054650508,-2.762898214463558,-3.024133983592115,0.4689933485943917,0.1478701933358949,-0.3527402626868908,0.3794341109879858,-0.47841458340426596,0.02167560540447421,0.43970271873199274,-2.7292720629581377,0.7562779861869424,-1.4451535682245995,0.9693270577366437,0.19456768876225658,-1.1379109651762027,-0.4025670157505568,0.6149748492513885,-0.203974345216345,0.446634849322418,-0.5538748473862161,-0.4385962774296643,1.1764006142404833,-0.5935785678733064,-0.19629223450273617,-36.84136148790458,-0.7098431341629354,-3.493621078242207,-1.709029650037256,-0.7321801332883745,-2.04249375464739,-0.7803047572867672,-0.6805436120447818,-1.7398942087093134,-2.055833179537993,0.5888813053525955,-1.0887865062884068,-1.3823116350311968,-1.3375138962334403,-1.4977037682963563,-0.8886947965703534,-36.84136148790458,-3.0238689949007527,-1.9221781129024773,-1.9519211964078274
-1.934747384528707,-3.306090873223681,-0.5319618601863331,-2.315592088156092,0.5124597542289819,-3.9752675233744186,0.23056545197109807,-0.4913571767063083,-1.6604613122689744,0.27109278153145255,-0.7167113828446848,-0.30152471689616483,-0.5558657643903466,-2.7520579833236045,-0.8993080338146842,0.17136317638824353,0.40466438563279433,-0.45726689181053365,-1.8655656133232543,-2.292387052159,-1.3725534314580463,-3.8053532171096767,-5.312686439700531,-2.0430642037089344,1.022592780166422,-0.4885240703428917,-3.9475663637792247,-3.3447322151992505,-3.25157103948525,-2.6985514740835397,-6.609060545723198,-3.504580061362214,-1.0062236917242409,-4.397882185518081,-3.8671567748002524,-2.323559841871769,-2.458861432112822,0.027390746949241682,-2.0037674645059935,-3.6943242142849644,-0.979538472647575,-3.53845841394006,-1.9090837263524245,0.3633776518964699,-3.1836533263340687,-0.6347847141584231,0.4762720819239066,-1.5472216470907432,-0.016688841906357013,-0.04844767794678689,-0.5360963105150024,-6.423920246708582,-0.17833975586059525,0.6194631872847852,0.8713677264653474,-0.2598430946078779,-0.6904344824575098,-2.3777134866503227,-0.7843072059486877,-0.1968948867192331,0.8114287000698258,-0.16051526913197675,-0.43397848018611096,0.49251160363745755,-0.9554957687746541,0.4348617593432847,-1.5128727782933453,0.9629490217923234,-0.04320245822299084,-0.766521026706085,0.3111221583108577,0.1436389467910177,0.5759935650248643,0.40090958783195496,-0.5341460102930833,-0.8714967789799787,-0.3965162515683625,-0.8617639387218553,0.22528295287088967,0.5020101427149801,-2.973501122920084,0.4239149137884139,-2.6671764840542838,0.8252077083407068,0.5164831680313177,0.26145398319000207,-1.4057099054650508,-2.762898214463558,-3.024133983592115,0.4689933485943917,0.1478701933358949,-0.3527402626868908,0.3794341109879858,-0.47841458340426596,0.02167560540447421,0.43970271873199274,-2.7292720629581377,0.7562779861869424,-1.4451535682245995,0.9693270577366437,0.19456768876225658,-1.1379109651762027,-0.4025670157505568,0.6149748492513885,-0.203974345216345,0.446634849322418,-0.5538748473862161,-0.4385962774296643,1.1764006142404833,-0.5935785678733064,-0.19629223450273617,-36.84136148790458,-0.7098431341629354,-3.493621078242207,-1.709029650037256,-0.7321801332883745,-2.04249375464739,-0.7803047572867672,-0.6805436120447818,-1.7398942087093134,-2.055833179537993,0.5888813053525955,-1.0887865062884068,-1.3823116350311968,-1.3375138962334403,-1.4977037682963563,-0.8886947965703534,-36.84136148790458,-3.0238689949007527,-1.9221781129024773,-1.9519211964078274
-1.934747384528707,-3.306090873223681,-0.5319618601863331,-2.315592088156092,0.5124597542289819,-3.9752675233744186,0.23056545197109807,-0.4913571767063083,-1.6604613122689744,0.27109278153145255,-0.7167113828446848,-0.30152471689616483,-0.5558657643903466,-2.7520579833236045,-0.8993080338146842,0.17136317638824353,0.40466438563279433,-0.45726689181053365,-1.8655656133232543,-2.292387052159,-1.3725534314580463,-3.8053532171096767,-5.312686439700531,-2.0430642037089344,1.022592780166422,-0.4885240703428917,-3.9475663637792247,-3.3447322151992505,-3.25157103948525,-2.6985514740835397,-6.609060545723198,-3.504580061362214,-1.0062236917242409,-4.397882185518081,-3.8671567748002524,-2.323559841871769,-2.458861432112822,0.027390746949241682,-2.0037674645059935,-3.6943242142849644,-0.979538472647575,-3.53845841394006,-1.9090837263524245,0.3633776518964699,-3.1836533263340687,-0.6347847141584231,0.4762720819239066,-1.5472216470907432,-0.016688841906357013,-0.04844767794678689,-0.5360963105150024,-6.423920246708582,-0.17833975586059525,0.6194631872847852,0.8713677264653474,-0.2598430946078779,-0.6904344824575098,-2.3777134866503227,-0.7843072059486877,-0.1968948867192331,0.8114287000698258,-0.16051526913197675,-0.43397848018611096,0.49251160363745755,-0.9554957687746541,0.4348617593432847,-1.5128727782933453,0.9629490217923234,-0.04320245822299084,-0.766521026706085,0.3111221583108577,0.1436389467910177,0.5759935650248643,0.40090958783195496,-0.5341460102930833,-0.8714967789799787,-0.3965162515683625,-0.8617639387218553,0.22528295287088967,0.5020101427149801,-2.973501122920084,0.4239149137884139,-2.6671764840542838,0.8252077083407068,0.5164831680313177,0.26145398319000207,-1.4057099054650508,-2.762898214463558,-3.024133983592115,0.4689933485943917,0.1478701933358949,-0.3527402626868908,0.3794341109879858,-0.47841458340426596,0.02167560540447421,0.43970271873199274,-2.7292720629581377,0.7562779861869424,-1.4451535682245995,0.9693270577366437,0.19456768876225658,-1.1379109651762027,-0.4025670157505568,0.6149748492513885,-0.203974345216345,0.446634849322418,-0.5538748473862161,-0.4385962774296643,1.1764006142404833,-0.5935785678733064,-0.19629223450273617,-36.84136148790458,-0.7098431341629354,-3.493621078242207,-1.709029650037256,-0.7321801332883745,-2.04249375464739,-0.7803047572867672,-0.6805436120447818,-1.7398942087093134,-2.055833179537993,0.5888813053525955,-1.0887865062884068,-1.3823116350311968,-1.3375138962334403,-1.4977037682963563,-0.8886947965703534,-36.84136148790458,-3.0238689949007527,-1.9221781129024773,-1.9519211964078274
-2.0645672112278803,-3.659987374317652,-0.6006615179291435,-2.024379768684355,0.6207471455026488,-3.56138916354263,0.42353299602591665,-0.349672443701806,-1.421348956653414,0.4386906336126814,-0.7621736757575361,-0.1766855174927871,-0.7917704854791425,-1.9292712815104334,-0.9492823424900103,0.28541323838497773,0.41814485824521236,-0.291503403394122,-1.4133561292782413,-1.7886553563739598,-0.9788217899830275,-4.082950157251212,-5.9155278100616515,-1.95263203786265,1.0682394648108355,-0.49457730355772195,-3.302724114804424,-3.3814180159070486,-2.7046379921206234,-2.7390134922457645,-5.15419221886699,-3.3014904017943616,-0.8252601984864063,-3.532782972718391,-3.470042862235369,-2.3691145791569683,-2.119526974562166,-0.2772342654172928,-1.3637755126403877,-5.487565018952978,-1.2205490472070257,-4.140370320484239,-1.6214730188756712,0.45480537544570426,-2.585552919562048,-1.0474287340523782,0.4520938642626282,-1.2747000120703247,-0.11801654284200833,-0.3710743157063667,-0.41514948007318364,-8.334885612834332,-0.07427073245715227,0.748445821686186,0.9666623549454862,-0.2588379361413076,-0.6121843153560653,-2.276814778040642,-0.747763080741863,-0.20156093678106005,1.0565292648637101,0.03964693662897397,-0.14528314524529878,0.3761019796027697,-0.6235186636217975,0.675920148325806,-1.1903041374100642,1.1050141507799984,-0.06202033538865786,-0.5577264330196812,0.987380786739279,0.15906042125433123,0.6660112932528205,0.25492309326332235,-0.6914985364763552,-0.5091060853843145,-0.36630351434342096,-0.994811709223982,0.1331752131493244,0.6587692903046386,-3.211347044110384,0.2972672226934685,-2.4768424075924993,0.8519641678113163,0.5947247018841224,0.11578511151700151,-0.6803800138581563,-2.7279084794618975,-2.7106570102118916,0.26088638813411336,0.3271139967114841,-0.14253931039937337,0.8563179572613304,-0.5712861857215952,0.43255599138927425,0.5707430530546188,-2.8305526292383014,0.9426790777475746,-1.3375013965505609,1.1323903721040764,0.1039846818117738,-1.0257785507816097,-0.6085929066233805,0.7833327235243432,-0.17556125750211102,0.22172945596982951,-0.47852507264429983,-0.2584142735876658,1.2846720765653268,-0.518801452808919,0.3750805799978183,-3.1823887435940734,-0.1000354452205164,-3.017887223166684,-0.9653399074594883,-0.9491808302720239,-0.6719561099426568,-0.44310309331672715,0.6691189457393514,-0.7920948293152955,-1.2653391241954708,0.9334670764946993,-0.8722141815659133,-0.8177621066371058,-1.1654309770274414,0.13548771501673879,0.022418692364012744,-3.1823887435940734,-2.710683925666758,-1.3736235633822051,-1.2576996649343408
-1.8793655014639676,-1.8248814030932479,-0.5196174809909061,-1.236634183893651,0.7215348010843464,-3.879986568981049,0.4153182737465779,-0.5377815655458489,-1.2758661955659796,0.43329454481241864,-0.5939396667205391,-0.058633593997050516,-0.6799559672595944,-1.8727700234764373,-0.873418574167135,-0.42945402028858004,0.5450961796391846,-0.4226468499989357,-1.1443046143117903,-1.7301732689186438,-0.5585294549086608,-3.588779295140889,-5.471962893611755,-2.03922086077387,0.9622840321315823,-0.5167297216403862,-4.0343258488330695,-2.7502659826636338,-3.528637353690924,-2.2914296436703605,-5.551361420771278,-3.8295638468760775,-1.0480600731238883,-1.513582320042462,-1.763250784848651,-3.02170309145846,-1.8965245568708797,-0.03158635630869736,-1.6773396682750827,-3.266081945506819,-0.7205592586991099,-4.985165736102802,-1.9200677854888895,0.6012668093610359,-2.762317224882687,-0.6819929294969584,0.6661127513172365,-1.9742379041974523,-0.13166111072672193,-1.0047215369568305,-0.22989321395706636,-36.84126469967328,-0.4563717220037817,0.8123104743718118,0.6911534932155531,-1.590211107253198,-0.20010170914848358,-2.942173080561788,-0.2750863029661579,0.1942062386230202,1.3522183191745385,-0.31066166348964236,0.2507542508368396,0.3983162036194419,0.08488041044120244,0.22103250071416647,-1.1974275544525539,0.7329372257822023,-0.3960733766949861,-0.1790174123274502,1.2898783997356942,0.8597167711348709,0.1588819085743183,0.6737935489623569,-0.3888967110587375,-0.424643259632784,-1.3436379655561161,-0.3515528632580529,0.4921609029301529,0.6124585222097767,-2.613706267065831,0.8586489013501335,-2.158174864257809,1.08751783148294,0.7547755411290007,-0.3713570317320383,-0.9895003561707219,-2.3131870289123673,-2.4843555511222952,0.39530523821914865,0.26639150155477226,-0.737674042717478,0.6964171140257981,-0.46425662722701655,0.6846754634471854,0.19872105137179766,-2.6287410002304394,0.100207263697204,-1.480919930837029,0.8531473008388937,0.6216210086891328,-1.0581291613779455,-1.3694404598324943,0.6670619550400124,-0.18017937345585439,0.3360275464913031,-1.1362855726948198,-0.42664491514885433,1.4415445617545586,-0.9760822797350767,0.15691250000926207,-3.8031905174469838,0.1900121817746858,-1.7554397741085201,-0.7852570937864072,-0.9269006513416007,-0.3632401691081352,-0.7397465935825795,1.1104147219598985,-0.12267295250040684,-0.7444210777990903,0.9329455514586937,-0.31412765819599064,-0.4843735912388574,-2.308438611566315,-0.2844372937599815,-0.15456162270183169,-3.8031905174469838,-2.5531519716277593,-0.9726637705509942,-0.9974715743054015
-2.187401877670236,-0.5336022514990556,-0.4680483746605084,-1.1333086235236693,0.5448509804370248,-3.5788087988627,0.39456669942158157,-0.9899424266128082,-1.007900491658423,-0.027747373603338246,-0.49734308610812045,-0.29534448448853984,-0.7215479482870114,-2.423168844834727,-0.9654316617837787,-1.1566986207072103,0.7685892005714108,-0.4638840614732029,-0.9741343613190024,-1.8687596623680178,-0.33661566586542324,-3.964646982112722,-7.455545820269321,-2.349471111602613,0.8897353122721331,-0.5085637962324908,-4.436186037764423,-1.9411526707878115,-4.309000889962712,-2.500431980838732,-6.122310692973496,-5.003761558234325,-1.2478522167503365,-1.1230301228947388,-1.5453663673742621,-2.4741607338470177,-1.9312662428868541,0.3913840717272672,-2.269198297881349,-2.3899309241244513,-0.6876604326537277,-5.286252749854663,-2.1744353558860334,0.5377047061666546,-2.943729047386215,-0.33883317766558313,0.8380032770146415,-1.7397323685517996,-0.24133043444576638,-1.372446861508246,-0.2714829204078121,-36.84136148479307,-0.5183550744808018,0.6668486943934986,0.7034078546756296,-2.049575120443817,0.024447576616831022,-3.383318637524192,-0.3393883697702232,0.34521755898553114,1.265483611374058,-0.48712978162851084,0.3964252310639593,0.3010707886363565,0.3522624197903152,-0.9470019382583313,-0.9698822029868046,0.6784468199646858,-0.4802189471202176,-0.14225608610679435,1.2083548421049288,1.0589618731076857,-0.4262226895395802,0.848581839333384,-0.055851214050435166,-0.40296870322537703,-1.9982101504381107,-0.16438461860018197,0.6033785667683583,0.04680734309538257,-2.6533867844462367,1.0078883543522197,-2.3573116504650673,1.0287806310033518,0.9544060123531035,-0.47819466426953894,-0.7576892928645654,-2.221921221344643,-2.5337314028991154,0.6679532805454301,-0.0026501846192317218,-1.1169291649508708,0.2177104241487285,-0.2608376637071133,0.6143529038652447,-0.9103416917049901,-2.0713656489151497,-2.2153515049152674,-1.366133055864265,0.5011974177626327,0.8180631481076871,-1.1062572304536546,-1.3927835139525744,0.29210310319041505,-0.14220799657851382,0.5516057106421037,-1.3962170039218182,-0.3786804714348479,1.3788846711821767,-0.9835232219882756,-0.26427953012579547,-6.630130635565925,0.24230847767132513,-2.2646404196012493,-1.2629025991194636,-0.7437213855900303,-1.1138818857706034,-1.1233396319526585,0.7562479055988277,-0.07388869146723251,-0.4863834103679661,0.5312522613846553,-0.6065914864256848,-0.5907904376676862,-3.162624775579712,-2.521612919616585,-1.0625256602701063,-6.630130635565925,-3.120195380737515,-1.2758238856743236,-1.1287902956784812
-2.187401877670236,-0.5336022514990556,-0.4680483746605084,-1.1333086235236693,0.5448509804370248,-3.5788087988627,0.39456669942158157,-0.9899424266128082,-1.007900491658423,-0.027747373603338246,-0.49734308610812045,-0.29534448448853984,-0.7215479482870114,-2.423168844834727,-0.9654316617837787,-1.1566986207072103,0.7685892005714108,-0.4638840614732029,-0.9741343613190024,-1.8687596623680178,-0.33661566586542324,-3.964646982112722,-7.455545820269321,-2.349471111602613,0.8897353122721331,-0.5085637962324908,-4.436186037764423,-1.9411526707878115,-4.309000889962712,-2.500431980838732,-6.122310692973496,-5.003761558234325,-1.2478522167503365,-1.1230301228947388,-1.5453663673742621,-2.4741607338470177,-1.9312662428868541,0.3913840717272672,-2.269198297881349,-2.3899309241244513,-0.6876604326537277,-5.286252749854663,-2.1744353558860334,0.5377047061666546,-2.943729047386215,-0.33883317766558313,0.8380032770146415,-1.7397323685517996,-0.24133043444576638,-1.372446861508246,-0.2714829204078121,-36.84136148479307,-0.5183550744808018,0.6668486943934986,0.7034078546756296,-2.049575120443817,0.024447576616831022,-3.383318637524192,-0.3393883697702232,0.34521755898553114,1.265483611374058,-0.48712978162851084,0.3964252310639593,0.3010707886363565,0.3522624197903152,-0.9470019382583313,-0.9698822029868046,0.6784468199646858,-0.4802189471202176,-0.14225608610679435,1.2083548421049288,1.0589618731076857,-0.4262226895395802,0.848581839333384,-0.055851214050435166,-0.40296870322537703,-1.9982101504381107,-0.16438461860018197,0.6033785667683583,0.04680734309538257,-2.6533867844462367,1.0078883543522197,-2.3573116504650673,1.0287806310033518,0.9544060123531035,-0.47819466426953894,-0.7576892928645654,-2.221921221344643,-2.5337314028991154,0.6679532805454301,-0.0026501846192317218,-1.1169291649508708,0.2177104241487285,-0.2608376637071133,0.6143529038652447,-0.9103416917049901,-2.0713656489151497,-2.2153515049152674,-1.366133055864265,0.5011974177626327,0.8180631481076871,-1.1062572304536546,-1.3927835139525744,0.29210310319041505,-0.14220799657851382,0.5516057106421037,-1.3962170039218182,-0.3786804714348479,1.3788846711821767,-0.9835232219882756,-0.26427953012579547,-6.630130635565925,0.24230847767132513,-2.2646404196012493,-1.2629025991194636,-0.7437213855900303,-1.1138818857706034,-1.1233396319526585,0.7562479055988277,-0.07388869146723251,-0.4863834103679661,0.5312522613846553,-0.6065914864256848,-0.5907904376676862,-3.162624775579712,-2.521612919616585,-1.0625256602701063,-6.630130635565925,-3.120195380737515,-1.2758238856743236,-1.1287902956784812
-2.187401877670236,-0.5336022514990556,-0.4680483746605084,-1.1333086235236693,0.5448509804370248,-3.5788087988627,0.39456669942158157,-0.9899424266128082,-1.007900491658423,-0.027747373603338246,-0.49734308610812045,-0.29534448448853984,-0.7215479482870114,-2.423168844834727,-0.9654316617837787,-1.1566986207072103,0.7685892005714108,-0.4638840614732029,-0.9741343613190024,-1.8687596623680178,-0.33661566586542324,-3.964646982112722,-7.455545820269321,-2.349471111602613,0.8897353122721331,-0.5085637962324908,-4.436186037764423,-1.9411526707878115,-4.309000889962712,-2.500431980838732,-6.122310692973496,-5.003761558234325,-1.2478522167503365,-1.1230301228947388,-1.5453663673742621,-2.4741607338470177,-1.9312662428868541,0.3913840717272672,-2.269198297881349,-2.3899309241244513,-0.6876604326537277,-5.286252749854663,-2.1744353558860334,0.5377047061666546,-2.943729047386215,-0.33883317766558313,0.8380032770146415,-1.7397323685517996,-0.24133043444576638,-1.372446861508246,-0.2714829204078121,-36.84136148479307,-0.5183550744808018,0.6668486943934986,0.7034078546756296,-2.049575120443817,0.024447576616831022,-3.383318637524192,-0.3393883697702232,0.34521755898553114,1.265483611374058,-0.48712978162851084,0.3964252310639593,0.3010707886363565,0.3522624197903152,-0.9470019382583313,-0.9698822029868046,0.6784468199646858,-0.4802189471202176,-0.14225608610679435,1.2083548421049288,1.0589618731076857,-0.4262226895395802,0.848581839333384,-0.055851214050435166,-0.40296870322537703,-1.9982101504381107,-0.16438461860018197,0.6033785667683583,0.04680734309538257,-2.6533867844462367,1.0078883543522197,-2.3573116504650673,1.0287806310033518,0.9544060123531035,-0.47819466426953894,-0.7576892928645654,-2.221921221344643,-2.5337314028991154,0.6679532805454301,-0.0026501846192317218,-1.1169291649508708,0.2177104241487285,-0.2608376637071133,0.6143529038652447,-0.9103416917049901,-2.0713656489151497,-2.2153515049152674,-1.366133055864265,0.5011974177626327,0.8180631481076871,-1.1062572304536546,-1.3927835139525744,0.29210310319041505,-0.14220799657851382,0.5516057106421037,-1.3962170039218182,-0.3786804714348479,1.3788846711821767,-0.9835232219882756,-0.26427953012579547,-6.630130635565925,0.24230847767132513,-2.2646404196012493,-1.2629025991194636,-0.7437213855900303,-1.1138818857706034,-1.1233396319526585,0.7562479055988277,-0.07388869146723251,-0.4863834103679661,0.5312522613846553,-0.6065914864256848,-0.5907904376676862,-3.162624775579712,-2.521612919616585,-1.0625256602701063,-6.630130635565925,-3.120195380737515,-1.2758238856743236,-1.1287902956784812
-2.187401877670236,-0.5336022514990556,-0.4680483746605084,-1.1333086235236693,0.5448509804370248,-3.5788087988627,0.39456669942158157,-0.9899424266128082,-1.007900491658423,-0.027747373603338246,-0.49734308610812045,-0.29534448448853984,-0.7215479482870114,-2.423168844834727,-0.9654316617837787,-1.1566986207072103,0.7685892005714108,-0.4638840614732029,-0.9741343613190024,-1.8687596623680178,-0.33661566586542324,-3.964646982112722,-7.455545820269321,-2.349471111602613,0.8897353122721331,-0.5085637962324908,-4.436186037764423,-1.9411526707878115,-4.309000889962712,-2.500431980838732,-6.122310692973496,-5.003761558234325,-1.2478522167503365,-1.1230301228947388,-1.5453663673742621,-2.4741607338470177,-1.9312662428868541,0.3913840717272672,-2.269198297881349,-2.3899309241244513,-0.6876604326537277,-5.286252749854663,-2.1744353558860334,0.5377047061666546,-2.943729047386215,-0.33883317766558313,0.8380032770146415,-1.7397323685517996,-0.24133043444576638,-1.372446861508246,-0.2714829204078121,-36.84136148479307,-0.5183550744808018,0.6668486943934986,0.7034078546756296,-2.049575120443817,0.024447576616831022,-3.383318637524192,-0.3393883697702232,0.34521755898553114,1.265483611374058,-0.48712978162851084,0.3964252310639593,0.3010707886363565,0.3522624197903152,-0.9470019382583313,-0.9698822029868046,0.6784468199646858,-0.4802189471202176,-0.14225608610679435,1.2083548421049288,1.0589618731076857,-0.4262226895395802,0.848581839333384,-0.055851214050435166,-0.40296870322537703,-1.9982101504381107,-0.16438461860018197,0.6033785667683583,0.04680734309538257,-2.6533867844462367,1.0078883543522197,-2.3573116504650673,1.0287806310033518,0.9544060123531035,-0.47819466426953894,-0.7576892928645654,-2.221921221344643,-2.5337314028991154,0.6679532805454301,-0.0026501846192317218,-1.1169291649508708,0.2177104241487285,-0.2608376637071133,0.6143529038652447,-0.9103416917049901,-2.0713656489151497,-2.2153515049152674,-1.366133055864265,0.5011974177626327,0.8180631481076871,-1.1062572304536546,-1.3927835139525744,0.29210310319041505,-0.14220799657851382,0.5516057106421037,-1.3962170039218182,-0.3786804714348479,1.3788846711821767,-0.9835232219882756,-0.26427953012579547,-6.630130635565925,0.24230847767132513,-2.2646404196012493,-1.2629025991194636,-0.7437213855900303,-1.1138818857706034,-1.1233396319526585,0.7562479055988277,-0.07388869146723251,-0.4863834103679661,0.5312522613846553,-0.6065914864256848,-0.5907904376676862,-3.162624775579712,-2.521612919616585,-1.0625256602701063,-6.630130635565925,-3.120195380737515,-1.2758238856743236,-1.1287902956784812
